Generation,BestEval,FlatWeights,PercentUniqueClassesProduced,PercentOfProductionsValid
0,0.21741085619442513,0.0,0,0
1,0.2189972565167454,0.0,0,0
100,0.44722576916714896,0.0,0,0
200,0.7693117038014813,0.0,0,0
300,1.0647436484680317,0.0,0,0
400,1.3763335161202503,0.0,0,0
500,1.6083817186811133,0.0,0,0
600,1.8948689112177581,0.0,0,0
700,2.125575465008383,0.0,0,0
800,2.3995297130180115,0.0,0,0
900,2.695030369036758,0.0,0,0
1000,2.9695529649154064,0.0,0,0
1100,3.225722830757303,0.0,0,0
1200,3.468467870120233,0.0,0,0
1300,3.681020071908893,0.0,0,0
1400,3.9286303736236308,0.0,0,0
1500,4.176639188816227,0.0,0,0
1600,4.3755148214391655,0.0,0,0
1700,4.584877113813237,0.0,0,0
1800,4.829253090294589,0.0,0,0
1900,5.055251739745694,0.0,0,0
2000,5.326277535781399,0.0,0,0
2100,5.568665627007338,0.0,0,0
2200,5.833564137930024,0.0,0,0
2300,6.038837902475517,0.0,0,0
2400,6.272164102484188,0.0,0,0
2500,6.431116077271525,0.0,0,0
2600,6.6752029375052055,0.0,0,0
2700,6.94405323944942,0.0,0,0
2800,7.232061182477238,0.0,0,0
2900,7.472335349712036,0.0,0,0
3000,7.735425011826674,0.0,0,0
3100,7.918356470767705,0.0,0,0
3200,8.137181637771647,0.0,0,0
3300,8.396725838615028,0.0,0,0
3400,8.671434442167632,0.0,0,0
3500,8.852228247236429,0.0,0,0
3600,9.065757619376935,0.0,0,0
3700,9.272775284777598,0.0,0,0
3800,9.470178371595372,0.0,0,0
3900,9.709573016045903,0.0,0,0
4000,9.875744839183813,0.0,0,0
4100,10.108792205650333,0.0,0,0
4200,10.340687021227726,0.0,0,0
4300,10.579759091742178,0.0,0,0
4400,10.835903213797176,0.0,0,0
4500,11.106200135060254,0.0,0,0
4600,11.270923074818713,0.0,0,0
4700,11.48829516649228,0.0,0,0
4800,11.753867881656591,0.0,0,0
4900,11.930378638334476,0.0,0,0
5000,12.178094114901578,0.0,0,0
5100,12.390703180370785,0.0,0,0
5200,12.602782395059107,0.0,0,0
5300,12.846436075615124,0.0,0,0
5400,13.153723389445236,0.0,0,0
5500,13.423466369205293,0.0,0,0
5600,13.638712650956123,0.0,0,0
5700,13.887627827853116,0.0,0,0
5800,14.061740056823266,0.0,0,0
5900,14.372973686004713,0.0,0,0
6000,14.590196859005658,0.0,0,0
6100,14.840860315355286,0.0,0,0
6200,15.082518197604996,0.0,0,0
6300,15.265885558846378,0.0,0,0
6400,15.518111979586653,0.0,0,0
6500,15.78045752200341,0.0,0,0
6600,15.97161603029678,0.0,0,0
6700,16.25742955805334,0.0,0,0
6800,16.54072369334612,0.0,0,0
6900,16.760414180362954,0.0,0,0
7000,17.02607180097941,0.0,0,0
7100,17.223064936266667,0.0,0,0
7200,17.546452335808695,0.0,0,0
7300,17.81324615937423,0.0,0,0
7400,18.141621757896413,0.0,0,0
7500,18.435793311080598,0.0,0,0
7600,18.736139847361983,0.0,0,0
7700,19.00228450903653,0.0,0,0
7800,19.360945196600497,0.0,0,0
7900,19.67399528657466,0.0,0,0
8000,19.983905142153347,0.0,0,0
8100,20.202062208517276,0.0,0,0
8200,20.528062642519732,0.0,0,0
8300,20.896355318460934,0.0,0,0
8400,21.221909711512737,0.0,0,0
8500,21.512114936832162,0.0,0,0
8600,21.82041733343048,0.0,0,0
8700,22.045649345179577,0.0,0,0
8800,22.306361938215392,0.0,0,0
8900,22.572681264277143,0.0,0,0
9000,22.84802666493239,0.0,0,0
9100,23.086253591392953,0.0,0,0
9200,23.45264945034662,0.0,0,0
9300,23.799329560869225,0.0,0,0
9400,24.15649048121056,0.0,0,0
9500,24.43955719112524,0.0,0,0
9600,24.811809868037,0.0,0,0
9700,25.08371254550956,0.0,0,0
9800,25.429802814874005,0.0,0,0
9900,25.7351607345567,0.0,0,0
10000,26.042506547727637,0.0,0,0
10100,26.37404106878432,0.0,0,0
10200,26.714601661067064,0.0,0,0
10300,27.06023324322084,0.0,0,0
10400,27.43358976821379,0.0,0,0
10500,27.802004471337103,0.0,0,0
10600,28.09418349677236,0.0,0,0
10700,28.391155160924225,0.0,0,0
10800,28.75882115833322,0.0,0,0
10900,29.15458026941217,0.0,0,0
11000,29.39877211926894,0.0,0,0
11100,29.63568975867956,0.0,0,0
11200,29.921395133057793,0.0,0,0
11300,30.389172116757564,0.0,0,0
11400,30.675364923327276,0.0,0,0
11500,31.093608968084276,0.0,0,0
11600,31.50761120755504,0.0,0,0
11700,31.876643487360628,0.0,0,0
11800,32.227195704917456,0.0,0,0
11900,32.51056865673969,0.0,0,0
12000,32.80694020959138,0.0,0,0
12100,33.16074012012107,0.0,0,0
12200,33.6151289504265,0.0,0,0
12300,33.96066524407012,0.0,0,0
12400,34.24395242943883,0.0,0,0
12500,34.67001314804214,0.0,0,0
12600,35.00699243506546,0.0,0,0
12700,35.49056735329275,0.0,0,0
12800,35.762205566786704,0.0,0,0
12900,36.22143443092643,0.0,0,0
13000,36.55970249768364,0.0,0,0
13100,36.918205911725515,0.0,0,0
13200,37.514636053831346,0.0,0,0
13300,37.95515824891336,0.0,0,0
13400,38.39333120571515,0.0,0,0
13500,38.78012944498904,0.0,0,0
13600,39.21566562482719,0.0,0,0
13700,39.69708261779306,0.0,0,0
13800,40.24615120125096,0.0,0,0
13900,40.771323405049785,0.0,0,0
14000,41.320537672902574,0.0,0,0
14100,41.8398972766467,0.0,0,0
14200,42.34258959503346,0.0,0,0
14300,42.624603723426254,0.0,0,0
14400,43.0145263934419,0.0,0,0
14500,43.542562176786,0.0,0,0
14600,44.02485350604648,0.0,0,0
14700,44.44998963948888,0.0,0,0
14800,44.857723900841066,0.0,0,0
14900,45.358597663697395,0.0,0,0
15000,45.658187644932134,0.0,0,0
15100,46.25047497894404,0.0,0,0
15200,46.740468502253094,0.0,0,0
15300,47.31709415975769,0.0,0,0
15400,47.83937036817791,0.0,0,0
15500,48.31261825022991,0.0,0,0
15600,48.95243921140026,0.0,0,0
15700,49.73805862243846,0.0,0,0
15800,50.40815361286624,0.0,0,0
15900,50.90344555080717,0.0,0,0
16000,51.3285023442952,0.0,0,0
16100,52.019856807820375,0.0,0,0
16200,52.595779757330405,0.0,0,0
16300,53.17383627109099,0.0,0,0
16400,53.64691026653942,0.0,0,0
16500,54.252209021180704,0.0,0,0
16600,54.99825233976269,0.0,0,0
16700,55.578098988439,0.0,0,0
16800,56.237613915789666,0.0,0,0
16900,56.78043699154655,0.0,0,0
17000,57.307699853174356,0.0,0,0
17100,57.89320463516652,0.0,0,0
17200,58.65306683325248,0.0,0,0
17300,59.229787771013434,0.0,0,0
17400,59.97542970604596,0.0,0,0
17500,60.630387232466354,0.0,0,0
17600,61.214542012583685,0.0,0,0
17700,61.757927167701006,0.0,0,0
17800,62.359138199183555,0.0,0,0
17900,63.09046669153759,0.0,0,0
18000,63.931547091693126,0.0,0,0
18100,64.57511281199022,0.0,0,0
18200,65.21204932207212,0.0,0,0
18300,65.80220642246577,0.0,0,0
18400,66.29820011541067,0.0,0,0
18500,66.99950109324216,0.0,0,0
18600,67.78208751524402,0.0,0,0
18700,68.56635935732128,0.0,0,0
18800,69.20859349718121,0.0,0,0
18900,69.85914109895285,0.0,0,0
19000,70.88665203634551,0.0,0,0
19100,71.4478176948176,0.0,0,0
19200,72.28818169684315,0.0,0,0
19300,73.10050708985509,0.0,0,0
19400,73.71789755564664,0.0,0,0
19500,74.35390046258823,0.0,0,0
19600,75.07383179262648,0.0,0.0625,0.015625
19700,75.7509263856267,0.0,0,0
19800,76.60011250587371,0.0,0.0625,0.015625
19900,77.17692056023763,0.0,0,0
20000,77.76379408257664,0.0,0.0625,0.015625
20100,78.53195521149452,0.0,0,0
20200,79.31811259059408,0.0,0,0
20300,80.07402914449334,0.0,0,0
20400,80.73991240952401,0.0,0,0
20500,81.59301279072747,0.0,0.0625,0.03125
20600,82.12273079587335,0.0,0,0
20700,82.9730157142443,0.0,0,0
20800,83.77985504420135,0.0,0,0
20900,84.6422422292587,0.0,0,0
21000,85.40436165737563,0.0,0,0
21100,86.1487277081276,0.0,0,0
21200,86.66439679329996,0.0,0,0
21300,87.42572075783215,0.0,0,0
21400,88.29334293508028,0.0,0,0
21500,89.14506519052439,0.0,0.0625,0.015625
21600,89.81686397913445,0.0,0,0
21700,90.61453577071453,0.0,0,0
21800,91.675218903229,0.0,0,0
21900,92.24612936779582,0.0,0.0625,0.015625
22000,93.36728997700241,0.0,0,0
22100,94.35081807246723,0.0,0,0
22200,95.30877828304102,0.0,0,0
22300,96.42501637918087,0.0,0,0
22400,97.25967904451625,0.0,0,0
22500,98.22815595404549,0.0,0,0
22600,98.94632535685824,0.0,0,0
22700,99.802471517416,0.0,0.0625,0.046875
22800,100.97413680340802,0.0,0,0
22900,101.96888430283357,0.0,0.0625,0.03125
23000,102.57417780149586,0.0,0,0
23100,103.34522145001279,0.0,0,0
23200,104.28863007265386,0.0,0.0625,0.015625
23300,105.2555208311924,0.0,0.0625,0.015625
23400,106.02076427513796,0.0,0.0625,0.015625
23500,106.59016905471884,0.0,0.0625,0.015625
23600,107.34862623314278,0.0,0.0625,0.03125
23700,108.05654319372238,0.0,0.0625,0.015625
23800,109.10108485465481,0.0,0.0625,0.015625
23900,110.14419067747792,0.0,0.0625,0.015625
24000,110.95145742034069,0.0,0.0625,0.015625
24100,111.9018652738056,0.0,0,0
24200,113.20880722267788,0.0,0.0625,0.03125
24300,114.24011311018808,0.0,0.0625,0.046875
24400,115.09286688638184,0.0,0,0
24500,115.98771142051818,0.0,0,0
24600,117.02781637575124,0.0,0.0625,0.03125
24700,118.11083810634491,0.0,0.0625,0.03125
24800,119.26766714982485,0.0,0.0625,0.015625
24900,120.09041041104634,0.0,0.0625,0.0625
25000,62.38498152525354,0.0,0.0625,0.0625
25100,63.024000285511455,0.0,0.0625,0.109375
25200,63.63976148518926,0.0,0.0625,0.078125
25300,64.37214037291004,0.0,0.0625,0.015625
25400,64.92393873722546,0.0,0.0625,0.03125
25500,65.44976939524973,0.0,0.0625,0.015625
25600,66.1401600833634,0.0,0,0
25700,66.92555835133787,0.0,0.0625,0.046875
25800,67.58749119370907,0.0,0.0625,0.078125
25900,68.1482545629887,0.0,0.0625,0.078125
26000,68.71338663178841,0.0,0.0625,0.03125
26100,69.36674114885075,0.0,0.0625,0.03125
26200,70.1067867395226,0.0,0.0625,0.046875
26300,70.80518054613555,0.0,0.0625,0.046875
26400,71.56391624795727,0.0,0.0625,0.03125
26500,72.09697422028924,0.0,0.0625,0.078125
26600,72.94100321044857,0.0,0.0625,0.125
26700,73.75938380575597,0.0,0.0625,0.09375
26800,74.4607654727031,0.0,0.0625,0.03125
26900,75.11178456792545,0.0,0.0625,0.09375
27000,75.72272777347695,0.0,0.0625,0.125
27100,76.29521591401348,0.0,0.0625,0.046875
27200,76.77065389832104,0.0,0.0625,0.046875
27300,77.40628740163663,0.0,0.0625,0.015625
27400,78.32218874387338,0.0,0.0625,0.046875
27500,79.01553607695779,0.0,0.0625,0.0625
27600,79.83556746149004,0.0,0.0625,0.046875
27700,80.74965099730645,0.0,0.0625,0.046875
27800,81.29007889367749,0.0,0.0625,0.140625
27900,81.91244844092844,0.0,0.0625,0.125
28000,82.48613430030628,0.0,0.0625,0.078125
28100,83.45822197548706,0.0,0.0625,0.078125
28200,84.2593841972823,0.0,0.0625,0.015625
28300,84.89110870014625,0.0,0.0625,0.078125
28400,85.45754781526583,0.0,0.0625,0.046875
28500,86.25666137104461,0.0,0.0625,0.140625
28600,87.00823666191954,0.0,0.0625,0.0625
28700,87.99220913081562,0.0,0.0625,0.109375
28800,88.88944157836202,0.0,0.0625,0.09375
28900,89.48684605797264,0.0,0.0625,0.078125
29000,90.23306225356443,0.0,0.0625,0.109375
29100,90.97351724491023,0.0,0.0625,0.09375
29200,91.73116524171876,0.0,0.0625,0.03125
29300,92.5010019394784,0.0,0.0625,0.09375
29400,93.09067042797551,0.0,0.0625,0.046875
29500,93.82178956961211,0.0,0.0625,0.046875
29600,94.64371809585496,0.0,0.0625,0.109375
29700,95.46124773659768,0.0,0.0625,0.125
29800,96.31035751754851,0.0,0.0625,0.078125
29900,97.183648529109,0.0,0.0625,0.09375
30000,97.86998764672526,0.0,0.0625,0.046875
30100,98.45824771280284,0.0,0.0625,0.078125
30200,99.17186114430856,0.0,0.0625,0.0625
30300,99.94783760336381,0.0,0.0625,0.125
30400,100.75845261327636,0.0,0.0625,0.15625
30500,101.44869447265432,0.0,0.0625,0.0625
30600,102.34199593008469,0.0,0.0625,0.140625
30700,103.00097780917301,0.0,0.0625,0.109375
30800,103.91726902721486,0.0,0.0625,0.078125
30900,105.08317638663581,0.0,0.0625,0.078125
31000,105.75798319441519,0.0,0.0625,0.09375
31100,106.6855185560106,0.0,0.0625,0.0625
31200,107.41632718487426,0.0,0.0625,0.078125
31300,108.214334237626,0.0,0.0625,0.15625
31400,108.8681087918823,0.0,0.0625,0.078125
31500,109.49070891948874,0.0,0.0625,0.125
31600,110.28502303143408,0.0,0.0625,0.140625
31700,111.14298851110479,0.0,0.0625,0.09375
31800,111.85451556595488,0.0,0.0625,0.09375
31900,112.75123389905423,0.0,0.0625,0.171875
32000,113.45893161585852,0.0,0.0625,0.15625
32100,114.36094819177956,0.0,0.0625,0.109375
32200,114.96327966768551,0.0,0.0625,0.046875
32300,115.54634691675398,0.0,0.0625,0.140625
32400,116.18813035028724,0.0,0.0625,0.078125
32500,116.76573537930544,0.0,0.0625,0.125
32600,117.43700968456925,0.0,0.0625,0.15625
32700,118.2437379712544,0.0,0.0625,0.078125
32800,119.19828633878531,0.0,0.0625,0.09375
32900,119.9452744398104,0.0,0.0625,0.15625
33000,120.6878881650413,0.0,0.0625,0.09375
33100,121.33470780149882,0.0,0.0625,0.09375
33200,122.19650514317364,0.0,0.0625,0.09375
33300,122.7758120009219,0.0,0.0625,0.09375
33400,123.83567727829333,0.0,0.0625,0.078125
33500,124.49856575246942,0.0,0.0625,0.03125
33600,125.42764614037026,0.0,0.0625,0.046875
33700,126.49309475939233,0.0,0.0625,0.078125
33800,127.47090869200389,0.0,0.0625,0.0625
33900,128.45429535749471,0.0,0.0625,0.125
34000,129.07700355868505,0.0,0.0625,0.0625
34100,130.14752982162744,0.0,0.0625,0.15625
34200,130.9414095719657,0.0,0.0625,0.0625
34300,131.68552410691214,0.0,0.0625,0.109375
34400,132.5665362643055,0.0,0.0625,0.109375
34500,133.39591208402453,0.0,0.0625,0.109375
34600,134.53705271497438,0.0,0.0625,0.125
34700,135.28411208414235,0.0,0.0625,0.09375
34800,136.18960151325416,0.0,0.0625,0.046875
34900,137.0433897820648,0.0,0.0625,0.078125
35000,137.93141151996943,0.0,0.0625,0.140625
35100,138.60576199109258,0.0,0.0625,0.1875
35200,139.51745660616146,0.0,0.0625,0.046875
35300,140.27549751331776,0.0,0.0625,0.09375
35400,141.10466344205193,0.0,0.0625,0.140625
35500,141.9908332677706,0.0,0.0625,0.046875
35600,142.79359351946871,0.0,0.0625,0.171875
35700,143.4631000943225,0.0,0.0625,0.125
35800,144.1579142286395,0.0,0.0625,0.03125
35900,145.103848224255,0.0,0.0625,0.078125
36000,145.76243784082382,0.0,0.0625,0.171875
36100,146.5913576939797,0.0,0.0625,0.15625
36200,147.4616694797606,0.0,0.0625,0.046875
36300,148.0963168910441,0.0,0.0625,0.109375
36400,148.8717455286249,0.0,0.0625,0.078125
36500,150.07067349744486,0.0,0.0625,0.171875
36600,150.9352110429321,0.0,0.0625,0.109375
36700,151.74962419582295,0.0,0.0625,0.078125
36800,152.47016811606866,0.0,0.0625,0.078125
36900,153.175607994512,0.0,0.0625,0.09375
37000,154.01254773959013,0.0,0.0625,0.078125
37100,154.8233630708232,0.0,0.0625,0.109375
37200,155.84958305252337,0.0,0.0625,0.125
37300,156.3869819080576,0.0,0.0625,0.046875
37400,156.9604585446387,0.0,0.0625,0.046875
37500,157.52429981587505,0.0,0.0625,0.0625
37600,158.31741574937865,0.0,0.0625,0.015625
37700,159.3970113949046,0.0,0.0625,0.125
37800,160.22263931167797,0.0,0.0625,0.09375
37900,161.3523763313259,0.0,0.0625,0.09375
38000,162.35679395447065,0.0,0.0625,0.078125
38100,163.1593981562065,0.0,0.0625,0.15625
38200,163.7674649312367,0.0,0.0625,0.0625
38300,164.5870618413601,0.0,0.0625,0.109375
38400,165.47942548931508,0.0,0.0625,0.109375
38500,166.55366643044,0.0,0.0625,0.03125
38600,167.1178700858369,0.0,0.0625,0.109375
38700,167.74098122485893,0.0,0.0625,0.046875
38800,168.5207592744549,0.0,0.0625,0.09375
38900,169.4376537177618,0.0,0.0625,0.078125
39000,169.91521733154173,0.0,0.0625,0.09375
39100,170.55846370709872,0.0,0.0625,0.078125
39200,171.61060942060527,0.0,0.0625,0.0625
39300,172.40932838224438,0.0,0.0625,0.0625
39400,173.35884880952412,0.0,0.0625,0.046875
39500,174.1261942130337,0.0,0.0625,0.03125
39600,174.9054036984729,0.0,0.0625,0.046875
39700,175.57395741597549,0.0,0.0625,0.15625
39800,176.23376868671386,0.0,0.0625,0.09375
39900,176.86037303830284,0.0,0.0625,0.015625
40000,177.57315216229338,0.0,0.0625,0.09375
40100,178.4229771145981,0.0,0.0625,0.109375
40200,179.3582673902713,0.0,0.0625,0.09375
40300,180.109394864933,0.0,0.0625,0.046875
40400,180.8476377428231,0.0,0.0625,0.109375
40500,181.6260205252007,0.0,0.0625,0.0625
40600,182.18020312326718,0.0,0.0625,0.0625
40700,183.00714289612336,0.0,0.0625,0.078125
40800,183.7462567697499,0.0,0.0625,0.09375
40900,184.83156286098188,0.0,0.0625,0.078125
41000,185.4497280456267,0.0,0.0625,0.046875
41100,186.27319146546077,0.0,0.0625,0.078125
41200,186.90331302599046,0.0,0.0625,0.078125
41300,187.6662447661628,0.0,0.0625,0.109375
41400,188.4138927716036,0.0,0.0625,0.03125
41500,188.8500399353513,0.0,0.0625,0.0625
41600,189.5562603145604,0.0,0.0625,0.015625
41700,190.3482113892717,0.0,0.0625,0.046875
41800,191.03619844785197,0.0,0.0625,0.09375
41900,191.8568660395622,0.0,0.0625,0.0625
42000,192.50871142826742,0.0,0.0625,0.09375
42100,193.0831751438044,0.0,0.0625,0.046875
42200,193.9678182743703,0.0,0.0625,0.0625
42300,194.6028277339747,0.0,0.0625,0.078125
42400,195.2344246361523,0.0,0.0625,0.0625
42500,195.95131942794637,0.0,0.0625,0.046875
42600,196.70357321146727,0.0,0.0625,0.046875
42700,197.4104418259484,0.0,0.0625,0.0625
42800,198.14200405421732,0.0,0.0625,0.015625
42900,198.43791765885942,0.0,0.0625,0.0625
43000,199.01555352751234,0.0,0.0625,0.046875
43100,199.70804245385852,0.0,0.0625,0.078125
43200,200.35958550473939,0.0,0.0625,0.09375
43300,200.9599194974383,0.0,0.0625,0.046875
43400,201.72334841060893,0.0,0.0625,0.03125
43500,202.49018092708184,0.0,0.0625,0.0625
43600,203.23532668147882,0.0,0.0625,0.046875
43700,203.90124013055973,0.0,0.0625,0.03125
43800,204.44070840932804,0.0,0.0625,0.03125
43900,205.2338753802111,0.0,0.0625,0.0625
44000,205.9283416876483,0.0,0.0625,0.03125
44100,206.4512070996082,0.0,0.0625,0.03125
44200,207.1464874535401,0.0,0,0
44300,207.7978536256763,0.0,0.0625,0.0625
44400,208.444561930508,0.0,0.0625,0.03125
44500,209.40095944644557,0.0,0.0625,0.015625
44600,210.0636129001643,0.0,0,0
44700,210.74076232430693,0.0,0.0625,0.015625
44800,211.3519136730627,0.0,0,0
44900,212.1329872241021,0.0,0,0
45000,212.66826436573666,0.0,0.0625,0.03125
45100,213.35657373308632,0.0,0.0625,0.03125
45200,214.23148622805974,0.0,0.0625,0.015625
45300,214.76108203568523,0.0,0.0625,0.015625
45400,215.26523673457694,0.0,0,0
45500,215.9922330489055,0.0,0.0625,0.046875
45600,216.84030740959716,0.0,0.0625,0.046875
45700,217.4065346414662,0.0,0.0625,0.015625
45800,217.93546432001997,0.0,0.0625,0.015625
45900,218.6191279616959,0.0,0,0
46000,219.416328161866,0.0,0.0625,0.03125
46100,220.1654770981517,0.0,0.0625,0.015625
46200,220.85786658823636,0.0,0.0625,0.015625
46300,221.4679775687881,0.0,0.0625,0.015625
46400,221.98256852797505,0.0,0,0
46500,222.7517226081696,0.0,0.0625,0.015625
46600,223.35636096582897,0.0,0.0625,0.046875
46700,223.9448644654548,0.0,0.0625,0.015625
46800,224.5652015774145,0.0,0.0625,0.015625
46900,225.28639761664215,0.0,0,0
47000,225.8201495370769,0.0,0.0625,0.015625
47100,226.3978094021919,0.0,0.0625,0.015625
47200,226.99520458465585,0.0,0.0625,0.015625
47300,227.60704472548917,0.0,0.0625,0.015625
47400,228.07168656193605,0.0,0,0
47500,228.61112395093673,0.0,0,0
47600,229.35439835116765,0.0,0,0
47700,230.087178565653,0.0,0.0625,0.015625
47800,230.47052396520976,0.0,0,0
47900,231.0213686486871,0.0,0.0625,0.015625
48000,231.90122391741363,0.0,0,0
48100,232.40337049472103,0.0,0,0
48200,233.042196396367,0.0,0,0
48300,233.69421330437706,0.0,0,0
48400,234.3194069441608,0.0,0,0
48500,234.8556100459104,0.0,0.0625,0.015625
48600,235.3588432916871,0.0,0.0625,0.015625
48700,235.97885219178463,0.0,0,0
48800,236.57599378145198,0.0,0,0
48900,237.2281767937797,0.0,0,0
49000,238.07447694997404,0.0,0,0
49100,238.73860452283446,0.0,0,0
49200,239.32243758203828,0.0,0,0
49300,239.87307772378298,0.0,0,0
49400,240.61362022817414,0.0,0,0
49500,241.27924970140688,0.0,0,0
49600,241.78588019908202,0.0,0,0
49700,242.38427397457298,0.0,0,0
49800,242.91058134064508,0.0,0,0
49900,243.50293127248244,0.0,0,0
50000,177.62839321451332,0.0,0,0
50100,178.32643112787358,0.0,0,0
50200,179.04478427607552,0.0,0,0
50300,179.7095333276187,0.0,0,0
50400,180.06782795949482,0.0,0,0
50500,180.5763084771317,0.0,0,0
50600,181.0588214031344,0.0,0,0
50700,181.5270212759472,0.0,0,0
50800,182.3430751638557,0.0,0,0
50900,183.05812595358833,0.0,0,0
51000,183.81048441406912,0.0,0,0
51100,184.52417789148424,0.0,0,0
51200,185.4900800361248,0.0,0,0
51300,186.0582420893589,0.0,0,0
51400,186.61394994037383,0.0,0,0
51500,187.33312063889463,0.0,0,0
51600,187.92399239516553,0.0,0,0
51700,188.6490174942122,0.0,0,0
51800,189.3244791609096,0.0,0,0
51900,190.28103044948665,0.0,0,0
52000,190.58487264748163,0.0,0,0
52100,191.10908140602191,0.0,0,0
52200,191.6939573134287,0.0,0,0
52300,192.2521262437152,0.0,0,0
52400,193.05513940542062,0.0,0,0
52500,193.68013809378246,0.0,0.0625,0.015625
52600,194.2532334519914,0.0,0,0
52700,195.08723223228301,0.0,0,0
52800,195.72761167892386,0.0,0,0
52900,196.4470105932726,0.0,0,0
53000,197.06836829766513,0.0,0,0
53100,197.51123313904228,0.0,0,0
53200,198.24557350331256,0.0,0,0
53300,198.79489052296822,0.0,0,0
53400,199.6059789472166,0.0,0,0
53500,200.18795599750788,0.0,0,0
53600,200.6333661110552,0.0,0,0
53700,201.2895250468403,0.0,0,0
53800,201.96718733319122,0.0,0,0
53900,202.40928524140034,0.0,0,0
54000,202.89411045240465,0.0,0,0
54100,203.387942147623,0.0,0,0
54200,204.06605406613528,0.0,0,0
54300,204.73344165298042,0.0,0,0
54400,205.4977343053381,0.0,0,0
54500,205.9844812457329,0.0,0,0
54600,206.71711553890026,0.0,0,0
54700,207.6178647082081,0.0,0,0
54800,208.33174530365883,0.0,0,0
54900,208.82558826752555,0.0,0,0
55000,209.5572856085823,0.0,0,0
55100,210.05485182240494,0.0,0,0
55200,210.5058819579279,0.0,0,0
55300,211.01646282700298,0.0,0,0
55400,211.5432925175029,0.0,0,0
55500,212.1716684919481,0.0,0,0
55600,212.9160906751412,0.0,0,0
55700,213.3104501450608,0.0,0,0
55800,213.91391310524185,0.0,0,0
55900,214.5340512649285,0.0,0,0
56000,215.15038109553223,0.0,0,0
56100,215.78524475242958,0.0,0,0
56200,216.381794946111,0.0,0,0
56300,216.87410690034008,0.0,0,0
56400,217.61832772550315,0.0,0,0
56500,218.5035804438201,0.0,0,0
56600,219.15344545931046,0.0,0,0
56700,219.63638388235478,0.0,0,0
56800,220.22662684888456,0.0,0,0
56900,220.8856651051157,0.0,0,0
57000,221.47421946777317,0.0,0,0
57100,222.1536727977957,0.0,0,0
57200,222.5545729135193,0.0,0,0
57300,223.25485334544544,0.0,0,0
57400,224.18064738573057,0.0,0,0
57500,224.75699935326418,0.0,0,0
57600,225.26813066542437,0.0,0,0
57700,226.0524078803598,0.0,0,0
57800,226.65198186835445,0.0,0,0
57900,227.3329918257404,0.0,0,0
58000,227.9292656504932,0.0,0,0
58100,228.24961773069174,0.0,0,0
58200,228.64505038033676,0.0,0,0
58300,229.3044653938289,0.0,0,0
58400,229.74581258403057,0.0,0,0
58500,230.30721651103494,0.0,0,0
58600,230.87108768433166,0.0,0,0
58700,231.46874870309873,0.0,0,0
58800,231.98878463421514,0.0,0,0
58900,232.52584531284197,0.0,0,0
59000,232.9492389878267,0.0,0,0
59100,233.53961925801903,0.0,0,0
59200,234.06181739588519,0.0,0,0
59300,234.77114841736258,0.0,0,0
59400,235.48281819536447,0.0,0,0
59500,236.05352594383058,0.0,0,0
59600,236.66023376871766,0.0,0,0
59700,237.13714384556764,0.0,0,0
59800,237.6076795211551,0.0,0,0
59900,238.1700238651782,0.0,0.0625,0.015625
60000,238.74881320156211,0.0,0.0625,0.015625
60100,239.29770312058685,0.0,0,0
60200,239.75194677261192,0.0,0,0
60300,240.39107548009264,0.0,0,0
60400,240.94011109223624,0.0,0,0
60500,241.36701789172847,0.0,0,0
60600,241.8327225173022,0.0,0,0
60700,242.41797747995204,0.0,0,0
60800,242.96405941480143,0.0,0,0
60900,243.4380437925402,0.0,0,0
61000,243.8553270495691,0.0,0.0625,0.03125
61100,244.24825880855258,0.0,0,0
61200,244.8728092662955,0.0,0,0
61300,245.79915394256943,0.0,0,0
61400,246.2620170506714,0.0,0.0625,0.015625
61500,246.8694583604102,0.0,0.0625,0.046875
61600,247.4554589994303,0.0,0,0
61700,247.82649853742,0.0,0.0625,0.046875
61800,248.40174756666914,0.0,0.0625,0.015625
61900,249.10968394936017,0.0,0,0
62000,249.65698311799736,0.0,0,0
62100,250.18139068051337,0.0,0.0625,0.03125
62200,250.53167082816853,0.0,0.0625,0.03125
62300,251.02070737511588,0.0,0.0625,0.046875
62400,251.47752457943037,0.0,0.0625,0.078125
62500,251.8622058871376,0.0,0.0625,0.0625
62600,252.3126370436874,0.0,0.0625,0.03125
62700,252.91803053181732,0.0,0.0625,0.015625
62800,253.431173307857,0.0,0.0625,0.046875
62900,253.9863679019213,0.0,0.0625,0.0625
63000,254.3020884588185,0.0,0.0625,0.046875
63100,254.64457270060635,0.0,0.0625,0.109375
63200,255.08765689422265,0.0,0.0625,0.046875
63300,255.71454614946265,0.0,0.0625,0.046875
63400,256.04836578567927,0.0,0.0625,0.015625
63500,256.52749342185115,0.0,0.0625,0.0625
63600,256.9683291095783,0.0,0.0625,0.078125
63700,257.31356207823825,0.0,0.0625,0.0625
63800,257.9134196744651,0.0,0.0625,0.078125
63900,258.4298262358309,0.0,0.0625,0.078125
64000,259.0415359669671,0.0,0.0625,0.1875
64100,259.60797515266836,0.0,0.0625,0.078125
64200,260.1821328581216,0.0,0.0625,0.125
64300,260.69682967176306,0.0,0.0625,0.203125
64400,261.2004367615099,0.0,0.0625,0.203125
64500,261.54805464447304,0.0,0.0625,0.203125
64600,261.8779758763433,0.0,0.0625,0.1875
64700,262.70107390450863,0.0,0.0625,0.296875
64800,263.2086340894941,0.0,0.0625,0.171875
64900,263.7609575826913,0.0,0.0625,0.15625
65000,264.24670319429725,0.0,0.0625,0.1875
65100,264.7740895232542,0.0,0.0625,0.28125
65200,265.10732109403153,0.0,0.0625,0.234375
65300,265.5018055003729,0.0,0.0625,0.328125
65400,265.9148123896636,0.0,0.0625,0.171875
65500,266.24100868094416,0.0,0.0625,0.21875
65600,266.7027678924022,0.0,0.0625,0.21875
65700,267.14303693027153,0.0,0.0625,0.234375
65800,267.35709730183925,0.0,0.0625,0.25
65900,267.9039222460063,0.0,0.0625,0.25
66000,268.3586179025329,0.0,0.0625,0.265625
66100,269.0305155808349,0.0,0.0625,0.28125
66200,269.4322886649341,0.0,0.0625,0.21875
66300,270.0125156107696,0.0,0.0625,0.328125
66400,270.49160551970533,0.0,0.0625,0.265625
66500,270.78362029088976,0.0,0.0625,0.359375
66600,271.2997836358248,0.0,0.0625,0.25
66700,271.7550191892789,0.0,0.0625,0.484375
66800,272.15025927677806,0.0,0.0625,0.375
66900,272.6634022168479,0.0,0.0625,0.390625
67000,273.0731047096451,0.0,0.0625,0.359375
67100,273.58780275028755,0.0,0.0625,0.265625
67200,273.86501086208824,0.0,0.0625,0.5
67300,274.4264325320778,0.0,0.0625,0.4375
67400,274.7927603609258,0.0,0.0625,0.46875
67500,275.05770425063184,0.0,0.0625,0.5
67600,275.4521373975508,0.0,0.0625,0.359375
67700,275.97686282853493,0.0,0.0625,0.390625
67800,276.39163657100613,0.0,0.0625,0.484375
67900,276.8164654438484,0.0,0.0625,0.4375
68000,277.33985321737026,0.0,0.0625,0.390625
68100,277.8196349545298,0.0,0.0625,0.40625
68200,278.19760597352433,0.0,0.0625,0.484375
68300,278.6317297199775,0.0,0.0625,0.359375
68400,279.2093611409661,0.0,0.0625,0.453125
68500,279.6619484493179,0.0,0.0625,0.46875
68600,280.1016955372685,0.0,0.0625,0.453125
68700,280.76392988748023,0.0,0.0625,0.4375
68800,281.2497339541899,0.0,0.0625,0.484375
68900,281.6859309136546,0.0,0.0625,0.46875
69000,282.20377045052646,0.0,0.0625,0.4375
69100,282.5894126649348,0.0,0.0625,0.390625
69200,283.2962764524204,0.0,0.0625,0.59375
69300,283.5546835294571,0.0,0.0625,0.515625
69400,284.15572921264453,0.0,0.0625,0.5
69500,284.65484896737803,0.0,0.0625,0.640625
69600,285.07108102007413,0.0,0.0625,0.484375
69700,285.5232192711439,0.0,0.0625,0.59375
69800,285.97395722213116,0.0,0.0625,0.515625
69900,286.5688198453493,0.0,0.0625,0.53125
70000,287.0464981795345,0.0,0.0625,0.546875
70100,287.4317694658071,0.0,0.0625,0.5625
70200,287.86983516213303,0.0,0.0625,0.421875
70300,288.3562626625886,0.0,0.0625,0.359375
70400,288.74321426521624,0.0,0.0625,0.46875
70500,289.1599206035691,0.0,0.0625,0.390625
70600,289.61057186836035,0.0,0.0625,0.5
70700,289.98724095772576,0.0,0.0625,0.515625
70800,290.23105753511976,0.0,0.0625,0.515625
70900,290.7860599308143,0.0,0.0625,0.46875
71000,291.1550828506159,0.0,0.0625,0.5625
71100,291.8115168690218,0.0,0.0625,0.578125
71200,292.23046934819666,0.0,0.0625,0.578125
71300,292.6823025650584,0.0,0.0625,0.5
71400,293.21565311054513,0.0,0.0625,0.578125
71500,293.70867005464896,0.0,0.0625,0.59375
71600,294.26674428012876,0.0,0.0625,0.5625
71700,294.510438546912,0.0,0.0625,0.5625
71800,294.89936489217996,0.0,0.0625,0.53125
71900,295.2582960148976,0.0,0.0625,0.5
72000,295.67634295552114,0.0,0.0625,0.59375
72100,296.07992630530515,0.0,0.0625,0.59375
72200,296.5158162725911,0.0,0.0625,0.53125
72300,296.89210347348717,0.0,0.0625,0.71875
72400,297.37064728399935,0.0,0.0625,0.609375
72500,297.8173301555923,0.0,0.0625,0.640625
72600,298.34940859325883,0.0,0.0625,0.578125
72700,298.6890290165012,0.0,0.0625,0.6875
72800,299.22027560181044,0.0,0.0625,0.625
72900,299.7809773937716,0.0,0.0625,0.5625
73000,300.24773100772563,0.0,0.0625,0.484375
73100,300.74178983131736,0.0,0.0625,0.71875
73200,301.1276675960499,0.0,0.0625,0.625
73300,301.5137311421196,0.0,0.0625,0.609375
73400,301.89083635742696,0.0,0.0625,0.65625
73500,302.40078391504505,0.0,0.0625,0.546875
73600,302.865829389437,0.0,0.0625,0.59375
73700,303.2719318573481,0.0,0.0625,0.640625
73800,303.7354534248683,0.0,0.0625,0.59375
73900,304.32367559232557,0.0,0.0625,0.5625
74000,304.72136229825986,0.0,0.0625,0.578125
74100,305.08552516298545,0.0,0.0625,0.609375
74200,305.6346006426496,0.0,0.0625,0.5625
74300,306.0970679787576,0.0,0.0625,0.546875
74400,306.57764071840415,0.0,0.0625,0.734375
74500,306.9439927310572,0.0,0.0625,0.53125
74600,307.4316201793797,0.0,0.0625,0.609375
74700,307.82444549937964,0.0,0.0625,0.59375
74800,308.15894712517184,0.0,0.0625,0.671875
74900,308.4195628101196,0.0,0.0625,0.515625
75000,124.53800456377802,0.0,0.0625,0.625
75100,125.15464942563507,0.0,0.0625,0.625
75200,125.66684004748946,0.0,0.0625,0.625
75300,126.1370357992428,0.0,0.0625,0.640625
75400,126.56909634695285,0.0,0.0625,0.71875
75500,127.17385966478382,0.0,0.0625,0.671875
75600,127.48344105360854,0.0,0.0625,0.546875
75700,128.09400097019767,0.0,0.0625,0.578125
75800,128.7514446031307,0.0,0.0625,0.5
75900,129.2320486045698,0.0,0.0625,0.515625
76000,129.82002903693788,0.0,0.0625,0.59375
76100,130.28272179776772,0.0,0.0625,0.5
76200,130.76055569535077,0.0,0.0625,0.65625
76300,131.15740166260844,0.0,0.0625,0.5625
76400,131.50335521495305,0.0,0.0625,0.484375
76500,132.10400683170047,0.0,0.0625,0.671875
76600,132.56917358860156,0.0,0.0625,0.640625
76700,133.2840703251712,0.0,0.0625,0.609375
76800,133.69180162157247,0.0,0.0625,0.671875
76900,134.29796969002922,0.0,0.0625,0.65625
77000,134.70568867232188,0.0,0.0625,0.609375
77100,135.1181013517537,0.0,0.0625,0.515625
77200,135.4961950071373,0.0,0.0625,0.59375
77300,135.85525866700925,0.0,0.0625,0.671875
77400,136.27068362087945,0.0,0.0625,0.671875
77500,136.7271853443675,0.0,0.0625,0.59375
77600,137.19234065882446,0.0,0.0625,0.578125
77700,137.6648116526506,0.0,0.0625,0.53125
77800,138.33059691494395,0.0,0.0625,0.640625
77900,139.0579031158649,0.0,0.0625,0.640625
78000,139.6009489834912,0.0,0.0625,0.578125
78100,140.15411268568192,0.0,0.0625,0.640625
78200,140.75690636490583,0.0,0.0625,0.578125
78300,141.31991839732552,0.0,0.0625,0.578125
78400,142.02143123462793,0.0,0.0625,0.734375
78500,142.38267584446987,0.0,0.0625,0.671875
78600,142.8615152410972,0.0,0.0625,0.5625
78700,143.2506294841584,0.0,0.0625,0.65625
78800,143.81516902747828,0.0,0.0625,0.625
78900,144.13909716239098,0.0,0.0625,0.59375
79000,144.4655387077599,0.0,0.0625,0.5625
79100,144.98765196874015,0.0,0.0625,0.625
79200,145.78850451833503,0.0,0.0625,0.625
79300,146.28617379059452,0.0,0.0625,0.46875
79400,146.75559830052055,0.0,0.0625,0.53125
79500,147.39422732797794,0.0,0.0625,0.65625
79600,147.9947833277919,0.0,0.0625,0.546875
79700,148.6491771105143,0.0,0.0625,0.5625
79800,149.40541719956252,0.0,0.0625,0.546875
79900,149.94635113597943,0.0,0.0625,0.625
80000,150.6103566517584,0.0,0.0625,0.53125
80100,151.2973967945444,0.0,0.0625,0.640625
80200,151.75753561098412,0.0,0.0625,0.53125
80300,152.02200717885088,0.0,0.0625,0.546875
80400,152.46489242989978,0.0,0.0625,0.546875
80500,152.87184258248323,0.0,0.0625,0.5625
80600,153.51709038833266,0.0,0.0625,0.53125
80700,154.07147812555965,0.0,0.0625,0.59375
80800,154.538697426369,0.0,0.0625,0.53125
80900,155.0562359174847,0.0,0.0625,0.625
81000,155.48188695572267,0.0,0.0625,0.421875
81100,155.83044083146527,0.0,0.0625,0.484375
81200,156.17902768983953,0.0,0.0625,0.453125
81300,156.63556835223633,0.0,0.0625,0.578125
81400,156.9920311886173,0.0,0.0625,0.5625
81500,157.46476176764375,0.0,0.0625,0.546875
81600,157.95220637796376,0.0,0.0625,0.546875
81700,158.44315863913812,0.0,0.0625,0.515625
81800,159.02713587777933,0.0,0.0625,0.4375
81900,159.50453505228268,0.0,0.0625,0.515625
82000,159.83696976706744,0.0,0.0625,0.53125
82100,160.32457076225876,0.0,0.0625,0.578125
82200,160.91755174658093,0.0,0.0625,0.59375
82300,161.2370934869159,0.0,0.0625,0.4375
82400,161.9669359613023,0.0,0.0625,0.515625
82500,162.7019899036672,0.0,0.0625,0.359375
82600,163.22423198958774,0.0,0.0625,0.40625
82700,163.95327900279733,0.0,0.0625,0.421875
82800,164.59001257035763,0.0,0.0625,0.515625
82900,164.97340458979033,0.0,0.0625,0.40625
83000,165.45052398628442,0.0,0.0625,0.296875
83100,166.0727567141123,0.0,0.0625,0.21875
83200,166.4126991744836,0.0,0.0625,0.3125
83300,166.7646094209292,0.0,0.0625,0.3125
83400,167.25362845588865,0.0,0.0625,0.28125
83500,167.60509093928346,0.0,0.0625,0.296875
83600,167.99551717365506,0.0,0.0625,0.328125
83700,168.60070370487034,0.0,0.0625,0.171875
83800,169.13170701157227,0.0,0.0625,0.359375
83900,169.69511153017453,0.0,0.0625,0.1875
84000,170.29529399129203,0.0,0.0625,0.296875
84100,170.72416771195924,0.0,0.0625,0.203125
84200,171.08311323718237,0.0,0.0625,0.203125
84300,171.59493621230857,0.0,0.0625,0.25
84400,172.17036094719597,0.0,0.0625,0.296875
84500,172.5166919359272,0.0,0.0625,0.171875
84600,173.03128226003233,0.0,0.0625,0.234375
84700,173.4216872435297,0.0,0.0625,0.234375
84800,173.89404496222218,0.0,0.0625,0.109375
84900,174.2584569249646,0.0,0.0625,0.140625
85000,174.80804039407437,0.0,0.0625,0.0625
85100,175.12837699239523,0.0,0.0625,0.1875
85200,175.83491002604822,0.0,0.0625,0.078125
85300,176.33287978326976,0.0,0.0625,0.109375
85400,176.8334762762725,0.0,0.0625,0.109375
85500,177.14345969721842,0.0,0.0625,0.125
85600,177.5171335759761,0.0,0.0625,0.046875
85700,177.8525142360979,0.0,0.0625,0.125
85800,178.3157245687046,0.0,0.0625,0.125
85900,178.94119964569927,0.0,0.0625,0.109375
86000,179.43916861088786,0.0,0.0625,0.078125
86100,179.80161033040247,0.0,0.0625,0.046875
86200,180.31726243104384,0.0,0.0625,0.078125
86300,180.9234587393733,0.0,0.0625,0.0625
86400,181.48924576024902,0.0,0.0625,0.0625
86500,181.99340589035154,0.0,0.0625,0.03125
86600,182.41076462955039,0.0,0.0625,0.046875
86700,182.9111866817803,0.0,0.0625,0.015625
86800,183.44530451617723,0.0,0.0625,0.03125
86900,183.92013830890542,0.0,0.0625,0.109375
87000,184.36334242867883,0.0,0.0625,0.03125
87100,185.01555109237242,0.0,0.0625,0.03125
87200,185.33809169888053,0.0,0.0625,0.015625
87300,185.8442295041272,0.0,0.0625,0.015625
87400,186.22387383696946,0.0,0.0625,0.015625
87500,186.5102000427496,0.0,0.0625,0.015625
87600,187.18963489843608,0.0,0.0625,0.015625
87700,187.5956955466334,0.0,0.0625,0.03125
87800,188.06986486426717,0.0,0.0625,0.015625
87900,188.65769805417153,0.0,0,0
88000,189.24442517040234,0.0,0,0
88100,189.84807542819377,0.0,0.0625,0.015625
88200,190.5600176208351,0.0,0.0625,0.015625
88300,190.9732792508844,0.0,0.0625,0.015625
88400,191.4517556152779,0.0,0,0
88500,192.05875152533062,0.0,0,0
88600,192.52481332204465,0.0,0,0
88700,192.94095556974762,0.0,0,0
88800,193.33137021578221,0.0,0,0
88900,193.68748329992687,0.0,0,0
89000,194.12075887444013,0.0,0,0
89100,194.7431617031866,0.0,0.0625,0.015625
89200,195.2447619920693,0.0,0,0
89300,195.68539965411824,0.0,0,0
89400,196.17446730800725,0.0,0,0
89500,196.56892509504132,0.0,0,0
89600,197.14367685618652,0.0,0,0
89700,197.44060512563408,0.0,0,0
89800,197.89567059133662,0.0,0,0
89900,198.2264131390532,0.0,0,0
90000,198.700805004115,0.0,0.0625,0.015625
90100,199.285241224174,0.0,0,0
90200,199.89457541300618,0.0,0,0
90300,200.34812094103202,0.0,0,0
90400,200.63494207332815,0.0,0,0
90500,200.9318656697129,0.0,0,0
90600,201.38941544389237,0.0,0,0
90700,201.93992812329728,0.0,0,0
90800,202.40334943368748,0.0,0,0
90900,203.00816210777728,0.0,0,0
91000,203.43144319307973,0.0,0,0
91100,203.86581280737994,0.0,0,0
91200,204.34158536855693,0.0,0,0
91300,204.5971618343421,0.0,0,0
91400,205.19053046148613,0.0,0,0
91500,205.5528996776001,0.0,0,0
91600,206.12003264556003,0.0,0,0
91700,206.59747268118895,0.0,0,0
91800,206.94966691953567,0.0,0,0
91900,207.57501777127362,0.0,0,0
92000,207.97282798736993,0.0,0,0
92100,208.51976176160866,0.0,0,0
92200,209.26159399448443,0.0,0,0
92300,209.7312685154433,0.0,0,0
92400,210.10768368297016,0.0,0,0
92500,210.44064318534942,0.0,0,0
92600,211.06160042223672,0.0,0,0
92700,211.6596772538655,0.0,0,0
92800,212.0930668500472,0.0,0,0
92900,212.6999907852275,0.0,0,0
93000,213.26609975831192,0.0,0,0
93100,213.62606500626515,0.0,0,0
93200,214.0090479512308,0.0,0,0
93300,214.49506248978392,0.0,0,0
93400,215.0653648293707,0.0,0,0
93500,215.44151230710455,0.0,0,0
93600,215.93027157686942,0.0,0,0
93700,216.64733248170617,0.0,0,0
93800,217.23269788592813,0.0,0,0
93900,217.6576003775552,0.0,0,0
94000,218.2253342886203,0.0,0,0
94100,218.8802617028392,0.0,0,0
94200,219.46181621445274,0.0,0,0
94300,220.07743076591012,0.0,0,0
94400,220.6461550749746,0.0,0,0
94500,221.1247869603382,0.0,0,0
94600,221.73649284588177,0.0,0,0
94700,222.53199343874192,0.0,0,0
94800,222.925237107064,0.0,0,0
94900,223.5084085871101,0.0,0,0
95000,223.7493409224394,0.0,0,0
95100,224.3489147328645,0.0,0,0
95200,225.1292862364409,0.0,0,0
95300,225.5299076671485,0.0,0,0
95400,226.2061177924131,0.0,0,0
95500,226.7164586069247,0.0,0,0
95600,226.99186595548898,0.0,0,0
95700,227.34785595885418,0.0,0,0
95800,227.9556091635912,0.0,0,0
95900,228.31583801991496,0.0,0,0
96000,228.6484908723457,0.0,0,0
96100,228.94864827747762,0.0,0,0
96200,229.57865163585433,0.0,0,0
96300,230.07109212202016,0.0,0,0
96400,230.5837879723829,0.0,0,0
96500,230.88602675927478,0.0,0,0
96600,231.38869241430282,0.0,0,0
96700,231.81677447947874,0.0,0,0
96800,232.32241927801624,0.0,0,0
96900,232.86976400092357,0.0,0,0
97000,233.5408586966065,0.0,0,0
97100,234.05808941022786,0.0,0,0
97200,234.49485879069562,0.0,0,0
97300,235.03348388398476,0.0,0,0
97400,235.36303822428067,0.0,0,0
97500,235.80127087801313,0.0,0,0
97600,236.22361311559192,0.0,0,0
97700,236.7885071704975,0.0,0,0
97800,237.47563239322005,0.0,0,0
97900,238.0305488758625,0.0,0,0
98000,238.56651844368295,0.0,0,0
98100,239.1517155460117,0.0,0,0
98200,239.72948201272007,0.0,0,0
98300,240.4148298511192,0.0,0,0
98400,240.74835013931136,0.0,0,0
98500,241.17324783307055,0.0,0,0
98600,241.55113848201952,0.0,0,0
98700,242.10662227949334,0.0,0,0
98800,242.5471101791738,0.0,0,0
98900,242.77922233387832,0.0,0,0
99000,243.24488816842575,0.0,0,0
99100,243.6828949805437,0.0,0,0
99200,244.11718357448117,0.0,0,0
99300,244.6831214036148,0.0,0,0
99400,245.22164415012628,0.0,0,0
99500,245.76589358712283,0.0,0,0
99600,246.14592459397008,0.0,0,0
99700,246.51621067968915,0.0,0,0
99800,246.88628659399345,0.0,0,0
99900,247.33110550774492,0.0,0,0
100000,239.3006762564558,0.0,0,0
100100,239.65122633562476,0.0,0,0
100200,240.3240303093211,0.0,0,0
100300,240.95463215463553,0.0,0,0
100400,241.9739905639134,0.0,0,0
100500,242.48585764784926,0.0,0,0
100600,243.0197147467671,0.0,0,0
100700,243.3656521929591,0.0,0,0
100800,243.85826802135125,0.0,0,0
100900,244.40351508642976,0.0,0,0
101000,245.0139499658045,0.0,0,0
101100,245.56245920116797,0.0,0,0
101200,246.10057154465332,0.0,0,0
101300,246.4148932664411,0.0,0,0
101400,246.9055471659691,0.0,0,0
101500,247.48066868189835,0.0,0,0
101600,247.8657693673183,0.0,0,0
101700,248.19539278307414,0.0,0,0
101800,248.71715172151298,0.0,0,0
101900,248.94886038296514,0.0,0,0
102000,249.28140800178483,0.0,0,0
102100,249.748859392828,0.0,0,0
102200,250.51520046664925,0.0,0,0
102300,251.0827069012539,0.0,0,0
102400,251.37013556455386,0.0,0,0
102500,251.94165282266695,0.0,0,0
102600,252.4549625590471,0.0,0,0
102700,252.7810648452844,0.0,0,0
102800,253.2114087697452,0.0,0,0
102900,253.66442124662936,0.0,0,0
103000,254.29724673184904,0.0,0,0
103100,254.6404592603788,0.0,0,0
103200,255.21140450180488,0.0,0,0
103300,255.62439432864124,0.0,0,0
103400,256.12825400326665,0.0,0,0
103500,256.83676698349973,0.0,0,0
103600,257.3957597437633,0.0,0,0
103700,257.8992744249474,0.0,0,0
103800,258.3970048456656,0.0,0,0
103900,259.03280527500027,0.0,0,0
104000,259.5526224079703,0.0,0,0
104100,259.9091971255584,0.0,0,0
104200,260.39009549490777,0.0,0,0
104300,260.970757442327,0.0,0,0
104400,261.24529259222743,0.0,0,0
104500,261.6083172167403,0.0,0,0
104600,262.0177080846587,0.0,0,0
104700,262.33172973278266,0.0,0,0
104800,262.72782264416816,0.0,0.0625,0.015625
104900,263.09300988313794,0.0,0,0
105000,263.4225140006783,0.0,0,0
105100,263.95063483113745,0.0,0.0625,0.03125
105200,264.37805217185746,0.0,0,0
105300,264.88129834917464,0.0,0,0
105400,265.1959193103839,0.0,0,0
105500,265.6290634074406,0.0,0,0
105600,266.157421400617,0.0,0,0
105700,266.5177842558904,0.0,0,0
105800,267.06487240204893,0.0,0.0625,0.015625
105900,267.8193356472709,0.0,0,0
106000,268.3107584863673,0.0,0,0
106100,268.80989838555246,0.0,0,0
106200,269.2561339114103,0.0,0.0625,0.03125
106300,269.7805561131992,0.0,0.0625,0.046875
106400,270.4304669979827,0.0,0,0
106500,270.84987355801843,0.0,0,0
106600,271.6163559286561,0.0,0.0625,0.046875
106700,272.06330071050206,0.0,0.0625,0.015625
106800,272.64220116108896,0.0,0.0625,0.015625
106900,272.98240402728663,0.0,0.0625,0.03125
107000,273.2666454101506,0.0,0,0
107100,273.8613999035584,0.0,0.0625,0.0625
107200,274.3592091824472,0.0,0.0625,0.046875
107300,274.5828483681685,0.0,0.0625,0.03125
107400,274.9014603216403,0.0,0.0625,0.03125
107500,275.34731819085016,0.0,0.0625,0.03125
107600,275.6768527114142,0.0,0.0625,0.03125
107700,276.227678900689,0.0,0,0
107800,276.5812923947296,0.0,0.0625,0.140625
107900,277.0135998751221,0.0,0.0625,0.0625
108000,277.3973020173397,0.0,0.0625,0.125
108100,278.0797478091367,0.0,0.0625,0.15625
108200,278.58040016441623,0.0,0.0625,0.125
108300,278.9390350871372,0.0,0.0625,0.078125
108400,279.3106767440116,0.0,0.0625,0.171875
108500,279.741959157134,0.0,0.0625,0.171875
108600,280.22141496497494,0.0,0.0625,0.21875
108700,280.6004445523528,0.0,0.0625,0.203125
108800,281.1307411660191,0.0,0.0625,0.28125
108900,281.5090855016956,0.0,0.0625,0.390625
109000,281.9354623274183,0.0,0.0625,0.34375
109100,282.27107026968287,0.0,0.0625,0.25
109200,282.80903642879844,0.0,0.0625,0.390625
109300,283.26005626772803,0.0,0.0625,0.328125
109400,283.8338926982274,0.0,0.0625,0.375
109500,284.32662198968796,0.0,0.0625,0.359375
109600,284.7769245032615,0.0,0.0625,0.46875
109700,285.2495946543588,0.0,0.0625,0.53125
109800,285.6437810997821,0.0,0.0625,0.515625
109900,286.05321659330747,0.0,0.0625,0.53125
110000,286.6153217131822,0.0,0.0625,0.515625
110100,287.14583135192123,0.0,0.0625,0.515625
110200,287.5052919581478,0.0,0.0625,0.53125
110300,287.98786231676837,0.0,0.0625,0.421875
110400,288.4333243183698,0.0,0.0625,0.609375
110500,289.156161140219,0.0,0.0625,0.671875
110600,289.6107891766095,0.0,0.0625,0.671875
110700,290.25350082827947,0.0,0.0625,0.625
110800,290.63677046780856,0.0,0.0625,0.484375
110900,291.0646575586763,0.0,0.0625,0.59375
111000,291.46189982752895,0.0,0.0625,0.5
111100,292.04828038160883,0.0,0.0625,0.640625
111200,292.30891209630846,0.0,0.0625,0.75
111300,292.74319494035234,0.0,0.0625,0.71875
111400,293.08415599792903,0.0,0.0625,0.609375
111500,293.4599687900139,0.0,0.0625,0.65625
111600,293.9459334175293,0.0,0.0625,0.671875
111700,294.3632200998696,0.0,0.0625,0.640625
111800,294.6534597357649,0.0,0.0625,0.671875
111900,295.16456060882336,0.0,0.0625,0.71875
112000,295.7057434642582,0.0,0.0625,0.71875
112100,295.9806355990886,0.0,0.0625,0.71875
112200,296.3039174114151,0.0,0.0625,0.671875
112300,296.8458499550575,0.0,0.0625,0.703125
112400,297.39895300510017,0.0,0.0625,0.703125
112500,297.86575797925195,0.0,0.0625,0.78125
112600,298.09378197618787,0.0,0.0625,0.625
112700,298.3988265643734,0.0,0.0625,0.671875
112800,298.85715764449685,0.0,0.0625,0.703125
112900,299.4406741388554,0.0,0.0625,0.765625
113000,299.83034505176,0.0,0.0625,0.75
113100,300.3322342755436,0.0,0.0625,0.734375
113200,300.7230675967175,0.0,0.0625,0.8125
113300,301.07674605572754,0.0,0.0625,0.765625
113400,301.75800735898474,0.0,0.0625,0.796875
113500,302.19306745286195,0.0,0.0625,0.875
113600,302.45053471067456,0.0,0.0625,0.796875
113700,302.9799700478213,0.0,0.0625,0.875
113800,303.364280485574,0.0,0.0625,0.859375
113900,303.6887945247066,0.0,0.0625,0.75
114000,304.13874907913345,0.0,0.0625,0.796875
114100,304.699392713479,0.0,0.0625,0.796875
114200,305.1388497916558,0.0,0.0625,0.84375
114300,305.49575008870914,0.0,0.0625,0.859375
114400,305.96426475918946,0.0,0.0625,0.828125
114500,306.2547950714671,0.0,0.0625,0.78125
114600,306.5163427388159,0.0,0.0625,0.84375
114700,306.8380937752781,0.0,0.0625,0.828125
114800,307.2646264239069,0.0,0.0625,0.765625
114900,307.5770170584147,0.0,0.0625,0.859375
115000,307.99287931423095,0.0,0.0625,0.8125
115100,308.34871477466913,0.0,0.0625,0.828125
115200,308.81890240203614,0.0,0.0625,0.90625
115300,309.238595758551,0.0,0.0625,0.875
115400,309.7958539470115,0.0,0.0625,0.828125
115500,310.3351049052828,0.0,0.0625,0.828125
115600,310.7301698830367,0.0,0.0625,0.8125
115700,311.3049748487105,0.0,0.0625,0.8125
115800,311.5314064819631,0.0,0.0625,0.84375
115900,311.9835883598974,0.0,0.0625,0.796875
116000,312.29120667397785,0.0,0.0625,0.78125
116100,312.58422883298863,0.0,0.0625,0.78125
116200,312.93999623027025,0.0,0.0625,0.78125
116300,313.3606897956997,0.0,0.0625,0.78125
116400,313.8205705413646,0.0,0.0625,0.859375
116500,314.1704627843595,0.0,0.0625,0.921875
116600,314.55870025361736,0.0,0.0625,0.8125
116700,314.8124018519932,0.0,0.0625,0.890625
116800,315.05320788360194,0.0,0.0625,0.859375
116900,315.47318259748874,0.0,0.0625,0.8125
117000,315.81024472277005,0.0,0.0625,0.84375
117100,316.2101394607633,0.0,0.0625,0.859375
117200,316.4203752901305,0.0,0.0625,0.875
117300,316.6726594993649,0.0,0.0625,0.9375
117400,316.9303976103116,0.0,0.0625,0.796875
117500,317.16469106204664,0.0,0.0625,0.828125
117600,317.48128854744687,0.0,0.0625,0.859375
117700,317.8531001051541,0.0,0.0625,0.796875
117800,318.19225141542506,0.0,0.0625,0.8125
117900,318.5620688699519,0.0,0.0625,0.90625
118000,318.89829781039106,0.0,0.0625,0.859375
118100,319.3088071869992,0.0,0.0625,0.875
118200,319.6389334701186,0.0,0.0625,0.84375
118300,320.01529525071265,0.0,0.0625,0.734375
118400,320.3868171941792,0.0,0.0625,0.828125
118500,320.6811773678163,0.0,0.0625,0.84375
118600,320.97592638860596,0.0,0.0625,0.828125
118700,321.25818906484176,0.0,0.0625,0.734375
118800,321.64478800888776,0.0,0.0625,0.828125
118900,322.009681833476,0.0,0.0625,0.78125
119000,322.4234102406023,0.0,0.0625,0.828125
119100,322.75453310157917,0.0,0.0625,0.796875
119200,322.9561268249278,0.0,0.0625,0.765625
119300,323.28328430197524,0.0,0.0625,0.734375
119400,323.6793023753866,0.0,0.0625,0.671875
119500,324.12168626099833,0.0,0.0625,0.75
119600,324.4051657767504,0.0,0.0625,0.609375
119700,324.7537314756593,0.0,0.0625,0.640625
119800,324.894943873302,0.0,0.0625,0.546875
119900,325.2673950713899,0.0,0.0625,0.734375
120000,325.99472555663186,0.0,0.0625,0.53125
120100,326.405017554981,0.0,0.0625,0.515625
120200,326.92989528385675,0.0,0.0625,0.5625
120300,327.27004714208596,0.0,0.0625,0.484375
120400,327.6116339709668,0.0,0.0625,0.46875
120500,327.98706037108104,0.0,0.0625,0.4375
120600,328.45340187817203,0.0,0.0625,0.296875
120700,328.8331959773657,0.0,0.0625,0.265625
120800,329.448703505617,0.0,0.0625,0.109375
120900,329.7991711686524,0.0,0.0625,0.234375
121000,330.34254298808463,0.0,0.0625,0.234375
121100,330.7040326140449,0.0,0.0625,0.328125
121200,331.10721485631075,0.0,0.0625,0.15625
121300,331.3733400396798,0.0,0.0625,0.234375
121400,331.8524342289176,0.0,0.0625,0.15625
121500,332.0663846744464,0.0,0.0625,0.1875
121600,332.6559247429118,0.0,0.0625,0.15625
121700,333.03202159358113,0.0,0.0625,0.125
121800,333.34803615712207,0.0,0.0625,0.15625
121900,333.708448529757,0.0,0.0625,0.125
122000,334.084580906539,0.0,0.0625,0.15625
122100,334.3832308174608,0.0,0.0625,0.171875
122200,334.8329827285413,0.0,0.0625,0.015625
122300,335.16961049515896,0.0,0.0625,0.078125
122400,335.43763707972437,0.0,0.0625,0.09375
122500,335.82008095362255,0.0,0.0625,0.15625
122600,336.3527937120323,0.0,0.0625,0.1875
122700,336.8631229637554,0.0,0.0625,0.03125
122800,337.0610002159,0.0,0.0625,0.109375
122900,337.55626140590255,0.0,0.0625,0.046875
123000,337.9790370210146,0.0,0,0
123100,338.2732540737077,0.0,0.0625,0.109375
123200,338.5820488915912,0.0,0.0625,0.015625
123300,338.84402494476757,0.0,0.0625,0.125
123400,339.30065555784074,0.0,0.0625,0.078125
123500,339.6292502418347,0.0,0.0625,0.015625
123600,339.9310354748606,0.0,0.0625,0.125
123700,340.3041049276197,0.0,0.0625,0.0625
123800,340.5843611077736,0.0,0.0625,0.03125
123900,340.99717852146927,0.0,0,0
124000,341.3666931859973,0.0,0.0625,0.046875
124100,341.6620147035668,0.0,0.0625,0.078125
124200,342.0920370253404,0.0,0.0625,0.015625
124300,342.5370445745059,0.0,0.0625,0.046875
124400,342.7820048745968,0.0,0.0625,0.015625
124500,343.21189201794874,0.0,0.0625,0.046875
124600,343.6957591154318,0.0,0.0625,0.03125
124700,343.8758003163971,0.0,0.0625,0.015625
124800,344.14472361090736,0.0,0.0625,0.015625
124900,344.7167155951113,0.0,0.0625,0.09375
125000,164.97645696916132,0.0,0.0625,0.03125
125100,165.25315819987054,0.0,0,0
125200,165.8373585949114,0.0,0.0625,0.0625
125300,166.21351245130944,0.0,0.0625,0.03125
125400,166.52344626746148,0.0,0,0
125500,166.90973828900894,0.0,0.0625,0.015625
125600,167.40266756393956,0.0,0,0
125700,167.76721577356457,0.0,0.0625,0.015625
125800,168.1046028772291,0.0,0.0625,0.015625
125900,168.44030125334115,0.0,0,0
126000,168.80196718291592,0.0,0,0
126100,169.24601501663372,0.0,0.0625,0.03125
126200,169.7131115345492,0.0,0.0625,0.015625
126300,170.20632133319376,0.0,0,0
126400,170.5123191149646,0.0,0,0
126500,170.92584091991372,0.0,0,0
126600,171.526051291037,0.0,0,0
126700,171.91307509134546,0.0,0.0625,0.015625
126800,172.21540494993826,0.0,0.0625,0.015625
126900,172.50985862592964,0.0,0.0625,0.03125
127000,172.93245918169072,0.0,0.0625,0.015625
127100,173.3495212703017,0.0,0,0
127200,173.85372105464467,0.0,0.0625,0.03125
127300,174.2536086257726,0.0,0.0625,0.015625
127400,174.66969907055147,0.0,0,0
127500,175.31084889326942,0.0,0,0
127600,175.84729918898157,0.0,0,0
127700,176.17631330675638,0.0,0,0
127800,176.56996255576368,0.0,0,0
127900,176.7686077147204,0.0,0,0
128000,177.16742874788048,0.0,0,0
128100,177.47604159193838,0.0,0,0
128200,177.86108366212224,0.0,0.0625,0.015625
128300,178.16836350733146,0.0,0,0
128400,178.69284805099068,0.0,0,0
128500,179.2663707242741,0.0,0,0
128600,179.71021626942866,0.0,0.0625,0.046875
128700,180.22987073281152,0.0,0,0
128800,180.61155005136075,0.0,0,0
128900,181.15493618187034,0.0,0,0
129000,181.43856963572708,0.0,0,0
129100,181.76681365653616,0.0,0,0
129200,181.97956247098332,0.0,0,0
129300,182.29817408859572,0.0,0.0625,0.015625
129400,182.56295968136857,0.0,0,0
129500,182.79400473938256,0.0,0,0
129600,183.26167027845068,0.0,0,0
129700,183.59298741853812,0.0,0,0
129800,184.0566234739162,0.0,0,0
129900,184.37368123506883,0.0,0,0
130000,184.81322186570193,0.0,0,0
130100,185.09894245808334,0.0,0,0
130200,185.44967986972213,0.0,0,0
130300,185.98196680626168,0.0,0,0
130400,186.37317136462363,0.0,0,0
130500,186.80499578688338,0.0,0,0
130600,187.06363506928443,0.0,0,0
130700,187.40652866675097,0.0,0,0
130800,187.88756568682814,0.0,0,0
130900,188.12671255827397,0.0,0,0
131000,188.58522812806598,0.0,0,0
131100,188.7777837573491,0.0,0,0
131200,188.9867575361821,0.0,0,0
131300,189.44598635908693,0.0,0,0
131400,189.77647390673812,0.0,0.0625,0.015625
131500,190.12417010385767,0.0,0,0
131600,190.5562683127321,0.0,0,0
131700,191.19001750171196,0.0,0,0
131800,191.58246514989057,0.0,0,0
131900,191.968513029051,0.0,0,0
132000,192.1588979195102,0.0,0,0
132100,192.51070872267158,0.0,0,0
132200,192.83276432100814,0.0,0,0
132300,193.15900477289432,0.0,0,0
132400,193.49129282733404,0.0,0.0625,0.015625
132500,193.78933441459807,0.0,0,0
132600,194.27146426807926,0.0,0,0
132700,194.7315296134431,0.0,0,0
132800,195.24252296054655,0.0,0,0
132900,195.62504354919602,0.0,0,0
133000,195.97077515603996,0.0,0,0
133100,196.3056301235631,0.0,0,0
133200,196.74169968409953,0.0,0,0
133300,196.98498436990093,0.0,0,0
133400,197.2596184222014,0.0,0,0
133500,197.60474744251516,0.0,0,0
133600,197.9087029467382,0.0,0,0
133700,198.08435571727122,0.0,0,0
133800,198.36214981676537,0.0,0,0
133900,198.77303792107296,0.0,0,0
134000,199.09208157481672,0.0,0,0
134100,199.4882013959969,0.0,0,0
134200,200.02844043195662,0.0,0,0
134300,200.36920408408082,0.0,0,0
134400,200.73010367526865,0.0,0,0
134500,201.09396519356793,0.0,0,0
134600,201.450439625316,0.0,0,0
134700,201.78082725363524,0.0,0,0
134800,202.15823239263221,0.0,0,0
134900,202.50254567807988,0.0,0,0
135000,203.04516700802665,0.0,0,0
135100,203.44536161583125,0.0,0,0
135200,203.88488734259434,0.0,0,0
135300,204.16568402333746,0.0,0,0
135400,204.50014334346977,0.0,0,0
135500,204.8365263080744,0.0,0,0
135600,205.36525439658482,0.0,0,0
135700,205.73629488343153,0.0,0,0
135800,206.202785015422,0.0,0,0
135900,206.44998883478576,0.0,0,0
136000,206.98908447351718,0.0,0,0
136100,207.38522403182972,0.0,0,0
136200,207.86619054447667,0.0,0,0
136300,208.25329548731506,0.0,0,0
136400,208.59655889454243,0.0,0,0
136500,209.08912675969987,0.0,0,0
136600,209.41027988251898,0.0,0,0
136700,209.8683896215913,0.0,0,0
136800,210.3883051664198,0.0,0,0
136900,210.61763660270427,0.0,0,0
137000,210.89593647699746,0.0,0,0
137100,211.22691116538888,0.0,0,0
137200,211.538706370227,0.0,0,0
137300,211.86126428467193,0.0,0,0
137400,212.09272160389682,0.0,0,0
137500,212.35616895480115,0.0,0,0
137600,212.71909544293172,0.0,0,0
137700,213.23432555988057,0.0,0,0
137800,213.55729542507765,0.0,0,0
137900,213.88442271995754,0.0,0,0
138000,214.28405311221007,0.0,0,0
138100,214.7184280793915,0.0,0,0
138200,214.96089305493888,0.0,0,0
138300,215.32519518827687,0.0,0,0
138400,215.70378563955873,0.0,0,0
138500,216.18332077338798,0.0,0,0
138600,216.5042009016118,0.0,0,0
138700,217.0337301585181,0.0,0,0
138800,217.28438749277802,0.0,0,0
138900,217.75385977959408,0.0,0,0
139000,218.1127607448863,0.0,0,0
139100,218.5049319598237,0.0,0,0
139200,218.9723237916574,0.0,0,0
139300,219.20464495088422,0.0,0,0
139400,219.57378037555526,0.0,0,0
139500,220.15167423553254,0.0,0,0
139600,220.64260314935896,0.0,0,0
139700,221.00216165364367,0.0,0,0
139800,221.31227344413293,0.0,0,0
139900,221.68672773836494,0.0,0,0
140000,221.9070552514911,0.0,0,0
140100,222.20297402692202,0.0,0,0
140200,222.51132720685115,0.0,0,0
140300,222.97131743845165,0.0,0,0
140400,223.35303660932075,0.0,0,0
140500,223.9165148475125,0.0,0,0
140600,224.53922270068267,0.0,0,0
140700,225.14678398949596,0.0,0,0
140800,225.48578239988737,0.0,0,0
140900,225.8928538861682,0.0,0,0
141000,226.37486283340522,0.0,0,0
141100,226.6137386389353,0.0,0,0
141200,226.93205486324197,0.0,0,0
141300,227.32943832602626,0.0,0,0
141400,227.71064688390135,0.0,0,0
141500,228.0979564938675,0.0,0,0
141600,228.72165924435464,0.0,0,0
141700,229.07854814072323,0.0,0,0
141800,229.53695165423682,0.0,0,0
141900,229.94168602212656,0.0,0,0
142000,230.35669453828572,0.0,0,0
142100,230.7176583723821,0.0,0,0
142200,231.01864714467806,0.0,0,0
142300,231.30368635402917,0.0,0,0
142400,231.69449061596626,0.0,0,0
142500,232.11022692760702,0.0,0,0
142600,232.68229205806966,0.0,0,0
142700,233.01823109698148,0.0,0,0
142800,233.46180874795726,0.0,0,0
142900,234.00094338653707,0.0,0,0
143000,234.32596808665514,0.0,0,0
143100,234.63111421646104,0.0,0,0
143200,234.87889094687324,0.0,0,0
143300,235.2929968144769,0.0,0,0
143400,235.4869904569193,0.0,0,0
143500,235.9219562318785,0.0,0,0
143600,236.40901339990026,0.0,0,0
143700,236.716902098272,0.0,0,0
143800,237.02705046630552,0.0,0,0
143900,237.43819774506375,0.0,0,0
144000,237.91873806951267,0.0,0,0
144100,238.36878074913002,0.0,0,0
144200,238.74026651617038,0.0,0,0
144300,238.96587325917193,0.0,0,0
144400,239.27915105014796,0.0,0,0
144500,239.69845148344083,0.0,0,0
144600,240.13873967277917,0.0,0,0
144700,240.4828746556558,0.0,0,0
144800,240.61999360960542,0.0,0,0
144900,241.05369393216438,0.0,0,0
145000,241.724890702993,0.0,0,0
145100,242.04990658911422,0.0,0,0
145200,242.53976361774087,0.0,0,0
145300,242.9773090239596,0.0,0,0
145400,243.21384230110425,0.0,0,0
145500,243.62748484650257,0.0,0,0
145600,244.03190489349993,0.0,0,0
145700,244.54814762840417,0.0,0,0
145800,245.02544217098247,0.0,0,0
145900,245.44675080917827,0.0,0,0
146000,246.24261436680337,0.0,0,0
146100,246.54284492364238,0.0,0,0
146200,246.9450945497465,0.0,0,0
146300,247.3491894665604,0.0,0,0
146400,247.9223324713112,0.0,0,0
146500,248.27072117693248,0.0,0,0
146600,248.62671312661342,0.0,0,0
146700,249.26743283563712,0.0,0,0
146800,249.64661775284947,0.0,0,0
146900,250.12085519338538,0.0,0,0
147000,250.50479002944934,0.0,0,0
147100,250.83810367325785,0.0,0,0
147200,251.37588407319657,0.0,0,0
147300,252.01597087130645,0.0,0,0
147400,252.32507994921698,0.0,0,0
147500,252.86808641906904,0.0,0,0
147600,253.3662782101031,0.0,0,0
147700,253.72736785323707,0.0,0,0
147800,254.23856201633828,0.0,0,0
147900,254.85049728411468,0.0,0,0
148000,255.2920610583432,0.0,0,0
148100,255.81208585951174,0.0,0,0
148200,256.2472827778885,0.0,0,0
148300,256.6411603680308,0.0,0,0
148400,256.9052317908935,0.0,0,0
148500,257.4523106885665,0.0,0,0
148600,257.86617075553215,0.0,0,0
148700,258.26324663610023,0.0,0,0
148800,258.7811971445987,0.0,0,0
148900,259.3108343438572,0.0,0,0
149000,259.57007493021695,0.0,0,0
149100,259.81582783502745,0.0,0,0
149200,260.4089077002741,0.0,0,0
149300,261.0133017516073,0.0,0,0
149400,261.3419174553343,0.0,0,0
149500,261.67517273949824,0.0,0,0
149600,262.50005689472016,0.0,0,0
149700,262.8509243308847,0.0,0,0
149800,263.6589028103662,0.0,0,0
149900,264.14237605208,0.0,0,0
150000,158.48000918673353,0.0,0,0
150100,159.16543840644184,0.0,0,0
150200,160.1832617859189,0.0,0,0
150300,160.6098527521925,0.0,0,0
150400,161.06402375392491,0.0,0,0
150500,161.70864477324832,0.0,0,0
150600,162.34275256775683,0.0,0,0
150700,162.86470039033955,0.0,0,0
150800,163.38292451226388,0.0,0,0
150900,163.92365857454416,0.0,0,0
151000,165.061150530591,0.0,0,0
151100,165.75820480190325,0.0,0,0
151200,166.14675479809216,0.0,0,0
151300,166.78502679849245,0.0,0,0
151400,167.1949350592776,0.0,0,0
151500,167.85015647806523,0.0,0,0
151600,168.3925329478208,0.0,0,0
151700,168.97897247491193,0.0,0,0
151800,169.63282049676525,0.0,0,0
151900,170.31828744725263,0.0,0,0
152000,171.08636530154536,0.0,0,0
152100,171.64708786004744,0.0,0,0
152200,172.48593515440874,0.0,0,0
152300,172.96249771338304,0.0,0,0
152400,173.5909645757928,0.0,0,0
152500,174.3520341265197,0.0,0,0
152600,175.25383725814623,0.0,0,0
152700,175.74056834047119,0.0,0,0
152800,176.3786291914484,0.0,0,0
152900,176.9770326180194,0.0,0,0
153000,178.00484433621085,0.0,0,0
153100,178.65921942023016,0.0,0,0
153200,179.03877864824162,0.0,0,0
153300,179.73667867393243,0.0,0,0
153400,180.21487934010824,0.0,0,0
153500,180.65051736826186,0.0,0,0
153600,181.32212999305023,0.0,0,0
153700,181.7424772501303,0.0,0,0
153800,182.2311150557058,0.0,0,0
153900,182.92671181102898,0.0,0,0
154000,183.50223563647089,0.0,0,0
154100,184.0581206885988,0.0,0,0
154200,184.5803770911937,0.0,0,0
154300,185.34889440721753,0.0,0,0
154400,186.06760564417309,0.0,0,0
154500,186.67917349645614,0.0,0,0
154600,187.1622314558797,0.0,0,0
154700,187.68293777956214,0.0,0,0
154800,188.255844558411,0.0,0,0
154900,188.74252915983686,0.0,0,0
155000,189.478771240681,0.0,0,0
155100,190.36888519315997,0.0,0,0
155200,190.9692732418035,0.0,0,0
155300,191.58453640767266,0.0,0,0
155400,192.1267798063388,0.0,0,0
155500,192.94755841277606,0.0,0,0
155600,193.353192820808,0.0,0,0
155700,194.06275931969523,0.0,0,0
155800,194.7532516901735,0.0,0,0
155900,195.38733240043354,0.0,0,0
156000,195.83937150827765,0.0,0,0
156100,196.58143576086485,0.0,0,0
156200,196.9084926977414,0.0,0,0
156300,197.66786726274694,0.0,0,0
156400,198.54152857248332,0.0,0,0
156500,198.79155535390498,0.0,0,0
156600,199.26567276965156,0.0,0,0
156700,199.7634901619537,0.0,0,0
156800,200.15569742613943,0.0,0,0
156900,200.86411386776962,0.0,0.0625,0.015625
157000,201.4356709236465,0.0,0.0625,0.015625
157100,202.16795388571623,0.0,0,0
157200,202.56304179087874,0.0,0,0
157300,203.44488401629198,0.0,0,0
157400,203.87097379119623,0.0,0,0
157500,204.2571738079523,0.0,0.0625,0.015625
157600,204.79869711613074,0.0,0,0
157700,205.48406232475358,0.0,0,0
157800,205.9123336267044,0.0,0,0
157900,206.27158825696637,0.0,0,0
158000,206.71344359007338,0.0,0,0
158100,207.2975452172248,0.0,0,0
158200,208.04616918613954,0.0,0,0
158300,208.405670404073,0.0,0.0625,0.03125
158400,208.86923588212557,0.0,0,0
158500,209.59232601761136,0.0,0,0
158600,210.25428147229886,0.0,0.0625,0.046875
158700,210.85478398910854,0.0,0.0625,0.015625
158800,211.41279811111644,0.0,0.0625,0.015625
158900,212.02975036626432,0.0,0.0625,0.015625
159000,212.54624446960116,0.0,0,0
159100,213.1675485749825,0.0,0,0
159200,213.76685252628417,0.0,0.0625,0.03125
159300,214.22781228220086,0.0,0,0
159400,214.7795736730155,0.0,0,0
159500,215.37824388758787,0.0,0.0625,0.03125
159600,216.0033687342354,0.0,0,0
159700,216.5821665520499,0.0,0.0625,0.015625
159800,216.98573510776518,0.0,0.0625,0.0625
159900,217.8273192043099,0.0,0.0625,0.015625
160000,218.4121247335319,0.0,0.0625,0.015625
160100,218.7472253446089,0.0,0,0
160200,219.40718795332413,0.0,0.0625,0.015625
160300,220.00624869835812,0.0,0,0
160400,220.74824796056168,0.0,0,0
160500,221.55470127990782,0.0,0,0
160600,221.95447585862848,0.0,0.0625,0.015625
160700,222.40284930814568,0.0,0,0
160800,222.94539791581076,0.0,0.0625,0.015625
160900,223.76035379284468,0.0,0,0
161000,224.6732195058011,0.0,0.0625,0.015625
161100,225.27546023305547,0.0,0,0
161200,225.920305357639,0.0,0.0625,0.015625
161300,226.46309166892556,0.0,0,0
161400,227.05016045097312,0.0,0.0625,0.015625
161500,227.52345371983924,0.0,0,0
161600,228.17927021019773,0.0,0,0
161700,228.53111387002434,0.0,0,0
161800,229.14501764879088,0.0,0,0
161900,229.86226552329367,0.0,0,0
162000,230.40814891445726,0.0,0,0
162100,231.20114743336282,0.0,0,0
162200,231.90184845438267,0.0,0,0
162300,232.48754917485246,0.0,0,0
162400,233.07139716337517,0.0,0,0
162500,233.45886701655533,0.0,0,0
162600,234.35928337394054,0.0,0,0
162700,235.10767212288152,0.0,0,0
162800,235.57234300178064,0.0,0,0
162900,236.1476609492501,0.0,0,0
163000,236.70571278753323,0.0,0,0
163100,237.2769394076625,0.0,0,0
163200,237.72035893158082,0.0,0,0
163300,238.18871804233447,0.0,0,0
163400,238.6710308876495,0.0,0,0
163500,239.25712455305532,0.0,0,0
163600,239.9814639213185,0.0,0,0
163700,240.88203538013497,0.0,0,0
163800,241.47752871714164,0.0,0,0
163900,241.8515924019593,0.0,0,0
164000,242.6076796018354,0.0,0,0
164100,242.9993938589077,0.0,0,0
164200,243.50129000570374,0.0,0.0625,0.015625
164300,243.85860284189036,0.0,0,0
164400,244.5788503441295,0.0,0,0
164500,245.30729231167,0.0,0,0
164600,245.71090535946658,0.0,0,0
164700,246.47352257231387,0.0,0,0
164800,247.07977017509322,0.0,0,0
164900,247.76189346868958,0.0,0,0
165000,248.24471291300782,0.0,0,0
165100,248.80071394785455,0.0,0,0
165200,249.28201764889076,0.0,0,0
165300,249.80639733808198,0.0,0,0
165400,250.4796916261418,0.0,0,0
165500,251.05689481623415,0.0,0,0
165600,251.75869127086622,0.0,0,0
165700,252.5781234635834,0.0,0,0
165800,253.225749123256,0.0,0,0
165900,253.70672204943403,0.0,0,0
166000,254.66272028749532,0.0,0,0
166100,255.03535722899113,0.0,0,0
166200,255.61905570233128,0.0,0,0
166300,256.2473346001068,0.0,0.0625,0.015625
166400,256.86335589538095,0.0,0,0
166500,257.29525899219755,0.0,0,0
166600,257.70353472840134,0.0,0,0
166700,257.9892195000224,0.0,0,0
166800,258.5371464125035,0.0,0,0
166900,259.0453828917295,0.0,0,0
167000,259.4716917273801,0.0,0,0
167100,260.0277072953677,0.0,0,0
167200,260.52792046803745,0.0,0,0
167300,261.21122240031565,0.0,0,0
167400,261.6012993232482,0.0,0,0
167500,262.1511867726232,0.0,0,0
167600,262.63332273966756,0.0,0,0
167700,263.28464960014503,0.0,0,0
167800,263.69402281533314,0.0,0,0
167900,264.1776663015208,0.0,0,0
168000,264.84260578044376,0.0,0,0
168100,265.2995614111606,0.0,0,0
168200,265.84477102625755,0.0,0,0
168300,266.5292322348627,0.0,0,0
168400,267.3097896579095,0.0,0,0
168500,267.9782652312331,0.0,0,0
168600,268.6249520063141,0.0,0,0
168700,269.17781167970827,0.0,0,0
168800,269.83817330457254,0.0,0,0
168900,270.51131656801095,0.0,0,0
169000,271.17491965141903,0.0,0,0
169100,271.6177212532724,0.0,0,0
169200,272.287677089229,0.0,0,0
169300,272.95583336737894,0.0,0,0
169400,273.5400239489529,0.0,0,0
169500,274.0750029960562,0.0,0.0625,0.015625
169600,274.49999380750654,0.0,0,0
169700,274.915350940832,0.0,0,0
169800,275.3038034771974,0.0,0,0
169900,275.88335202265654,0.0,0,0
170000,276.52305569585286,0.0,0,0
170100,277.0303976588004,0.0,0,0
170200,277.4983793780406,0.0,0.0625,0.015625
170300,277.8408094045942,0.0,0,0
170400,278.4596085269717,0.0,0.0625,0.015625
170500,279.0301224231516,0.0,0,0
170600,279.4788719857973,0.0,0,0
170700,279.78391085790173,0.0,0,0
170800,280.3575635540039,0.0,0,0
170900,280.964852424187,0.0,0,0
171000,281.39067726275266,0.0,0,0
171100,281.9873692088351,0.0,0,0
171200,282.452708837257,0.0,0.0625,0.015625
171300,282.8311214204605,0.0,0,0
171400,283.2862069211819,0.0,0,0
171500,283.524866257871,0.0,0.0625,0.015625
171600,284.0722275551719,0.0,0,0
171700,284.49191045722114,0.0,0,0
171800,285.07413683916565,0.0,0.0625,0.015625
171900,285.5604326516553,0.0,0,0
172000,286.17283401700746,0.0,0,0
172100,286.7435751176059,0.0,0,0
172200,287.25214671473793,0.0,0,0
172300,287.7224524175098,0.0,0,0
172400,288.2758287771796,0.0,0,0
172500,288.86061354517346,0.0,0.0625,0.03125
172600,289.24570272086623,0.0,0.0625,0.015625
172700,289.7772295154446,0.0,0.0625,0.015625
172800,290.2229705052661,0.0,0,0
172900,290.8046891435515,0.0,0,0
173000,291.29160396175877,0.0,0.0625,0.015625
173100,291.6425243831996,0.0,0.0625,0.015625
173200,292.2481057806172,0.0,0.0625,0.046875
173300,292.8333717048822,0.0,0.125,0.03125
173400,293.29013533552353,0.0,0.0625,0.03125
173500,293.7660310551711,0.0,0.0625,0.03125
173600,294.3782706793727,0.0,0.0625,0.03125
173700,295.1209808043771,0.0,0.0625,0.015625
173800,295.62619845680507,0.0,0.0625,0.046875
173900,296.1043929613945,0.0,0,0
174000,296.44713292550847,0.0,0.0625,0.015625
174100,296.8963879754415,0.0,0.0625,0.015625
174200,297.54371949803493,0.0,0.0625,0.046875
174300,298.01261476367887,0.0,0.0625,0.015625
174400,298.3641473397163,0.0,0.0625,0.046875
174500,298.7373936280702,0.0,0.0625,0.015625
174600,299.20458093519443,0.0,0.0625,0.03125
174700,299.86772095149524,0.0,0.0625,0.046875
174800,300.25030056463225,0.0,0.0625,0.125
174900,300.79102105639157,0.0,0.0625,0.0625
175000,139.36619176475443,0.0,0.125,0.078125
175100,139.87193872256097,0.0,0.0625,0.046875
175200,140.49096050687515,0.0,0.0625,0.078125
175300,140.94739018443502,0.0,0.0625,0.0625
175400,141.31766166272857,0.0,0.0625,0.0625
175500,141.8486336098751,0.0,0.0625,0.0625
175600,142.58858821462812,0.0,0.0625,0.078125
175700,143.41083413775522,0.0,0.0625,0.109375
175800,143.90570779400483,0.0,0.0625,0.125
175900,144.5881940881498,0.0,0.0625,0.109375
176000,145.27167164143432,0.0,0.0625,0.09375
176100,145.9128911108691,0.0,0.0625,0.046875
176200,146.72440674517927,0.0,0.0625,0.140625
176300,147.22949022972946,0.0,0.0625,0.0625
176400,147.83434167873966,0.0,0.0625,0.15625
176500,148.27017321067999,0.0,0.0625,0.078125
176600,148.58046435588693,0.0,0.0625,0.203125
176700,149.02492406254743,0.0,0.0625,0.078125
176800,149.7791524945728,0.0,0.0625,0.1875
176900,150.11698904755298,0.0,0.0625,0.125
177000,150.5500341173111,0.0,0.0625,0.171875
177100,151.22147767076459,0.0,0.0625,0.15625
177200,151.81566072864695,0.0,0.0625,0.296875
177300,152.20530267467078,0.0,0.0625,0.171875
177400,152.66554799218272,0.0,0.0625,0.125
177500,153.32511215485877,0.0,0.0625,0.21875
177600,153.92054852736072,0.0,0.0625,0.25
177700,154.47807447172232,0.0,0.0625,0.21875
177800,154.95384320405046,0.0,0.0625,0.203125
177900,155.320703933834,0.0,0.0625,0.21875
178000,155.71815856460645,0.0,0.0625,0.15625
178100,156.09422999274952,0.0,0.0625,0.125
178200,156.48963549114575,0.0,0.0625,0.21875
178300,157.05616495927268,0.0,0.0625,0.203125
178400,157.5671418215143,0.0,0.0625,0.234375
178500,158.03436350400884,0.0,0.0625,0.25
178600,158.61529702313788,0.0,0.0625,0.203125
178700,159.0489163613645,0.0,0.0625,0.203125
178800,159.4513185752032,0.0,0.0625,0.28125
178900,159.99686070064533,0.0,0.0625,0.234375
179000,160.7855049061789,0.0,0.0625,0.203125
179100,161.47259936362394,0.0,0.0625,0.171875
179200,162.03336749172445,0.0,0.0625,0.25
179300,162.6565342362579,0.0,0.0625,0.203125
179400,163.23367354669367,0.0,0.0625,0.28125
179500,163.8832641525759,0.0,0.0625,0.328125
179600,164.3951694687687,0.0,0.0625,0.234375
179700,165.0638174741167,0.0,0.0625,0.28125
179800,165.5676539585566,0.0,0.0625,0.28125
179900,166.13614376120165,0.0,0.0625,0.21875
180000,166.93230231075074,0.0,0.0625,0.265625
180100,167.5345581201094,0.0,0.0625,0.234375
180200,168.22583688245894,0.0,0.0625,0.34375
180300,168.60156671042174,0.0,0.0625,0.1875
180400,169.0493072257019,0.0,0.0625,0.28125
180500,169.47872328715283,0.0,0.0625,0.421875
180600,170.04707683179225,0.0,0.0625,0.453125
180700,170.4610283412604,0.0,0.0625,0.421875
180800,170.9564001726651,0.0,0.0625,0.40625
180900,171.26605651785903,0.0,0.0625,0.40625
181000,171.82674777796643,0.0,0.0625,0.359375
181100,172.26418405657938,0.0,0.0625,0.390625
181200,172.77226904957416,0.0,0.0625,0.390625
181300,173.15025070860753,0.0,0.0625,0.546875
181400,173.74950272142397,0.0,0.0625,0.46875
181500,174.14294564580712,0.0,0.0625,0.390625
181600,174.85136207351448,0.0,0.0625,0.359375
181700,175.36328110721348,0.0,0.0625,0.375
181800,175.94508737231558,0.0,0.0625,0.3125
181900,176.43833566893738,0.0,0.0625,0.515625
182000,177.06847480315693,0.0,0.0625,0.46875
182100,177.5137635963914,0.0,0.0625,0.578125
182200,178.12217101434706,0.0,0.0625,0.515625
182300,178.3895070087128,0.0,0.0625,0.40625
182400,178.93307812932554,0.0,0.0625,0.53125
182500,179.28447469266965,0.0,0.0625,0.46875
182600,179.7696047210731,0.0,0.0625,0.515625
182700,180.43032026969382,0.0,0.0625,0.515625
182800,180.7351830636892,0.0,0.0625,0.578125
182900,181.565020473053,0.0,0.0625,0.578125
183000,182.0966257352238,0.0,0.0625,0.6875
183100,183.0544031815461,0.0,0.0625,0.515625
183200,183.70247997364183,0.0,0.0625,0.625
183300,184.22474401058707,0.0,0.0625,0.59375
183400,184.91935129693354,0.0,0.0625,0.5625
183500,185.47530389688868,0.0,0.0625,0.59375
183600,185.93904242675322,0.0,0.0625,0.59375
183700,186.36837082910094,0.0,0.0625,0.5
183800,186.95781073158145,0.0,0.0625,0.578125
183900,187.49960694662727,0.0,0.0625,0.65625
184000,188.09543304157864,0.0,0.0625,0.703125
184100,188.67690000697834,0.0,0.0625,0.65625
184200,189.17629020212453,0.0,0.0625,0.640625
184300,189.5881679010526,0.0,0.0625,0.6875
184400,190.11531812676702,0.0,0.0625,0.34375
184500,190.82840791341422,0.0,0.0625,0.578125
184600,191.11707936097795,0.0,0.0625,0.5625
184700,191.35505897789608,0.0,0.0625,0.59375
184800,191.77804939800816,0.0,0.0625,0.671875
184900,192.3517273276051,0.0,0.0625,0.53125
185000,192.92413536972842,0.0,0.0625,0.5625
185100,193.47738780440417,0.0,0.0625,0.640625
185200,194.18402778921651,0.0,0.0625,0.515625
185300,194.7191682562606,0.0,0.0625,0.421875
185400,195.3380875322974,0.0,0.0625,0.671875
185500,195.79258355782798,0.0,0.0625,0.515625
185600,196.15039651640723,0.0,0.0625,0.484375
185700,196.57103215334837,0.0,0.0625,0.5
185800,197.33925255139687,0.0,0.0625,0.515625
185900,197.87492363625287,0.0,0.0625,0.546875
186000,198.58468153906472,0.0,0.0625,0.375
186100,199.3007966872042,0.0,0.0625,0.515625
186200,199.97492899655364,0.0,0.0625,0.390625
186300,200.44763086533396,0.0,0.0625,0.40625
186400,201.0412590007759,0.0,0.0625,0.40625
186500,201.57949163080067,0.0,0.0625,0.359375
186600,202.2089977621292,0.0,0.0625,0.40625
186700,202.9654792234583,0.0,0.0625,0.328125
186800,203.62981426911722,0.0,0.0625,0.171875
186900,204.149276758241,0.0,0.0625,0.1875
187000,204.94577137938967,0.0,0.0625,0.234375
187100,205.58641302014888,0.0,0.0625,0.203125
187200,206.11323527540108,0.0,0.0625,0.203125
187300,206.72738153183653,0.0,0.0625,0.15625
187400,208.08226269642066,0.0,0.0625,0.09375
187500,208.82746453979303,0.0,0.0625,0.109375
187600,209.5758507454189,0.0,0,0
187700,210.01816404136784,0.0,0.0625,0.03125
187800,210.60928342261096,0.0,0,0
187900,211.1906686837646,0.0,0.0625,0.03125
188000,212.07341124202733,0.0,0.0625,0.03125
188100,212.5747584432602,0.0,0.0625,0.03125
188200,213.42793873810922,0.0,0.0625,0.015625
188300,214.00624625834328,0.0,0,0
188400,214.59211824344618,0.0,0,0
188500,215.11452272151172,0.0,0.0625,0.03125
188600,215.93882809699906,0.0,0,0
188700,216.63812239111832,0.0,0,0
188800,217.1729813400657,0.0,0,0
188900,217.87648091533734,0.0,0,0
189000,218.52399616480142,0.0,0,0
189100,219.03113196224788,0.0,0,0
189200,219.77360915451888,0.0,0,0
189300,220.18883557001126,0.0,0,0
189400,221.0157522028962,0.0,0,0
189500,221.59734440528314,0.0,0,0
189600,222.21543018737503,0.0,0,0
189700,222.67600559662102,0.0,0,0
189800,223.20051839693377,0.0,0,0
189900,223.63142986327438,0.0,0,0
190000,224.17414488321123,0.0,0,0
190100,224.7074655918815,0.0,0,0
190200,225.03795194483956,0.0,0,0
190300,225.64187835285531,0.0,0,0
190400,226.42653679836027,0.0,0,0
190500,227.11111534874863,0.0,0,0
190600,227.8288880001866,0.0,0,0
190700,228.30848023172382,0.0,0.0625,0.015625
190800,228.69287445040302,0.0,0,0
190900,229.39322279453805,0.0,0,0
191000,230.04601577456688,0.0,0,0
191100,230.7729448068293,0.0,0,0
191200,232.03842885981643,0.0,0,0
191300,232.74596940007413,0.0,0,0
191400,233.19638137208312,0.0,0,0
191500,233.4783036971449,0.0,0,0
191600,233.9170369884027,0.0,0,0
191700,234.5265957723905,0.0,0,0
191800,234.96007422981359,0.0,0,0
191900,235.65934497548014,0.0,0,0
192000,235.95437235981802,0.0,0,0
192100,236.39409149653747,0.0,0,0
192200,236.97620579340511,0.0,0,0
192300,237.5486806749134,0.0,0,0
192400,238.29752758829557,0.0,0,0
192500,238.78713800248434,0.0,0,0
192600,239.14289732526248,0.0,0,0
192700,239.69044076522894,0.0,0,0
192800,240.12783462839354,0.0,0,0
192900,240.65848368163668,0.0,0,0
193000,241.37406142876804,0.0,0,0
193100,242.17843556665812,0.0,0,0
193200,242.82300546353028,0.0,0,0
193300,243.3255345242043,0.0,0,0
193400,243.887844752525,0.0,0,0
193500,244.31750911294543,0.0,0,0
193600,244.8600462695967,0.0,0,0
193700,245.51686665772849,0.0,0,0
193800,245.91681369651235,0.0,0,0
193900,246.48158891201953,0.0,0,0
194000,246.9866375189999,0.0,0,0
194100,247.3278561425197,0.0,0,0
194200,247.86544724033112,0.0,0,0
194300,248.410004843183,0.0,0,0
194400,249.1466287084919,0.0,0,0
194500,249.68164237926203,0.0,0,0
194600,250.2349092062958,0.0,0,0
194700,250.70593367361226,0.0,0,0
194800,251.1363229925287,0.0,0,0
194900,251.9110723614412,0.0,0,0
195000,252.34572291640424,0.0,0,0
195100,252.7728041337724,0.0,0,0
195200,253.05240392747928,0.0,0,0
195300,253.77091157045788,0.0,0,0
195400,254.32503824516965,0.0,0,0
195500,254.7443275035927,0.0,0,0
195600,255.2647818298452,0.0,0,0
195700,255.63520519035347,0.0,0,0
195800,256.404504756628,0.0,0,0
195900,256.7079175259529,0.0,0,0
196000,257.471335344608,0.0,0,0
196100,258.11930776200165,0.0,0,0
196200,258.73277031202264,0.0,0,0
196300,259.42694811646527,0.0,0,0
196400,260.06722960455363,0.0,0,0
196500,260.62524045478796,0.0,0,0
196600,261.24723020210985,0.0,0,0
196700,262.07498212031015,0.0,0,0
196800,262.80410445967686,0.0,0,0
196900,263.3436629827692,0.0,0,0
197000,264.0667950785295,0.0,0,0
197100,264.60066584664156,0.0,0,0
197200,265.11783785243233,0.0,0,0
197300,265.64007187262655,0.0,0,0
197400,266.05183253843916,0.0,0,0
197500,266.4694124087592,0.0,0,0
197600,266.94778329454266,0.0,0,0
197700,267.33374120443307,0.0,0,0
197800,267.9273203624319,0.0,0,0
197900,268.60307315029047,0.0,0,0
198000,269.0712722526888,0.0,0,0
198100,269.60430426161037,0.0,0,0
198200,270.55869493427156,0.0,0,0
198300,271.1204187460898,0.0,0,0
198400,271.78688890753904,0.0,0,0
198500,272.25188843064245,0.0,0,0
198600,272.88621207081934,0.0,0,0
198700,273.45618007475235,0.0,0,0
198800,274.2770624665292,0.0,0,0
198900,274.7502159664417,0.0,0,0
199000,275.06224522967307,0.0,0,0
199100,275.5230036900357,0.0,0,0
199200,276.2252778990927,0.0,0,0
199300,276.59666586942984,0.0,0,0
199400,277.28795159943496,0.0,0,0
199500,278.02978763905315,0.0,0,0
199600,278.5955383147208,0.0,0,0
199700,279.3784005537258,0.0,0,0
199800,279.7389678799251,0.0,0,0
199900,280.22041908222167,0.0,0,0
200000,186.31865948091124,0.0,0,0
200100,187.05966265207306,0.0,0,0
200200,187.95367345857957,0.0,0,0
200300,189.15979825583395,0.0,0,0
200400,190.09470242232265,0.0,0,0
200500,191.2954509440541,0.0,0,0
200600,192.14686473423745,0.0,0,0
200700,193.1780518976652,0.0,0,0
200800,194.46281332455004,0.0,0,0
200900,195.11670232974564,0.0,0,0
201000,196.03532529433159,0.0,0,0
201100,196.74246785155293,0.0,0,0
201200,197.28846060993422,0.0,0,0
201300,198.2999795694642,0.0,0,0
201400,199.18072076488818,0.0,0,0
201500,199.92621887643867,0.0,0,0
201600,200.90239334474236,0.0,0,0
201700,201.95621281600398,0.0,0,0
201800,202.81711987265112,0.0,0,0
201900,203.73777417129568,0.0,0,0
202000,204.5651962486892,0.0,0,0
202100,205.5038060974348,0.0,0,0
202200,206.56296241036011,0.0,0,0
202300,207.22784622573477,0.0,0,0
202400,208.50845102032974,0.0,0,0
202500,209.6160886254033,0.0,0,0
202600,210.32892600052014,0.0,0,0
202700,211.050438357887,0.0,0,0
202800,212.34601886505962,0.0,0,0
202900,213.00723818169735,0.0,0,0
203000,213.59839153447598,0.0,0,0
203100,214.3091426491999,0.0,0,0
203200,215.30029481800437,0.0,0,0
203300,216.3256714423615,0.0,0,0
203400,217.67707670538795,0.0,0,0
203500,218.64211203219372,0.0,0,0
203600,219.17256814097112,0.0,0,0
203700,220.11056481781708,0.0,0,0
203800,221.04045139993434,0.0,0,0
203900,221.83299235379585,0.0,0,0
204000,222.5611795769917,0.0,0,0
204100,223.64597759908918,0.0,0,0
204200,224.4226028192197,0.0,0,0
204300,225.35723496493196,0.0,0,0
204400,226.26840523223328,0.0,0,0
204500,227.64677239262255,0.0,0,0
204600,228.01638160474732,0.0,0,0
204700,228.7998658337735,0.0,0,0
204800,229.8788008617775,0.0,0,0
204900,231.23035903174434,0.0,0,0
205000,232.06275027536554,0.0,0,0
205100,233.62492299430838,0.0,0,0
205200,234.22653909874325,0.0,0,0
205300,234.98192113745932,0.0,0,0
205400,236.31117054986518,0.0,0,0
205500,237.0673061267919,0.0,0,0
205600,237.84158851794447,0.0,0,0
205700,238.4721448266169,0.0,0,0
205800,239.2603905656528,0.0,0,0
205900,240.3587083115054,0.0,0,0
206000,241.0702442009843,0.0,0,0
206100,242.150794510921,0.0,0,0
206200,243.36212529082053,0.0,0,0
206300,244.1200945896727,0.0,0,0
206400,244.83690115149574,0.0,0,0
206500,245.55045646360784,0.0,0,0
206600,246.05262761606525,0.0,0,0
206700,246.82191373143584,0.0,0,0
206800,247.7133606918806,0.0,0,0
206900,248.27638974563934,0.0,0,0
207000,248.84192595070536,0.0,0,0
207100,249.67105444345242,0.0,0,0
207200,250.65255440988932,0.0,0,0
207300,251.59757754175567,0.0,0,0
207400,252.3062714791572,0.0,0,0
207500,253.37585866280622,0.0,0,0
207600,254.3110342389341,0.0,0,0
207700,255.1577275573365,0.0,0,0
207800,256.22287034506,0.0,0,0
207900,256.816621213738,0.0,0,0
208000,258.0210490779274,0.0,0,0
208100,259.0790583933913,0.0,0,0
208200,259.9349306030858,0.0,0,0
208300,260.88990610928926,0.0,0,0
208400,261.2430587131863,0.0,0,0
208500,261.9119314155928,0.0,0,0
208600,262.6596641987092,0.0,0,0
208700,263.29681973771835,0.0,0,0
208800,264.1353766973313,0.0,0,0
208900,265.19913264134135,0.0,0,0
209000,265.7217474520915,0.0,0,0
209100,266.1686885417355,0.0,0,0
209200,267.101190561668,0.0,0,0
209300,268.22906767850174,0.0,0,0
209400,269.1451054577092,0.0,0,0
209500,270.01212400750654,0.0,0,0
209600,270.52592109968776,0.0,0,0
209700,271.39677017666475,0.0,0,0
209800,272.0483898850059,0.0,0,0
209900,272.739372979827,0.0,0,0
210000,273.4702695226176,0.0,0,0
210100,274.0887041005805,0.0,0,0
210200,274.8589485806126,0.0,0,0
210300,275.4596651421113,0.0,0,0
210400,276.7417091729831,0.0,0,0
210500,277.62369242822217,0.0,0,0
210600,278.8423217798405,0.0,0,0
210700,279.78638712708715,0.0,0,0
210800,280.4466735257924,0.0,0,0
210900,281.07971854237263,0.0,0,0
211000,282.164746714058,0.0,0,0
211100,282.8469659040189,0.0,0,0
211200,283.50587257868733,0.0,0,0
211300,284.3605498332774,0.0,0,0
211400,285.0251325272893,0.0,0,0
211500,286.05074357479,0.0,0,0
211600,286.6880289651653,0.0,0,0
211700,287.5846971098054,0.0,0,0
211800,288.40918692043266,0.0,0,0
211900,289.06383830625936,0.0,0,0
212000,289.72315135830775,0.0,0,0
212100,290.3245053845574,0.0,0,0
212200,291.1176767625321,0.0,0,0
212300,291.85222012683954,0.0,0,0
212400,292.6480850007348,0.0,0,0
212500,293.31568959474833,0.0,0,0
212600,294.0585424811218,0.0,0,0
212700,294.95936988565205,0.0,0,0
212800,295.6289150700833,0.0,0,0
212900,296.3230230557732,0.0,0,0
213000,297.2045046063798,0.0,0,0
213100,297.8072278863293,0.0,0,0
213200,298.65934604476473,0.0,0,0
213300,299.7410981515932,0.0,0,0
213400,300.44314452279514,0.0,0,0
213500,301.4279926622812,0.0,0,0
213600,302.0265708630507,0.0,0,0
213700,302.76541312349383,0.0,0,0
213800,303.3202622884535,0.0,0,0
213900,304.10777698221756,0.0,0,0
214000,304.6869044571441,0.0,0,0
214100,305.60047704087975,0.0,0,0
214200,306.9118544573481,0.0,0,0
214300,307.3040515775825,0.0,0,0
214400,308.2332397125903,0.0,0,0
214500,308.95345091868325,0.0,0,0
214600,309.49459934313063,0.0,0,0
214700,310.1919287937322,0.0,0,0
214800,310.68072263626124,0.0,0,0
214900,311.2380718528715,0.0,0,0
215000,312.05663203970084,0.0,0,0
215100,312.83495643086223,0.0,0,0
215200,313.373527403139,0.0,0,0
215300,313.9581823246376,0.0,0,0
215400,314.6542801161535,0.0,0,0
215500,315.56632083285206,0.0,0,0
215600,316.4236360691869,0.0,0,0
215700,317.17645753388314,0.0,0,0
215800,317.7010558244689,0.0,0,0
215900,318.6882803489421,0.0,0,0
216000,319.7124542110017,0.0,0,0
216100,320.16328030958846,0.0,0,0
216200,320.8803599991721,0.0,0,0
216300,321.6394320571848,0.0,0,0
216400,322.0197633522389,0.0,0,0
216500,322.54069511394164,0.0,0,0
216600,323.0183051795422,0.0,0,0
216700,323.62906309943475,0.0,0,0
216800,324.24735129293936,0.0,0,0
216900,324.94676413471825,0.0,0,0
217000,325.39280114342415,0.0,0,0
217100,326.0314094504141,0.0,0,0
217200,326.6248421972046,0.0,0,0
217300,327.6983394013836,0.0,0,0
217400,328.15431549078676,0.0,0,0
217500,328.5451766191274,0.0,0,0
217600,329.58563472974924,0.0,0,0
217700,330.5259397399813,0.0,0,0
217800,331.2690541831227,0.0,0,0
217900,331.9784155651602,0.0,0,0
218000,332.6658683134328,0.0,0,0
218100,333.69548004774214,0.0,0,0
218200,334.46754361064205,0.0,0,0
218300,335.00416703128593,0.0,0,0
218400,335.53069945070536,0.0,0,0
218500,336.34282787067093,0.0,0,0
218600,337.0162962379476,0.0,0,0
218700,337.5430012372736,0.0,0,0
218800,338.1500716587393,0.0,0,0
218900,338.69568199533643,0.0,0,0
219000,339.36465351879053,0.0,0,0
219100,339.7781653737063,0.0,0,0
219200,340.27838934173064,0.0,0,0
219300,340.76819795683537,0.0,0,0
219400,341.5717504781726,0.0,0,0
219500,342.4298104521822,0.0,0,0
219600,342.8222986465112,0.0,0,0
219700,343.6589682098514,0.0,0,0
219800,344.3377663588938,0.0,0,0
219900,344.70389406255333,0.0,0,0
220000,345.50580573375174,0.0,0,0
220100,346.04641925378445,0.0,0,0
220200,346.4590479577298,0.0,0,0
220300,347.1719862172481,0.0,0,0
220400,347.69523714305876,0.0,0,0
220500,348.3125638527207,0.0,0,0
220600,348.79551506376686,0.0,0,0
220700,349.29833913968827,0.0,0,0
220800,349.7954784251835,0.0,0,0
220900,350.2764613798704,0.0,0,0
221000,350.92394313903117,0.0,0,0
221100,351.67341825490166,0.0,0,0
221200,352.52012799573106,0.0,0,0
221300,352.96271637051143,0.0,0,0
221400,353.43346169316857,0.0,0,0
221500,354.1456618756035,0.0,0,0
221600,354.9308004760399,0.0,0,0
221700,355.7670826090768,0.0,0,0
221800,356.2491988598611,0.0,0,0
221900,356.64133250336505,0.0,0,0
222000,357.11491580870535,0.0,0,0
222100,357.7370549312233,0.0,0,0
222200,358.36226938413404,0.0,0,0
222300,358.8911312566494,0.0,0,0
222400,359.519394051249,0.0,0,0
222500,360.11100523833574,0.0,0,0
222600,360.6911581112655,0.0,0,0
222700,361.2248830105364,0.0,0,0
222800,361.68883752504706,0.0,0,0
222900,362.16838239026777,0.0,0,0
223000,363.03697097236005,0.0,0,0
223100,363.93713345941876,0.0,0,0
223200,364.6093375561494,0.0,0,0
223300,365.25163899474575,0.0,0,0
223400,366.21131171078974,0.0,0,0
223500,366.7743735735011,0.0,0,0
223600,367.4137396423663,0.0,0,0
223700,367.865802402104,0.0,0,0
223800,368.26976050408973,0.0,0,0
223900,368.9151411085465,0.0,0,0
224000,369.4753515437335,0.0,0,0
224100,369.89671111198567,0.0,0,0
224200,370.30624473557594,0.0,0,0
224300,370.5536513118327,0.0,0,0
224400,370.96663897140945,0.0,0,0
224500,371.8630781403209,0.0,0,0
224600,372.3449257882706,0.0,0,0
224700,372.96674402560063,0.0,0,0
224800,373.46560268987315,0.0,0,0
224900,373.70851985977447,0.0,0,0
225000,212.0488375466332,0.0,0,0
225100,212.4226976515671,0.0,0,0
225200,212.87101330848316,0.0,0,0
225300,213.22025835509294,0.0,0,0
225400,213.6073043076855,0.0,0,0
225500,213.99691898432502,0.0,0,0
225600,214.401302655138,0.0,0,0
225700,214.91621251706675,0.0,0,0
225800,215.41218362760273,0.0,0,0
225900,215.87451816482533,0.0,0,0
226000,216.3841917598497,0.0,0,0
226100,216.85702676353657,0.0,0,0
226200,217.41964932776767,0.0,0,0
226300,217.76932621165537,0.0,0,0
226400,218.30444195701193,0.0,0,0
226500,218.7353004064177,0.0,0,0
226600,219.26533817448322,0.0,0,0
226700,219.6586352972719,0.0,0,0
226800,220.1344249124634,0.0,0,0
226900,220.5659502087448,0.0,0,0
227000,220.94344182071882,0.0,0,0
227100,221.40488618664384,0.0,0,0
227200,221.73865410208526,0.0,0,0
227300,222.21989410024952,0.0,0,0
227400,222.66426799870578,0.0,0,0
227500,223.08166811062478,0.0,0,0
227600,223.58313273586666,0.0,0,0
227700,223.90762721456724,0.0,0,0
227800,224.61974138636742,0.0,0,0
227900,224.89425867554783,0.0,0,0
228000,225.32125319229863,0.0,0.0625,0.015625
228100,226.02372131351353,0.0,0,0
228200,226.51538532196702,0.0,0,0
228300,226.74340814629494,0.0,0,0
228400,227.30128601240975,0.0,0,0
228500,227.67157600949415,0.0,0.0625,0.03125
228600,228.1749005653874,0.0,0.0625,0.015625
228700,228.54336712194285,0.0,0,0
228800,229.1060083578591,0.0,0.0625,0.078125
228900,229.46768146461736,0.0,0.0625,0.015625
229000,229.7531060067545,0.0,0.0625,0.0625
229100,230.04775266741686,0.0,0.0625,0.046875
229200,230.47499578294958,0.0,0.0625,0.015625
229300,231.007834048662,0.0,0.0625,0.0625
229400,231.26533395304384,0.0,0.0625,0.015625
229500,231.56319997945945,0.0,0.0625,0.046875
229600,231.89074328943397,0.0,0.0625,0.03125
229700,232.1859749170254,0.0,0.0625,0.046875
229800,232.5312085152335,0.0,0.0625,0.03125
229900,232.73433284271408,0.0,0.0625,0.015625
230000,233.20533140868136,0.0,0.0625,0.015625
230100,233.7569282522149,0.0,0.0625,0.03125
230200,234.35224814859274,0.0,0.0625,0.0625
230300,234.70122050212467,0.0,0.0625,0.109375
230400,235.10915827074223,0.0,0.0625,0.125
230500,235.58188423071854,0.0,0.0625,0.203125
230600,236.11890632319728,0.0,0.0625,0.140625
230700,236.68386405478915,0.0,0.0625,0.125
230800,237.19577469880335,0.0,0.0625,0.1875
230900,237.56455128906268,0.0,0.0625,0.140625
231000,238.00681232136787,0.0,0.0625,0.09375
231100,238.4494501621625,0.0,0.0625,0.25
231200,239.01947656038047,0.0,0.0625,0.21875
231300,239.54944400136287,0.0,0.0625,0.21875
231400,239.85473314002468,0.0,0.0625,0.140625
231500,240.1821860542202,0.0,0.0625,0.1875
231600,240.5848188510387,0.0,0.0625,0.171875
231700,241.03101012097812,0.0,0.0625,0.203125
231800,241.32793652805003,0.0,0.0625,0.140625
231900,241.79499368406638,0.0,0.0625,0.140625
232000,242.18687641428187,0.0,0.0625,0.15625
232100,243.98664239328238,0.0,0.0625,0.359375
232200,244.34370220648626,0.0,0.0625,0.53125
232300,244.78476159261874,0.0,0.0625,0.421875
232400,245.23031065370924,0.0,0.0625,0.40625
232500,245.59102010193791,0.0,0.0625,0.578125
232600,245.8884033877887,0.0,0.0625,0.515625
232700,246.27890596620946,0.0,0.0625,0.484375
232800,246.75126048120475,0.0,0.0625,0.390625
232900,247.13106050039414,0.0,0.0625,0.390625
233000,247.4596916101043,0.0,0.0625,0.46875
233100,247.78770731432812,0.0,0.0625,0.359375
233200,248.2395214643029,0.0,0.0625,0.390625
233300,248.56031944106715,0.0,0.0625,0.390625
233400,248.88890618681364,0.0,0.0625,0.578125
233500,249.30595435786805,0.0,0.0625,0.453125
233600,249.6836231725369,0.0,0.0625,0.328125
233700,249.98994547863094,0.0,0.0625,0.3125
233800,250.2881565908457,0.0,0.0625,0.296875
233900,250.66293434098645,0.0,0.0625,0.296875
234000,251.04428145631542,0.0,0.0625,0.40625
234100,251.4013771340331,0.0,0.0625,0.359375
234200,252.0719834224371,0.0,0.0625,0.375
234300,252.40834916952818,0.0,0.0625,0.265625
234400,252.81226414148068,0.0,0.0625,0.1875
234500,253.196386701636,0.0,0.0625,0.234375
234600,253.4669990823872,0.0,0.0625,0.234375
234700,253.79733735096485,0.0,0.0625,0.1875
234800,254.25412115921822,0.0,0.0625,0.203125
234900,255.06770498853152,0.0,0.0625,0.109375
235000,255.52952557186904,0.0,0.0625,0.171875
235100,255.8495563789571,0.0,0.0625,0.09375
235200,256.2721652580417,0.0,0.0625,0.0625
235300,256.62821373632414,0.0,0.0625,0.109375
235400,256.9495653012978,0.0,0.0625,0.0625
235500,257.3246993098804,0.0,0.0625,0.03125
235600,257.57164410400304,0.0,0.0625,0.0625
235700,257.9807725619066,0.0,0.0625,0.109375
235800,258.4513513095188,0.0,0.0625,0.109375
235900,258.85668823990284,0.0,0.0625,0.0625
236000,259.1893227090978,0.0,0.0625,0.109375
236100,259.50605760798476,0.0,0.0625,0.109375
236200,259.80509983939123,0.0,0.0625,0.046875
236300,260.30443179088417,0.0,0.0625,0.046875
236400,260.7600951186647,0.0,0.0625,0.03125
236500,261.06321704327763,0.0,0.0625,0.0625
236600,261.31643855680886,0.0,0.0625,0.09375
236700,261.66132647352384,0.0,0.0625,0.046875
236800,262.1121417483603,0.0,0.0625,0.015625
236900,262.47915992900073,0.0,0.0625,0.0625
237000,262.73752319569263,0.0,0.0625,0.03125
237100,263.2834185049735,0.0,0.0625,0.046875
237200,263.80637531190695,0.0,0.0625,0.015625
237300,264.3189124360529,0.0,0.0625,0.015625
237400,264.80745664288077,0.0,0.0625,0.015625
237500,265.24043088735107,0.0,0.0625,0.03125
237600,265.47195511751517,0.0,0.0625,0.015625
237700,265.83974134464023,0.0,0.0625,0.015625
237800,266.356036020896,0.0,0,0
237900,266.98823846874456,0.0,0.0625,0.015625
238000,267.3519621605352,0.0,0.0625,0.015625
238100,267.74957484538163,0.0,0.0625,0.015625
238200,268.1296104288814,0.0,0.0625,0.03125
238300,268.4984606925729,0.0,0.0625,0.015625
238400,268.804567036324,0.0,0,0
238500,269.19918298207546,0.0,0,0
238600,269.5804453714466,0.0,0.0625,0.015625
238700,270.05953027047656,0.0,0.0625,0.015625
238800,270.5260876192948,0.0,0,0
238900,270.9267718516238,0.0,0,0
239000,271.2944054090992,0.0,0,0
239100,271.9741996033822,0.0,0,0
239200,272.2551264656543,0.0,0,0
239300,272.67666847299574,0.0,0,0
239400,273.14385247528105,0.0,0,0
239500,273.75175067163866,0.0,0.0625,0.015625
239600,274.2187919887652,0.0,0,0
239700,274.4131616760139,0.0,0,0
239800,274.84220454349736,0.0,0,0
239900,275.31612985646063,0.0,0,0
240000,275.75032232662477,0.0,0,0
240100,276.1283270971908,0.0,0,0
240200,276.3808032558753,0.0,0,0
240300,276.75326693085174,0.0,0,0
240400,277.18496646635117,0.0,0,0
240500,277.6410471819701,0.0,0,0
240600,277.9131968657278,0.0,0,0
240700,278.3294389545321,0.0,0,0
240800,278.73976529176855,0.0,0,0
240900,279.18436499448245,0.0,0,0
241000,279.4401280685626,0.0,0,0
241100,280.00748418521437,0.0,0,0
241200,280.5304333044151,0.0,0,0
241300,280.8795616511508,0.0,0,0
241400,281.2046372460362,0.0,0,0
241500,281.6895182649209,0.0,0,0
241600,282.03479293501385,0.0,0.0625,0.015625
241700,282.6645195022186,0.0,0,0
241800,283.1573678875023,0.0,0,0
241900,283.6033689995702,0.0,0,0
242000,284.36407621391663,0.0,0,0
242100,284.67186606798134,0.0,0,0
242200,285.03825100242165,0.0,0,0
242300,285.3499097264066,0.0,0,0
242400,285.7384626036552,0.0,0,0
242500,286.2333993429526,0.0,0,0
242600,286.7908210592961,0.0,0,0
242700,287.1117762872472,0.0,0,0
242800,287.8982902180388,0.0,0,0
242900,288.30468851159657,0.0,0,0
243000,288.63111138233074,0.0,0,0
243100,289.07409506940877,0.0,0,0
243200,289.44258924215933,0.0,0,0
243300,289.84924390772375,0.0,0,0
243400,290.3238122462252,0.0,0,0
243500,290.71001512222745,0.0,0,0
243600,291.01934934127627,0.0,0,0
243700,291.3854500977154,0.0,0,0
243800,291.84173343138053,0.0,0,0
243900,292.19726728291766,0.0,0,0
244000,292.73895177384645,0.0,0,0
244100,293.074768937562,0.0,0,0
244200,293.35184782099816,0.0,0,0
244300,293.69881918471617,0.0,0,0
244400,294.1179064310497,0.0,0,0
244500,294.4889847131183,0.0,0,0
244600,294.9201775792344,0.0,0,0
244700,295.3847068093459,0.0,0,0
244800,295.81448580296893,0.0,0,0
244900,296.37851965306726,0.0,0,0
245000,296.77268367719665,0.0,0,0
245100,297.250652823175,0.0,0,0
245200,297.5940724185955,0.0,0,0
245300,298.13071232946936,0.0,0,0
245400,298.48678575683306,0.0,0,0
245500,298.7355563672534,0.0,0,0
245600,299.20124923724927,0.0,0,0
245700,299.73580015864013,0.0,0,0
245800,300.08280576710246,0.0,0,0
245900,300.3503927199599,0.0,0,0
246000,300.7141268556047,0.0,0,0
246100,301.20700735788165,0.0,0,0
246200,301.5886070039071,0.0,0,0
246300,302.17025634844885,0.0,0,0
246400,302.49309331921745,0.0,0,0
246500,302.80561203755957,0.0,0,0
246600,303.20191461420734,0.0,0,0
246700,303.5533181517104,0.0,0,0
246800,304.2474414879822,0.0,0,0
246900,304.60210147604204,0.0,0,0
247000,304.9928252648199,0.0,0,0
247100,305.507156941418,0.0,0,0
247200,305.807932622632,0.0,0,0
247300,306.1370551755272,0.0,0,0
247400,306.5240351101746,0.0,0,0
247500,306.91782933477947,0.0,0,0
247600,307.3480041948574,0.0,0,0
247700,307.85649845111584,0.0,0,0
247800,308.2314020559569,0.0,0,0
247900,308.4506501549427,0.0,0,0
248000,308.9931665280707,0.0,0,0
248100,309.55749912074356,0.0,0,0
248200,309.8553623449407,0.0,0,0
248300,310.2440719137125,0.0,0,0
248400,310.7251734127134,0.0,0,0
248500,311.15407187772615,0.0,0,0
248600,311.4907632457527,0.0,0,0
248700,311.80346964082054,0.0,0,0
248800,312.24955713863665,0.0,0,0
248900,312.6406210667605,0.0,0,0
249000,313.244390293214,0.0,0,0
249100,313.5671993742823,0.0,0,0
249200,313.86976449564344,0.0,0,0
249300,314.2530300622433,0.0,0,0
249400,314.51077943916965,0.0,0,0
249500,315.14273124852315,0.0,0,0
249600,315.67050895502166,0.0,0,0
249700,316.01559516385817,0.0,0,0
249800,316.3963166275229,0.0,0,0
249900,316.6607464172181,0.0,0,0
250000,190.87270307702244,0.0,0,0
250100,191.43738056580924,0.0,0,0
250200,191.8893315924941,0.0,0,0
250300,192.39598314429855,0.0,0,0
250400,193.0549785525751,0.0,0,0
250500,193.56283106539593,0.0,0,0
250600,194.22711272134606,0.0,0,0
250700,194.98938049803021,0.0,0,0
250800,195.50402557216773,0.0,0,0
250900,195.94411110334903,0.0,0,0
251000,196.6661332972822,0.0,0,0
251100,197.06887368010865,0.0,0,0
251200,197.93149425380898,0.0,0,0
251300,198.37712950964124,0.0,0,0
251400,199.00315949628313,0.0,0,0
251500,199.547611372687,0.0,0,0
251600,200.20778490890126,0.0,0,0
251700,200.80216212131927,0.0,0,0
251800,201.47570458408288,0.0,0,0
251900,202.00762184592054,0.0,0,0
252000,202.4636385912135,0.0,0,0
252100,203.15182484507315,0.0,0,0
252200,203.80542181662707,0.0,0,0
252300,204.5137252142463,0.0,0,0
252400,204.9893577778541,0.0,0,0
252500,205.7629194850078,0.0,0,0
252600,206.19644270401494,0.0,0,0
252700,206.71305889226053,0.0,0,0
252800,207.28914271336131,0.0,0,0
252900,207.8735192288056,0.0,0,0
253000,208.55255011778917,0.0,0,0
253100,209.60586913495825,0.0,0,0
253200,210.21097884171786,0.0,0,0
253300,210.66780057466178,0.0,0,0
253400,211.25589209245345,0.0,0,0
253500,211.74990971948438,0.0,0,0
253600,212.2895610052503,0.0,0,0
253700,212.9754674846446,0.0,0,0
253800,213.58992482382163,0.0,0,0
253900,214.37990432501928,0.0,0,0
254000,215.27337911469627,0.0,0,0
254100,215.9536391085377,0.0,0,0
254200,216.52480676298194,0.0,0,0
254300,217.17669605375195,0.0,0,0
254400,217.76296689007916,0.0,0,0
254500,218.2168209510903,0.0,0,0
254600,218.97836318461086,0.0,0,0
254700,219.40118243678728,0.0,0,0
254800,219.95853559969123,0.0,0,0
254900,220.6821294552886,0.0,0,0
255000,221.31006507852237,0.0,0,0
255100,221.78077211081262,0.0,0,0
255200,222.1358352666529,0.0,0,0
255300,222.7952985473979,0.0,0,0
255400,223.34382571572735,0.0,0,0
255500,224.03903385248412,0.0,0,0
255600,224.63342190925385,0.0,0,0
255700,225.3563033159511,0.0,0,0
255800,225.78729896773797,0.0,0,0
255900,226.50983614753417,0.0,0,0
256000,227.29352053777532,0.0,0,0
256100,227.7979056682469,0.0,0,0
256200,228.45611994190602,0.0,0,0
256300,228.84746162842018,0.0,0,0
256400,229.48718617028803,0.0,0,0
256500,229.9311833722302,0.0,0,0
256600,230.2858513512015,0.0,0,0
256700,230.89279227322015,0.0,0,0
256800,231.3739817513698,0.0,0,0
256900,231.96414351529748,0.0,0,0
257000,232.52636939385854,0.0,0,0
257100,233.00979518054012,0.0,0,0
257200,233.72363697603893,0.0,0,0
257300,234.36622042350376,0.0,0,0
257400,234.77338825676628,0.0,0,0
257500,235.24743792071655,0.0,0,0
257600,235.98584881197914,0.0,0,0
257700,236.49717706358607,0.0,0,0
257800,237.31256680945455,0.0,0,0
257900,238.0579196169585,0.0,0,0
258000,238.60415856355507,0.0,0,0
258100,239.19696155058327,0.0,0,0
258200,239.64365447883313,0.0,0,0
258300,239.93954493534903,0.0,0,0
258400,240.47079835866128,0.0,0,0
258500,240.94329107744466,0.0,0,0
258600,241.26883330314448,0.0,0,0
258700,241.78651290273646,0.0,0,0
258800,242.3566226462003,0.0,0,0
258900,242.78965209853672,0.0,0,0
259000,243.45434290891146,0.0,0,0
259100,244.00024206816707,0.0,0,0
259200,244.4972328435937,0.0,0,0
259300,244.79233571653617,0.0,0,0
259400,245.62767460145392,0.0,0,0
259500,246.20264606566298,0.0,0,0
259600,246.62202212511133,0.0,0,0
259700,246.98189532698547,0.0,0,0
259800,247.5025275845398,0.0,0,0
259900,248.10944061278542,0.0,0,0
260000,248.78136079691413,0.0,0,0
260100,249.24653901138873,0.0,0,0
260200,249.84698554875646,0.0,0,0
260300,250.27959029929528,0.0,0,0
260400,250.8982142003054,0.0,0,0
260500,251.35212422229506,0.0,0,0
260600,251.8470540711615,0.0,0,0
260700,252.62317986129545,0.0,0,0
260800,253.3700016222119,0.0,0,0
260900,253.79957860634502,0.0,0,0
261000,254.28993595417802,0.0,0,0
261100,254.85308227326416,0.0,0,0
261200,255.58186814969122,0.0,0,0
261300,255.93199685813073,0.0,0,0
261400,256.3340788771128,0.0,0,0
261500,256.6598554405437,0.0,0,0
261600,257.1383310400497,0.0,0,0
261700,257.97885529719935,0.0,0,0
261800,258.4051109823241,0.0,0,0
261900,258.79014054510634,0.0,0,0
262000,259.13636675966416,0.0,0,0
262100,259.6495530390276,0.0,0,0
262200,260.26969161899507,0.0,0,0
262300,260.82719794745543,0.0,0,0
262400,261.5164210627029,0.0,0,0
262500,261.89010440147104,0.0,0,0
262600,262.3381684840209,0.0,0,0
262700,262.71136453652986,0.0,0,0
262800,263.3837642322197,0.0,0,0
262900,263.8278873139544,0.0,0,0
263000,264.3096107007137,0.0,0,0
263100,264.8384828066615,0.0,0,0
263200,265.2191270748047,0.0,0,0
263300,265.48497052464097,0.0,0,0
263400,266.0298277795744,0.0,0,0
263500,266.4271308652605,0.0,0,0
263600,266.84864796025954,0.0,0,0
263700,267.33282590141494,0.0,0,0
263800,267.51467751235316,0.0,0,0
263900,267.9698104850373,0.0,0,0
264000,268.31820827858644,0.0,0,0
264100,268.6851043314894,0.0,0,0
264200,269.38262140189477,0.0,0,0
264300,269.7337857468905,0.0,0,0
264400,270.15691363985206,0.0,0,0
264500,270.46115256907103,0.0,0,0
264600,271.01580743683934,0.0,0,0
264700,271.46677599220675,0.0,0,0
264800,272.11272938580976,0.0,0,0
264900,272.49908763774397,0.0,0,0
265000,272.6723655652509,0.0,0,0
265100,273.178308535954,0.0,0,0
265200,273.7773514968784,0.0,0,0
265300,274.40011975653965,0.0,0,0
265400,274.84738232951855,0.0,0,0
265500,275.2420138064501,0.0,0,0
265600,275.52189830588225,0.0,0,0
265700,276.1696420955241,0.0,0,0
265800,276.6716899428548,0.0,0,0
265900,277.0137279273265,0.0,0,0
266000,277.4472471137577,0.0,0,0
266100,277.7620598547165,0.0,0,0
266200,278.2304740929401,0.0,0,0
266300,278.76004341774006,0.0,0,0
266400,279.1969189396686,0.0,0,0
266500,279.4539115672964,0.0,0,0
266600,279.79053718413525,0.0,0,0
266700,280.30488638216224,0.0,0,0
266800,280.75462330082786,0.0,0,0
266900,281.16086239417854,0.0,0,0
267000,281.61071220624456,0.0,0,0
267100,281.8868340334333,0.0,0,0
267200,282.6217561339767,0.0,0,0
267300,283.0645364043948,0.0,0,0
267400,283.5297955828196,0.0,0,0
267500,284.0776795474954,0.0,0,0
267600,284.7071237550207,0.0,0,0
267700,285.51902653853125,0.0,0,0
267800,285.87348537323646,0.0,0,0
267900,286.20154532394525,0.0,0,0
268000,286.83106529582545,0.0,0,0
268100,287.1731651302345,0.0,0,0
268200,287.60925305812293,0.0,0,0
268300,287.88984471490267,0.0,0,0
268400,288.2156527578736,0.0,0,0
268500,288.6544563251037,0.0,0,0
268600,289.2609619293115,0.0,0,0
268700,289.4997751100695,0.0,0,0
268800,289.7800098138981,0.0,0,0
268900,290.23030161802285,0.0,0,0
269000,290.6193031438672,0.0,0,0
269100,290.9932178749617,0.0,0,0
269200,291.29091122510727,0.0,0,0
269300,291.77356455824537,0.0,0,0
269400,292.3436200925563,0.0,0,0
269500,292.97417614953264,0.0,0,0
269600,293.38568885762555,0.0,0,0
269700,294.1274653134484,0.0,0,0
269800,294.8625624824973,0.0,0,0
269900,295.2550568285997,0.0,0,0
270000,295.5337008331029,0.0,0,0
270100,295.8865658925019,0.0,0,0
270200,296.18709591475283,0.0,0,0
270300,296.7811709912299,0.0,0,0
270400,297.28672569445666,0.0,0,0
270500,297.7794791840096,0.0,0,0
270600,298.21426117108484,0.0,0,0
270700,298.75083684363983,0.0,0,0
270800,299.3607990720057,0.0,0,0
270900,299.58938451309405,0.0,0,0
271000,300.20683426046935,0.0,0,0
271100,300.67125539753357,0.0,0,0
271200,301.1628777664069,0.0,0,0
271300,301.6044446586744,0.0,0,0
271400,302.13831869486654,0.0,0,0
271500,302.5103226336934,0.0,0,0
271600,302.9127042469041,0.0,0,0
271700,303.7359243558661,0.0,0,0
271800,303.9973745921746,0.0,0.0625,0.03125
271900,304.279787569098,0.0,0,0
272000,304.77113383323166,0.0,0.0625,0.015625
272100,305.19817761742485,0.0,0.0625,0.015625
272200,305.7288559830846,0.0,0.0625,0.015625
272300,306.06446843667027,0.0,0.0625,0.015625
272400,306.6750041739805,0.0,0.0625,0.015625
272500,307.2891208038881,0.0,0,0
272600,307.65177170123087,0.0,0,0
272700,308.1608089090585,0.0,0,0
272800,308.66428328329187,0.0,0.0625,0.015625
272900,309.21762271712663,0.0,0.0625,0.03125
273000,309.64774890793984,0.0,0.0625,0.03125
273100,310.2020872428463,0.0,0,0
273200,310.66868660663215,0.0,0,0
273300,311.0919947246986,0.0,0.0625,0.015625
273400,311.4446034520934,0.0,0.0625,0.015625
273500,311.9226033879641,0.0,0,0
273600,312.4780107117376,0.0,0,0
273700,312.9211812083511,0.0,0.0625,0.015625
273800,313.3281940586946,0.0,0,0
273900,313.96184984415027,0.0,0,0
274000,314.46524286818567,0.0,0,0
274100,314.864323534723,0.0,0,0
274200,315.34379283793925,0.0,0.0625,0.015625
274300,315.8619935642885,0.0,0,0
274400,316.4192029964058,0.0,0.0625,0.015625
274500,316.7397250746393,0.0,0.0625,0.03125
274600,317.19877551643236,0.0,0.0625,0.046875
274700,317.714731277284,0.0,0,0
274800,318.3765498981293,0.0,0,0
274900,319.05463682627266,0.0,0,0
275000,150.41090944721503,0.0,0,0
275100,151.39193364372053,0.0,0,0
275200,152.0262962539879,0.0,0,0
275300,152.72295152477867,0.0,0,0
275400,153.49991298460185,0.0,0,0
275500,154.31626287767295,0.0,0,0
275600,155.14043546591455,0.0,0,0
275700,156.09713963201332,0.0,0,0
275800,156.9421878537106,0.0,0,0
275900,157.73382443064972,0.0,0,0
276000,158.47412228185888,0.0,0,0
276100,159.5867699065651,0.0,0.0625,0.015625
276200,160.25956287667947,0.0,0,0
276300,161.07345790075246,0.0,0,0
276400,161.82040197464565,0.0,0.0625,0.015625
276500,162.67929299197448,0.0,0,0
276600,163.60078262764736,0.0,0,0
276700,164.36365867046038,0.0,0,0
276800,165.09493047838248,0.0,0,0
276900,165.81464955186155,0.0,0,0
277000,166.61490282070807,0.0,0,0
277100,167.14291996123325,0.0,0,0
277200,167.74552947967018,0.0,0,0
277300,168.86813623258917,0.0,0,0
277400,169.557436336143,0.0,0.0625,0.015625
277500,170.1448913265622,0.0,0.0625,0.015625
277600,170.9747962935898,0.0,0,0
277700,171.83420009469216,0.0,0,0
277800,172.67787798460313,0.0,0,0
277900,173.5440679999332,0.0,0,0
278000,174.38860583165675,0.0,0,0
278100,175.34783450365146,0.0,0.0625,0.015625
278200,176.1793924717878,0.0,0.0625,0.015625
278300,177.02775290876383,0.0,0,0
278400,177.85975970815127,0.0,0,0
278500,178.57010442070091,0.0,0.0625,0.015625
278600,179.40494182379229,0.0,0,0
278700,180.03384375931466,0.0,0,0
278800,180.78695936284237,0.0,0,0
278900,181.67324868775813,0.0,0.0625,0.015625
279000,182.4199447974691,0.0,0,0
279100,183.1903209800384,0.0,0.0625,0.015625
279200,183.80036047919717,0.0,0,0
279300,184.58484397148294,0.0,0,0
279400,185.4033419521006,0.0,0,0
279500,186.27079742704848,0.0,0,0
279600,187.12825003922865,0.0,0,0
279700,188.08563850007835,0.0,0,0
279800,188.88168691412963,0.0,0,0
279900,189.97862276603945,0.0,0,0
280000,190.69928366259842,0.0,0.0625,0.015625
280100,191.58497000053788,0.0,0,0
280200,192.25736496627457,0.0,0.0625,0.015625
280300,192.82916098656483,0.0,0,0
280400,193.6464191136557,0.0,0,0
280500,194.78567712116052,0.0,0.0625,0.015625
280600,195.69234001491193,0.0,0,0
280700,196.41026825508712,0.0,0,0
280800,197.06188362394352,0.0,0.0625,0.015625
280900,197.7433986959562,0.0,0,0
281000,198.35836425032173,0.0,0,0
281100,199.08758770236176,0.0,0,0
281200,199.61485626000723,0.0,0,0
281300,200.3694766785521,0.0,0,0
281400,201.1520342303937,0.0,0,0
281500,201.70327298741103,0.0,0,0
281600,202.30495870297136,0.0,0,0
281700,202.80482345696154,0.0,0,0
281800,203.70150990370044,0.0,0,0
281900,204.58021535946213,0.0,0,0
282000,205.33223387715526,0.0,0,0
282100,206.12387820120088,0.0,0,0
282200,206.70119673256167,0.0,0,0
282300,207.31347172399475,0.0,0,0
282400,207.91587022270028,0.0,0,0
282500,208.45359884358678,0.0,0,0
282600,208.9819340810938,0.0,0,0
282700,209.43635521378692,0.0,0,0
282800,210.10904272952436,0.0,0,0
282900,210.91541004565846,0.0,0,0
283000,211.56442200699254,0.0,0,0
283100,212.30144789610742,0.0,0,0
283200,213.07817130555912,0.0,0,0
283300,213.76478302572124,0.0,0,0
283400,214.63209452907228,0.0,0,0
283500,215.3829650342749,0.0,0,0
283600,216.12591174392898,0.0,0,0
283700,216.5772874671861,0.0,0,0
283800,217.37109757551605,0.0,0,0
283900,217.67339758690937,0.0,0,0
284000,218.1407603958916,0.0,0,0
284100,218.908512407384,0.0,0,0
284200,219.76640479705438,0.0,0,0
284300,220.2622765856829,0.0,0,0
284400,220.5193392118759,0.0,0,0
284500,220.96419093192202,0.0,0,0
284600,221.6594621781543,0.0,0,0
284700,222.20668657640041,0.0,0,0
284800,223.17646622271175,0.0,0,0
284900,223.79572228446622,0.0,0,0
285000,224.4962389967785,0.0,0,0
285100,225.33265333003604,0.0,0,0
285200,226.03478472422728,0.0,0,0
285300,226.38845378095698,0.0,0,0
285400,226.93384071250802,0.0,0,0
285500,227.58618330978265,0.0,0,0
285600,228.1280060745083,0.0,0,0
285700,228.788622976099,0.0,0,0
285800,229.46265472603733,0.0,0,0
285900,229.8533184228331,0.0,0,0
286000,230.4993600188758,0.0,0,0
286100,231.06630780220172,0.0,0,0
286200,231.53959376847573,0.0,0,0
286300,232.1048776227371,0.0,0,0
286400,232.73684188141993,0.0,0,0
286500,233.06848839210895,0.0,0,0
286600,233.58924494702148,0.0,0,0
286700,234.19161353751917,0.0,0,0
286800,234.83064432684,0.0,0,0
286900,235.07821010396952,0.0,0,0
287000,235.62180606193476,0.0,0,0
287100,236.40262877172393,0.0,0,0
287200,237.082827766229,0.0,0,0
287300,237.54017555830887,0.0,0,0
287400,238.25262520170085,0.0,0,0
287500,238.8086841950596,0.0,0,0
287600,239.1230962307788,0.0,0,0
287700,239.59367840539068,0.0,0,0
287800,240.081791977852,0.0,0,0
287900,240.38111828739457,0.0,0,0
288000,240.95739376829562,0.0,0,0
288100,241.68696610927162,0.0,0,0
288200,242.15216826742417,0.0,0,0
288300,242.74709023265953,0.0,0,0
288400,243.42627227954694,0.0,0,0
288500,243.86772125799752,0.0,0,0
288600,244.51093042798405,0.0,0,0
288700,244.94658786615605,0.0,0,0
288800,245.1651304915025,0.0,0,0
288900,245.90729115988557,0.0,0,0
289000,246.43339046632977,0.0,0,0
289100,247.01932671715602,0.0,0,0
289200,247.34111216080933,0.0,0,0
289300,247.97513616882637,0.0,0,0
289400,248.44661815482132,0.0,0,0
289500,248.89404549960616,0.0,0,0
289600,249.5022912522477,0.0,0,0
289700,249.79762791273632,0.0,0,0
289800,250.17523312336624,0.0,0,0
289900,250.65652826549052,0.0,0,0
290000,251.02614646113784,0.0,0,0
290100,251.5544390063855,0.0,0,0
290200,252.0211646420684,0.0,0,0
290300,252.55605682085928,0.0,0,0
290400,252.92794507118043,0.0,0,0
290500,253.45830316678268,0.0,0,0
290600,254.01964404845899,0.0,0,0
290700,254.38748628792544,0.0,0,0
290800,254.7651149732684,0.0,0,0
290900,255.20991990191516,0.0,0,0
291000,255.59878744633173,0.0,0,0
291100,256.044358537485,0.0,0,0
291200,256.5291348390552,0.0,0,0
291300,257.15388430027065,0.0,0,0
291400,257.63147311988826,0.0,0,0
291500,258.01012828866976,0.0,0,0
291600,258.58579407933314,0.0,0,0
291700,259.0116501148344,0.0,0,0
291800,259.47877482773305,0.0,0,0
291900,259.7652601602184,0.0,0,0
292000,260.0955569363493,0.0,0,0
292100,260.7979513073737,0.0,0,0
292200,261.35862025498636,0.0,0,0
292300,261.84047161340914,0.0,0,0
292400,262.24324052550134,0.0,0,0
292500,262.58243097162557,0.0,0,0
292600,262.82901375280335,0.0,0,0
292700,263.46469299081565,0.0,0,0
292800,263.8923612922352,0.0,0,0
292900,264.1981135249772,0.0,0,0
293000,264.90329367925267,0.0,0,0
293100,265.5508661450682,0.0,0,0
293200,266.0460004870521,0.0,0,0
293300,266.274025232012,0.0,0,0
293400,266.590255567808,0.0,0,0
293500,266.9806541736112,0.0,0,0
293600,267.43835494415106,0.0,0,0
293700,268.11950543769757,0.0,0,0
293800,268.4855961745295,0.0,0,0
293900,268.87188110309324,0.0,0,0
294000,269.53726423892914,0.0,0,0
294100,269.8157094029966,0.0,0,0
294200,270.44488295126615,0.0,0,0
294300,270.92454292804786,0.0,0,0
294400,271.5328923100835,0.0,0,0
294500,271.97400181338554,0.0,0,0
294600,272.29664565224255,0.0,0,0
294700,272.39821019663094,0.0,0,0
294800,273.04002688277404,0.0,0,0
294900,273.5911588688164,0.0,0,0
295000,273.9091260906053,0.0,0,0
295100,274.30921679773246,0.0,0,0
295200,275.01663443819615,0.0,0,0
295300,275.32914560235344,0.0,0,0
295400,275.69054598505096,0.0,0,0
295500,276.19270137101853,0.0,0,0
295600,276.4904312925516,0.0,0,0
295700,277.0034259870338,0.0,0,0
295800,277.61337670875196,0.0,0,0
295900,278.0220380772545,0.0,0,0
296000,278.3064628172937,0.0,0,0
296100,278.66971757505024,0.0,0,0
296200,279.17416981139405,0.0,0,0
296300,279.58986249678964,0.0,0,0
296400,280.05350549910355,0.0,0,0
296500,280.3896490661252,0.0,0,0
296600,281.0841447225446,0.0,0,0
296700,281.60155498482516,0.0,0,0
296800,282.3149898250272,0.0,0,0
296900,282.68479655351626,0.0,0,0
297000,283.1105241466627,0.0,0,0
297100,283.60299771316403,0.0,0,0
297200,284.08861069164294,0.0,0,0
297300,284.58482902769987,0.0,0,0
297400,284.89485050352494,0.0,0,0
297500,285.17452096627215,0.0,0,0
297600,285.5171984566182,0.0,0,0
297700,286.1092822978572,0.0,0,0
297800,286.4362361678424,0.0,0,0
297900,286.56046703658455,0.0,0,0
298000,286.89543138479996,0.0,0,0
298100,287.43821114533057,0.0,0,0
298200,288.07017948310414,0.0,0,0
298300,288.6043211335787,0.0,0,0
298400,289.13611237402307,0.0,0,0
298500,289.62090876307013,0.0,0,0
298600,289.98553448097965,0.0,0,0
298700,290.4425250936657,0.0,0,0
298800,290.9219840577717,0.0,0,0
298900,291.3204882978768,0.0,0,0
299000,291.7098222749709,0.0,0,0
299100,292.0917333005304,0.0,0,0
299200,292.5792130489194,0.0,0,0
299300,292.85734118761366,0.0,0,0
299400,293.2513981205721,0.0,0,0
299500,293.7686530401184,0.0,0,0
299600,294.2804735278038,0.0,0,0
299700,294.66479833121724,0.0,0,0
299800,295.1149372493787,0.0,0,0
299900,295.272252852514,0.0,0,0
300000,292.660137409856,0.0,0,0
300100,293.00174638088527,0.0,0,0
300200,293.497826830715,0.0,0,0
300300,293.9116773225687,0.0,0,0
300400,294.5448651662615,0.0,0,0
300500,295.37520553650296,0.0,0,0
300600,295.7344607456866,0.0,0,0
300700,296.0563581506653,0.0,0,0
300800,296.5238718999431,0.0,0,0
300900,297.36897575420846,0.0,0,0
301000,297.81761338378686,0.0,0,0
301100,298.3573414445579,0.0,0,0
301200,298.95303601548903,0.0,0,0
301300,299.329782201417,0.0,0,0
301400,299.8213334789945,0.0,0,0
301500,300.3700806258212,0.0,0,0
301600,300.83374835920114,0.0,0,0
301700,301.5562755415186,0.0,0,0
301800,302.01189333443585,0.0,0,0
301900,302.66041607590995,0.0,0,0
302000,303.3021452292061,0.0,0,0
302100,303.8682928126442,0.0,0,0
302200,304.31455857708113,0.0,0,0
302300,304.89433893995334,0.0,0,0
302400,305.3405427081182,0.0,0,0
302500,305.87179504627676,0.0,0,0
302600,306.5089095040804,0.0,0,0
302700,306.8566012866246,0.0,0,0
302800,307.2158372679952,0.0,0,0
302900,307.6752184041994,0.0,0,0
303000,308.1578669368831,0.0,0,0
303100,308.4423136173766,0.0,0,0
303200,308.88090518913117,0.0,0,0
303300,309.3491008814608,0.0,0,0
303400,309.82157108314743,0.0,0,0
303500,310.2784630589557,0.0,0.0625,0.015625
303600,310.78298448467484,0.0,0,0
303700,311.10124275875916,0.0,0,0
303800,311.5638025081024,0.0,0,0
303900,312.05652651376187,0.0,0,0
304000,312.4254412662913,0.0,0,0
304100,312.9611338156579,0.0,0,0
304200,313.4442604805692,0.0,0,0
304300,313.9264768030128,0.0,0,0
304400,314.22013765541334,0.0,0,0
304500,314.7186294061811,0.0,0,0
304600,315.5143927068523,0.0,0,0
304700,316.09616232185726,0.0,0,0
304800,316.52252615077487,0.0,0,0
304900,316.9618273925508,0.0,0,0
305000,317.5456713409209,0.0,0,0
305100,318.2287582296327,0.0,0,0
305200,318.9594741167019,0.0,0,0
305300,319.48780640052706,0.0,0,0
305400,320.02945651919134,0.0,0,0
305500,320.51340184893854,0.0,0.0625,0.015625
305600,320.86707078367544,0.0,0,0
305700,321.3145953336856,0.0,0,0
305800,321.9065941914396,0.0,0,0
305900,322.3111691436633,0.0,0,0
306000,322.6556206134453,0.0,0,0
306100,323.1061934591483,0.0,0.0625,0.015625
306200,323.5106259304611,0.0,0,0
306300,323.9078563951412,0.0,0,0
306400,324.26584836164244,0.0,0,0
306500,324.83165374268503,0.0,0,0
306600,325.47281767177765,0.0,0,0
306700,325.95862965912886,0.0,0,0
306800,326.2885669865278,0.0,0,0
306900,326.6358285904998,0.0,0.0625,0.015625
307000,327.1976925981297,0.0,0,0
307100,327.5117597273976,0.0,0,0
307200,327.95504817115483,0.0,0,0
307300,328.3630059033752,0.0,0,0
307400,328.801249810963,0.0,0,0
307500,329.3275438873928,0.0,0,0
307600,329.56766984550535,0.0,0,0
307700,329.9899454497069,0.0,0,0
307800,330.3233737132975,0.0,0,0
307900,330.8345743436744,0.0,0,0
308000,331.32380420639925,0.0,0,0
308100,331.8867926506623,0.0,0,0
308200,332.3248230763469,0.0,0,0
308300,332.62200391820903,0.0,0,0
308400,332.9363065807992,0.0,0,0
308500,333.38947008663825,0.0,0,0
308600,333.7943770167547,0.0,0,0
308700,334.31209419033365,0.0,0,0
308800,334.67721245256797,0.0,0,0
308900,335.21698135127275,0.0,0,0
309000,335.9242955101134,0.0,0,0
309100,336.40763057149064,0.0,0,0
309200,336.7685690236414,0.0,0,0
309300,337.2654823281381,0.0,0.0625,0.03125
309400,337.78697850679055,0.0,0,0
309500,338.2474453129384,0.0,0,0
309600,338.77742988943646,0.0,0,0
309700,339.207924300881,0.0,0,0
309800,339.81225641693385,0.0,0,0
309900,340.3213858835053,0.0,0,0
310000,340.87181728450736,0.0,0,0
310100,341.1148432065195,0.0,0,0
310200,341.60374220353486,0.0,0.0625,0.015625
310300,341.9750600720677,0.0,0.0625,0.015625
310400,342.39873763019636,0.0,0,0
310500,342.79713756182264,0.0,0,0
310600,343.2768645628887,0.0,0,0
310700,343.64987652270844,0.0,0,0
310800,344.24274247834126,0.0,0.0625,0.015625
310900,344.8031136638386,0.0,0,0
311000,345.2920569862297,0.0,0,0
311100,345.834346936624,0.0,0.0625,0.015625
311200,346.2759091644485,0.0,0,0
311300,346.72055897907893,0.0,0,0
311400,347.14625445832945,0.0,0.0625,0.015625
311500,347.5387457626191,0.0,0.0625,0.015625
311600,347.9854600468574,0.0,0,0
311700,348.4761590820641,0.0,0,0
311800,349.15807729460784,0.0,0,0
311900,349.4812953119596,0.0,0.0625,0.015625
312000,350.0830903043999,0.0,0.0625,0.015625
312100,350.4363209433212,0.0,0,0
312200,350.9565840217732,0.0,0.0625,0.015625
312300,351.3594344495709,0.0,0,0
312400,351.83903327182156,0.0,0,0
312500,352.2865228906941,0.0,0,0
312600,352.67461325540575,0.0,0,0
312700,353.2056788990926,0.0,0,0
312800,353.50812348822365,0.0,0,0
312900,353.86493405605006,0.0,0.0625,0.046875
313000,354.3592937078263,0.0,0,0
313100,354.79549129828854,0.0,0,0
313200,355.19684471591097,0.0,0,0
313300,355.71054149848464,0.0,0,0
313400,356.04017429396845,0.0,0,0
313500,356.5036172644106,0.0,0,0
313600,357.0100577164184,0.0,0,0
313700,357.43332793478504,0.0,0,0
313800,357.74058768109535,0.0,0.0625,0.015625
313900,357.9298085366664,0.0,0,0
314000,358.26141449181563,0.0,0,0
314100,358.73169307826424,0.0,0.0625,0.015625
314200,359.09458699081983,0.0,0,0
314300,359.60913252621344,0.0,0,0
314400,359.8420449408238,0.0,0,0
314500,360.21469982181037,0.0,0.0625,0.015625
314600,360.6028872546909,0.0,0,0
314700,361.04803664650126,0.0,0.0625,0.015625
314800,361.62194214713116,0.0,0,0
314900,362.1539899782549,0.0,0,0
315000,362.48778961095945,0.0,0,0
315100,362.8164762270599,0.0,0,0
315200,363.1031040282735,0.0,0,0
315300,363.5366038133118,0.0,0,0
315400,363.9373780707671,0.0,0,0
315500,364.45934206746466,0.0,0,0
315600,364.7488336015261,0.0,0.0625,0.015625
315700,365.1102698984891,0.0,0,0
315800,365.39803619127974,0.0,0,0
315900,365.7035570146031,0.0,0,0
316000,366.239365421516,0.0,0,0
316100,366.6017395889814,0.0,0,0
316200,366.9205853996235,0.0,0,0
316300,367.3392877540007,0.0,0,0
316400,367.74679309476835,0.0,0,0
316500,368.1968022296796,0.0,0.0625,0.015625
316600,368.51274542859716,0.0,0,0
316700,368.8696803035452,0.0,0,0
316800,369.25065775569425,0.0,0,0
316900,369.6150958940211,0.0,0.0625,0.015625
317000,369.94651493091004,0.0,0,0
317100,370.41608122443176,0.0,0,0
317200,371.0327832763746,0.0,0.0625,0.015625
317300,371.369293660718,0.0,0,0
317400,371.9920109380476,0.0,0.0625,0.015625
317500,372.22591198087474,0.0,0,0
317600,372.5412891068494,0.0,0,0
317700,372.9862750699313,0.0,0,0
317800,373.3366969413176,0.0,0,0
317900,373.6470997151404,0.0,0,0
318000,374.0983046074254,0.0,0,0
318100,374.4545007112364,0.0,0,0
318200,374.93809979153735,0.0,0,0
318300,375.2534558215438,0.0,0,0
318400,375.66000220613165,0.0,0,0
318500,376.2302891208832,0.0,0,0
318600,376.4199476636661,0.0,0,0
318700,376.6650872838517,0.0,0,0
318800,376.9854387021258,0.0,0.0625,0.015625
318900,377.17912205761064,0.0,0,0
319000,377.51172761520536,0.0,0,0
319100,377.7094786598683,0.0,0,0
319200,378.1234860355038,0.0,0,0
319300,378.34894890875813,0.0,0,0
319400,378.59201503987777,0.0,0,0
319500,378.8632230935271,0.0,0,0
319600,379.31572131880006,0.0,0.0625,0.015625
319700,379.6208867072459,0.0,0,0
319800,379.94186191516224,0.0,0,0
319900,380.26078329756484,0.0,0.0625,0.046875
320000,380.6171874445979,0.0,0,0
320100,381.0120010899875,0.0,0,0
320200,381.32305008192344,0.0,0.0625,0.015625
320300,381.6514108904028,0.0,0.0625,0.015625
320400,381.8865109667968,0.0,0,0
320500,382.1347797657245,0.0,0,0
320600,382.44608205390693,0.0,0,0
320700,382.8554796744838,0.0,0,0
320800,383.2194335852438,0.0,0,0
320900,383.6249366794926,0.0,0.0625,0.015625
321000,384.076682122454,0.0,0,0
321100,384.4148776018498,0.0,0,0
321200,384.7793826111441,0.0,0,0
321300,385.12345427463157,0.0,0,0
321400,385.58433287652684,0.0,0,0
321500,386.0976750321719,0.0,0,0
321600,386.4261228049011,0.0,0,0
321700,386.8069011439355,0.0,0,0
321800,387.15160690877866,0.0,0,0
321900,387.5449681136248,0.0,0,0
322000,387.8567662180419,0.0,0,0
322100,388.2571897880851,0.0,0.0625,0.015625
322200,388.6473283442387,0.0,0,0
322300,389.11940485251876,0.0,0,0
322400,389.3975139006338,0.0,0,0
322500,389.6828183528484,0.0,0,0
322600,390.0686808978633,0.0,0,0
322700,390.42671407818983,0.0,0,0
322800,390.7560569557562,0.0,0,0
322900,391.1299946880246,0.0,0,0
323000,391.4456164820255,0.0,0,0
323100,391.66748886396255,0.0,0,0
323200,392.00577519043213,0.0,0,0
323300,392.4477713260602,0.0,0,0
323400,392.7965335397989,0.0,0,0
323500,393.0741076218657,0.0,0,0
323600,393.37995402714785,0.0,0,0
323700,393.6777374952244,0.0,0,0
323800,394.0072037847719,0.0,0,0
323900,394.30821192664945,0.0,0,0
324000,394.5304731141784,0.0,0,0
324100,394.7845747728709,0.0,0,0
324200,395.1501132497878,0.0,0,0
324300,395.45541337336266,0.0,0,0
324400,395.71984030328264,0.0,0,0
324500,396.03270786252614,0.0,0,0
324600,396.39635580759887,0.0,0,0
324700,396.8167670716805,0.0,0.0625,0.015625
324800,397.15236766873204,0.0,0,0
324900,397.48150673864774,0.0,0,0
325000,209.53872964324196,0.0,0,0
325100,210.14168307649706,0.0,0,0
325200,210.4594469651426,0.0,0,0
325300,210.78811814275016,0.0,0,0
325400,211.19653840613026,0.0,0,0
325500,211.66576079726312,0.0,0,0
325600,212.05487554780197,0.0,0,0
325700,212.29714619894992,0.0,0,0
325800,212.74176884533944,0.0,0,0
325900,212.95456123711674,0.0,0,0
326000,213.22627639565133,0.0,0,0
326100,213.7593745588322,0.0,0,0
326200,214.03172564549754,0.0,0,0
326300,214.351148153406,0.0,0,0
326400,214.64492314170803,0.0,0,0
326500,215.25436341030914,0.0,0,0
326600,215.66090673691153,0.0,0,0
326700,215.90210447350668,0.0,0,0
326800,216.2365376591718,0.0,0,0
326900,216.47139705102356,0.0,0,0
327000,216.70811330091777,0.0,0,0
327100,217.0478302033944,0.0,0,0
327200,217.53885728105,0.0,0,0
327300,217.87235973900462,0.0,0,0
327400,218.34151375911037,0.0,0,0
327500,218.68432240617796,0.0,0,0
327600,219.16048168350952,0.0,0,0
327700,219.5205612976925,0.0,0,0
327800,219.812850234702,0.0,0,0
327900,220.30595812993775,0.0,0,0
328000,220.87519223381202,0.0,0,0
328100,221.05303803424874,0.0,0,0
328200,221.47727396087953,0.0,0,0
328300,222.01218378566512,0.0,0,0
328400,222.54743496805887,0.0,0,0
328500,222.83931764726532,0.0,0,0
328600,223.10504775066948,0.0,0,0
328700,223.4516788951568,0.0,0,0
328800,223.90567098963973,0.0,0,0
328900,224.2199402866063,0.0,0,0
329000,224.71605532735325,0.0,0,0
329100,225.11361419690127,0.0,0,0
329200,225.44843237130763,0.0,0,0
329300,225.973738820446,0.0,0,0
329400,226.32040410845832,0.0,0,0
329500,226.68014751890078,0.0,0,0
329600,227.11994171316542,0.0,0,0
329700,227.5597948008865,0.0,0,0
329800,228.08467138145141,0.0,0,0
329900,228.62668207137457,0.0,0,0
330000,228.994534354133,0.0,0,0
330100,229.30272216776302,0.0,0,0
330200,229.89569066943662,0.0,0,0
330300,230.23920574889306,0.0,0,0
330400,230.62074558391507,0.0,0,0
330500,230.93084246866474,0.0,0,0
330600,231.57842644424136,0.0,0,0
330700,231.99480271336935,0.0,0,0
330800,232.36484255236266,0.0,0,0
330900,233.0755322336787,0.0,0,0
331000,233.49489248923453,0.0,0,0
331100,233.76366453700558,0.0,0,0
331200,234.1021869743083,0.0,0,0
331300,234.44551959115938,0.0,0,0
331400,234.86661795343488,0.0,0,0
331500,235.20168050400002,0.0,0,0
331600,235.8947181045606,0.0,0,0
331700,236.29059976432424,0.0,0,0
331800,236.77783703923214,0.0,0,0
331900,237.4199352676767,0.0,0,0
332000,237.93861592169043,0.0,0,0
332100,238.30688469721827,0.0,0,0
332200,238.87357451878862,0.0,0,0
332300,239.19161391136348,0.0,0,0
332400,239.57585808544917,0.0,0,0
332500,239.81827827951045,0.0,0,0
332600,240.59652512103705,0.0,0,0
332700,240.9506016360105,0.0,0,0
332800,241.52028146463337,0.0,0,0
332900,242.04083881259444,0.0,0,0
333000,242.59459367405225,0.0,0,0
333100,243.29219103583466,0.0,0,0
333200,243.7619239710543,0.0,0,0
333300,244.4490191156919,0.0,0,0
333400,244.91811494395452,0.0,0,0
333500,245.41369147449203,0.0,0,0
333600,245.74208978201176,0.0,0,0
333700,246.10858380849214,0.0,0,0
333800,246.42645116267005,0.0,0,0
333900,247.00315884001182,0.0,0,0
334000,247.28908851075641,0.0,0,0
334100,247.84820854245777,0.0,0,0
334200,248.39264839518805,0.0,0,0
334300,248.76977299283467,0.0,0,0
334400,249.11252253974732,0.0,0,0
334500,249.35598954099197,0.0,0,0
334600,249.70319900798546,0.0,0,0
334700,249.96965336498423,0.0,0,0
334800,250.37643714941737,0.0,0,0
334900,250.79951054428284,0.0,0,0
335000,251.08615118586553,0.0,0,0
335100,251.4959312692686,0.0,0,0
335200,252.73713558930632,0.0,0,0
335300,253.07700197444643,0.0,0,0
335400,253.7915966149261,0.0,0,0
335500,254.2597318090849,0.0,0,0
335600,254.67633839131412,0.0,0,0
335700,255.1332600564583,0.0,0,0
335800,255.52630531707692,0.0,0,0
335900,256.0704431994645,0.0,0,0
336000,256.3826097059833,0.0,0,0
336100,256.7997676172274,0.0,0,0
336200,257.02634522968,0.0,0,0
336300,257.4170191034042,0.0,0,0
336400,257.90524876281074,0.0,0,0
336500,258.29273166949946,0.0,0.0625,0.03125
336600,258.75144362680913,0.0,0,0
336700,259.13028823581743,0.0,0,0
336800,259.46730727183734,0.0,0,0
336900,259.9414300189103,0.0,0,0
337000,260.7181831291518,0.0,0.0625,0.015625
337100,261.20388990054,0.0,0,0
337200,262.08924523894643,0.0,0,0
337300,262.6141571872293,0.0,0,0
337400,262.9918154474646,0.0,0,0
337500,263.48922957533347,0.0,0,0
337600,263.98252608349503,0.0,0,0
337700,264.58016569836735,0.0,0,0
337800,264.8585151361816,0.0,0.0625,0.015625
337900,265.0724122755735,0.0,0.0625,0.015625
338000,265.5836631034408,0.0,0,0
338100,266.1876266598461,0.0,0,0
338200,266.7734560185114,0.0,0.0625,0.015625
338300,267.0539130190244,0.0,0,0
338400,267.56251866982797,0.0,0,0
338500,267.75681827828635,0.0,0,0
338600,268.09434257512925,0.0,0,0
338700,268.79861157588925,0.0,0,0
338800,269.2095932096662,0.0,0,0
338900,269.73190342423885,0.0,0,0
339000,270.0471177442581,0.0,0,0
339100,270.5973309673877,0.0,0,0
339200,271.51816582539954,0.0,0.0625,0.015625
339300,272.0605435588064,0.0,0,0
339400,272.6393953980688,0.0,0.0625,0.015625
339500,273.4122507526374,0.0,0,0
339600,274.31372046423786,0.0,0,0
339700,275.06134826834676,0.0,0,0
339800,275.4757062421948,0.0,0,0
339900,275.97848042171876,0.0,0,0
340000,276.36595960865463,0.0,0,0
340100,276.5873640468329,0.0,0,0
340200,277.01340251427695,0.0,0,0
340300,277.361952153333,0.0,0,0
340400,277.92956953961533,0.0,0,0
340500,278.24337298431664,0.0,0,0
340600,278.8809639266593,0.0,0,0
340700,279.43464284414256,0.0,0,0
340800,279.8837582774132,0.0,0,0
340900,280.42222457098967,0.0,0.0625,0.015625
341000,280.8593191441479,0.0,0,0
341100,281.0206110650992,0.0,0,0
341200,281.54208585052254,0.0,0,0
341300,281.8139777266387,0.0,0,0
341400,282.23459647985965,0.0,0,0
341500,282.6798416045687,0.0,0,0
341600,283.1207612862637,0.0,0,0
341700,283.41396875727503,0.0,0,0
341800,283.7519309653186,0.0,0,0
341900,284.11164705719943,0.0,0,0
342000,284.5395766009009,0.0,0,0
342100,285.171279956774,0.0,0.0625,0.015625
342200,285.6065550588501,0.0,0,0
342300,285.9295005920439,0.0,0,0
342400,286.3454818843654,0.0,0,0
342500,286.85816003149483,0.0,0,0
342600,287.302092110438,0.0,0,0
342700,287.7750649350481,0.0,0,0
342800,288.3760650439013,0.0,0,0
342900,288.83619866480336,0.0,0,0
343000,289.3825685026016,0.0,0,0
343100,289.87200584628863,0.0,0,0
343200,290.349230789244,0.0,0,0
343300,290.6208956223788,0.0,0,0
343400,291.08172637565985,0.0,0,0
343500,291.42612109100344,0.0,0,0
343600,292.21382928485656,0.0,0,0
343700,292.63491439310565,0.0,0,0
343800,293.23454874038566,0.0,0,0
343900,293.5262887240274,0.0,0,0
344000,294.0431056175843,0.0,0,0
344100,294.3930678985094,0.0,0,0
344200,294.7552762085434,0.0,0,0
344300,295.3912833167651,0.0,0,0
344400,295.63997826543533,0.0,0,0
344500,296.0161459555243,0.0,0,0
344600,296.4686541407463,0.0,0,0
344700,296.8661454834761,0.0,0,0
344800,297.09968175383085,0.0,0,0
344900,297.45393327728,0.0,0,0
345000,297.8939320664428,0.0,0,0
345100,298.3333174633912,0.0,0,0
345200,298.58267169260074,0.0,0,0
345300,299.0417404432224,0.0,0,0
345400,299.4643148148586,0.0,0,0
345500,299.90942802723436,0.0,0,0
345600,300.3409695900903,0.0,0,0
345700,301.119240590199,0.0,0,0
345800,301.4759903566804,0.0,0,0
345900,301.9132535315488,0.0,0,0
346000,302.3583652236913,0.0,0,0
346100,302.80199251642506,0.0,0,0
346200,303.392991967854,0.0,0,0
346300,304.2190242855646,0.0,0,0
346400,304.6954110268664,0.0,0,0
346500,305.12328600417834,0.0,0,0
346600,305.504327809055,0.0,0,0
346700,305.9085960649354,0.0,0,0
346800,306.44049550082127,0.0,0,0
346900,306.8451824814501,0.0,0,0
347000,307.25749455934806,0.0,0,0
347100,307.53543313715977,0.0,0,0
347200,308.0002737065985,0.0,0,0
347300,308.35271996383267,0.0,0,0
347400,308.8722456982419,0.0,0,0
347500,309.1399044988164,0.0,0,0
347600,309.8126425782969,0.0,0,0
347700,310.2976881523132,0.0,0,0
347800,310.8646496080633,0.0,0,0
347900,311.39171188918436,0.0,0,0
348000,312.05781550225987,0.0,0,0
348100,312.44358771895867,0.0,0,0
348200,312.93288649733296,0.0,0,0
348300,313.23905431386135,0.0,0,0
348400,313.53818082992035,0.0,0,0
348500,313.9520813257269,0.0,0,0
348600,314.33091244022125,0.0,0,0
348700,314.79020082311604,0.0,0,0
348800,315.00589232570974,0.0,0,0
348900,315.2274725160389,0.0,0,0
349000,315.7903324758134,0.0,0,0
349100,316.1598669795423,0.0,0,0
349200,316.4707605078444,0.0,0.0625,0.015625
349300,316.79905434569724,0.0,0,0
349400,317.3896061447964,0.0,0,0
349500,317.66474036053455,0.0,0,0
349600,318.0304117981933,0.0,0,0
349700,318.4887956961181,0.0,0,0
349800,318.78929190306235,0.0,0,0
349900,319.2179189865819,0.0,0,0
350000,250.47872832064186,0.0,0,0
350100,251.18041973366616,0.0,0,0
350200,251.49593965003442,0.0,0,0
350300,252.35424591145886,0.0,0,0
350400,252.9339699861579,0.0,0,0
350500,253.2225159218479,0.0,0,0
350600,253.8065798437552,0.0,0.0625,0.015625
350700,254.40029007163452,0.0,0,0
350800,254.95014767737743,0.0,0,0
350900,255.3603986440561,0.0,0,0
351000,255.95913902220138,0.0,0,0
351100,256.33988467166284,0.0,0,0
351200,256.96854804754076,0.0,0,0
351300,257.6898205842838,0.0,0,0
351400,257.7929196668291,0.0,0,0
351500,258.1492730555667,0.0,0,0
351600,258.73824941927154,0.0,0,0
351700,259.3449561297691,0.0,0,0
351800,259.94252318131925,0.0,0,0
351900,260.67169558553843,0.0,0,0
352000,261.14547614297646,0.0,0,0
352100,261.70015272382653,0.0,0.0625,0.015625
352200,262.1849108898026,0.0,0,0
352300,262.5910252322497,0.0,0,0
352400,262.9055948964001,0.0,0,0
352500,263.0688467536464,0.0,0,0
352600,263.4666119035117,0.0,0,0
352700,264.0990535824667,0.0,0,0
352800,264.6460378750237,0.0,0,0
352900,264.8893278899014,0.0,0,0
353000,265.3964977269494,0.0,0,0
353100,265.686600624276,0.0,0,0
353200,265.96565905268585,0.0,0,0
353300,266.30333941600685,0.0,0,0
353400,266.9081284142421,0.0,0,0
353500,267.51482451338757,0.0,0,0
353600,267.8137474965751,0.0,0,0
353700,268.1288357065323,0.0,0,0
353800,268.48496111110677,0.0,0,0
353900,269.34523315019385,0.0,0,0
354000,269.77975117026074,0.0,0,0
354100,270.0829678830448,0.0,0,0
354200,270.68898032303207,0.0,0,0
354300,271.2888099516477,0.0,0,0
354400,271.7108639526467,0.0,0,0
354500,272.06606817897807,0.0,0,0
354600,272.59882051493867,0.0,0,0
354700,272.9656689112763,0.0,0,0
354800,273.36938836914516,0.0,0,0
354900,273.6951030545174,0.0,0,0
355000,274.3185858733028,0.0,0,0
355100,274.86367498715686,0.0,0,0
355200,275.24419661825686,0.0,0,0
355300,275.96925975395385,0.0,0,0
355400,276.4229916824826,0.0,0,0
355500,276.9509331629798,0.0,0,0
355600,277.4709314729074,0.0,0,0
355700,278.14117013125247,0.0,0,0
355800,278.60798687230835,0.0,0,0
355900,278.99117363613703,0.0,0,0
356000,279.4709699716452,0.0,0,0
356100,280.1007377166837,0.0,0,0
356200,280.54182170219883,0.0,0,0
356300,281.15277729383587,0.0,0,0
356400,281.6301465848089,0.0,0,0
356500,281.98699623072235,0.0,0,0
356600,282.4126921171434,0.0,0,0
356700,283.1599167955302,0.0,0,0
356800,283.37703917391207,0.0,0,0
356900,283.7283053959206,0.0,0,0
357000,284.06067082864513,0.0,0,0
357100,284.6070338660386,0.0,0,0
357200,285.21435770136276,0.0,0,0
357300,285.5212592640324,0.0,0,0
357400,285.9978823732658,0.0,0,0
357500,286.54177695495935,0.0,0,0
357600,287.12196616088283,0.0,0,0
357700,287.5801735968832,0.0,0,0
357800,288.05166201789115,0.0,0,0
357900,288.42989843768095,0.0,0,0
358000,288.81446928493034,0.0,0,0
358100,289.4773490267386,0.0,0,0
358200,289.9140589119452,0.0,0,0
358300,290.32730568276304,0.0,0,0
358400,290.90391784177433,0.0,0,0
358500,291.44009782327413,0.0,0,0
358600,292.19873642260035,0.0,0,0
358700,292.60198108910095,0.0,0,0
358800,292.97580372274376,0.0,0,0
358900,293.3042281273249,0.0,0,0
359000,293.6267875030938,0.0,0,0
359100,294.5805843485399,0.0,0,0
359200,295.16500046566966,0.0,0,0
359300,295.8400993357528,0.0,0,0
359400,296.1396721664846,0.0,0,0
359500,296.60685347861704,0.0,0,0
359600,297.00560788417454,0.0,0,0
359700,297.5436368987721,0.0,0,0
359800,297.98152847362144,0.0,0,0
359900,298.2630789917868,0.0,0,0
360000,298.69751188377353,0.0,0,0
360100,299.0347153221488,0.0,0,0
360200,299.4005595239804,0.0,0,0
360300,300.1742781220264,0.0,0,0
360400,300.86081262477285,0.0,0,0
360500,301.4753689316463,0.0,0,0
360600,301.82607839901783,0.0,0,0
360700,302.41077345314824,0.0,0,0
360800,302.79550873357783,0.0,0.0625,0.015625
360900,303.4163772238574,0.0,0,0
361000,303.91262084401814,0.0,0,0
361100,304.26645122053014,0.0,0,0
361200,304.80789447609874,0.0,0,0
361300,305.26401765447235,0.0,0,0
361400,305.78393196024365,0.0,0,0
361500,306.36461179374237,0.0,0,0
361600,306.7383227733549,0.0,0,0
361700,307.1522557924042,0.0,0,0
361800,307.5330616580855,0.0,0,0
361900,307.8572408791372,0.0,0,0
362000,308.2747031706128,0.0,0,0
362100,308.68150567148234,0.0,0,0
362200,309.04799754896015,0.0,0,0
362300,309.2714630161547,0.0,0,0
362400,309.69203322608195,0.0,0,0
362500,310.10172983930363,0.0,0,0
362600,310.37946018505954,0.0,0,0
362700,311.04971158425906,0.0,0,0
362800,311.38977282807156,0.0,0,0
362900,312.1071509276039,0.0,0,0
363000,312.51713276215276,0.0,0,0
363100,313.13135375227785,0.0,0,0
363200,313.76406044121194,0.0,0.0625,0.015625
363300,314.5110068788406,0.0,0,0
363400,314.9846102301094,0.0,0,0
363500,315.30551128807383,0.0,0,0
363600,316.05688154556856,0.0,0,0
363700,316.61631836268845,0.0,0,0
363800,317.03733282034693,0.0,0,0
363900,317.51326833474377,0.0,0,0
364000,317.6909484674682,0.0,0,0
364100,317.988050980391,0.0,0,0
364200,318.5181206413615,0.0,0,0
364300,318.8685316201349,0.0,0,0
364400,319.3364481969811,0.0,0.0625,0.015625
364500,319.7935002470537,0.0,0,0
364600,320.300769550437,0.0,0,0
364700,320.9530890944113,0.0,0,0
364800,321.3952482594834,0.0,0,0
364900,321.81786782671486,0.0,0,0
365000,322.2853697118619,0.0,0,0
365100,322.62922224464,0.0,0,0
365200,323.20226698372045,0.0,0,0
365300,323.5885291618799,0.0,0,0
365400,324.0181419254701,0.0,0.0625,0.015625
365500,324.867991289558,0.0,0.0625,0.015625
365600,325.1852346406819,0.0,0.0625,0.03125
365700,325.48944560612125,0.0,0.0625,0.046875
365800,326.5894640952227,0.0,0.125,0.03125
365900,327.06464198378416,0.0,0.0625,0.0625
366000,327.4616431374682,0.0,0.0625,0.109375
366100,327.9329096889505,0.0,0.125,0.171875
366200,328.25355357427986,0.0,0.0625,0.078125
366300,328.65778636687963,0.0,0.0625,0.125
366400,329.00006725171033,0.0,0.0625,0.0625
366500,329.4431523026617,0.0,0.125,0.09375
366600,329.90176459862283,0.0,0.0625,0.09375
366700,330.20853162056136,0.0,0.0625,0.171875
366800,330.69195733119705,0.0,0.0625,0.09375
366900,331.1900801049414,0.0,0.0625,0.203125
367000,331.74375399388356,0.0,0.0625,0.15625
367100,332.1269056516213,0.0,0.0625,0.109375
367200,332.6036026049106,0.0,0.0625,0.203125
367300,332.96109958184104,0.0,0.0625,0.125
367400,333.7581493806069,0.0,0.0625,0.203125
367500,334.0289017121455,0.0,0.0625,0.109375
367600,334.3841557066932,0.0,0.0625,0.234375
367700,334.9162930752498,0.0,0.0625,0.328125
367800,335.5082661487022,0.0,0.0625,0.171875
367900,336.0213808378901,0.0,0.0625,0.203125
368000,336.40398549440397,0.0,0.0625,0.359375
368100,336.74941084557133,0.0,0.0625,0.34375
368200,337.22826461947994,0.0,0.0625,0.1875
368300,337.6232353063527,0.0,0.0625,0.328125
368400,338.01331459260757,0.0,0.0625,0.34375
368500,338.58098222384007,0.0,0.0625,0.328125
368600,339.02291100327847,0.0,0.0625,0.40625
368700,339.525881794471,0.0,0.0625,0.375
368800,340.00866377104654,0.0,0.0625,0.421875
368900,340.13208467407577,0.0,0.0625,0.359375
369000,340.3992395016525,0.0,0.0625,0.40625
369100,340.8035612936821,0.0,0.0625,0.3125
369200,341.12811866208125,0.0,0.0625,0.265625
369300,341.8364446480353,0.0,0.0625,0.296875
369400,342.13116512884795,0.0,0.0625,0.390625
369500,342.44856042085615,0.0,0.0625,0.40625
369600,342.8422227837548,0.0,0.0625,0.4375
369700,343.15206464643995,0.0,0.0625,0.421875
369800,343.5232841269833,0.0,0.0625,0.390625
369900,344.07881395296295,0.0,0.0625,0.375
370000,344.72957425425216,0.0,0.0625,0.34375
370100,345.2516275437363,0.0,0.0625,0.5625
370200,345.76520492928296,0.0,0.0625,0.40625
370300,346.371250647933,0.0,0.0625,0.3125
370400,346.8838657889272,0.0,0.0625,0.34375
370500,347.38274182024,0.0,0.0625,0.28125
370600,347.6202545154148,0.0,0.0625,0.296875
370700,348.10584533071324,0.0,0.0625,0.28125
370800,348.4831850917898,0.0,0.0625,0.28125
370900,349.04517258690674,0.0,0.0625,0.296875
371000,349.28279649419295,0.0,0.0625,0.34375
371100,349.42886841710265,0.0,0.0625,0.203125
371200,349.758013782406,0.0,0.0625,0.28125
371300,350.2291545246085,0.0,0.0625,0.25
371400,350.56400682291246,0.0,0.0625,0.34375
371500,350.9529441646517,0.0,0.0625,0.34375
371600,351.31721572538106,0.0,0.0625,0.328125
371700,351.9026975572277,0.0,0.0625,0.296875
371800,352.4036866679388,0.0,0.0625,0.25
371900,352.72595218765167,0.0,0.125,0.296875
372000,353.1072200687904,0.0,0.0625,0.234375
372100,353.5243859879991,0.0,0.0625,0.265625
372200,353.8673112624291,0.0,0.0625,0.21875
372300,354.19123028807036,0.0,0.0625,0.234375
372400,354.4402905789104,0.0,0.125,0.21875
372500,355.02913520763883,0.0,0.0625,0.328125
372600,355.56194024078206,0.0,0.0625,0.171875
372700,355.8729955024549,0.0,0.0625,0.234375
372800,356.09861952873223,0.0,0.0625,0.171875
372900,356.50208236768043,0.0,0.0625,0.203125
373000,356.90567784152296,0.0,0.0625,0.1875
373100,357.2343760452942,0.0,0.0625,0.125
373200,358.0521091868956,0.0,0.0625,0.1875
373300,358.52188656336904,0.0,0.0625,0.15625
373400,358.98246468329705,0.0,0.0625,0.09375
373500,359.40655793761846,0.0,0.0625,0.171875
373600,359.941720794352,0.0,0.0625,0.171875
373700,360.23013702077634,0.0,0.0625,0.203125
373800,360.74275397010985,0.0,0.0625,0.09375
373900,361.1745489452228,0.0,0.0625,0.125
374000,361.544513428479,0.0,0.0625,0.0625
374100,362.132104851002,0.0,0.0625,0.140625
374200,362.48342295352177,0.0,0.0625,0.15625
374300,362.7954913038734,0.0,0.0625,0.125
374400,363.05495507455134,0.0,0.0625,0.09375
374500,363.46613349870483,0.0,0.0625,0.109375
374600,363.99498577941324,0.0,0.0625,0.125
374700,364.5801230185635,0.0,0.0625,0.09375
374800,365.07166522707104,0.0,0.0625,0.1875
374900,365.3298151389873,0.0,0.0625,0.046875
375000,205.49243582354788,0.0,0.0625,0.140625
375100,206.41282444992098,0.0,0.0625,0.0625
375200,207.166399633244,0.0,0.0625,0.109375
375300,207.7217782476774,0.0,0.0625,0.0625
375400,208.5544594211242,0.0,0.0625,0.125
375500,209.4478470976299,0.0,0.0625,0.0625
375600,210.22029830239305,0.0,0.125,0.046875
375700,210.8874825565498,0.0,0.0625,0.078125
375800,211.3392901349231,0.0,0.0625,0.09375
375900,212.08487678942572,0.0,0.0625,0.078125
376000,212.77486556101303,0.0,0.0625,0.140625
376100,213.8214984556284,0.0,0.0625,0.109375
376200,214.49960259727484,0.0,0.0625,0.078125
376300,215.03752542773412,0.0,0.125,0.046875
376400,216.0887337094875,0.0,0.0625,0.046875
376500,217.24250059743454,0.0,0.0625,0.046875
376600,217.82921051474196,0.0,0.0625,0.0625
376700,218.561383979905,0.0,0.0625,0.0625
376800,219.36561392202407,0.0,0.0625,0.03125
376900,220.07359094208007,0.0,0.0625,0.0625
377000,220.68743455944303,0.0,0.0625,0.109375
377100,221.22126304169836,0.0,0.0625,0.03125
377200,222.03477395404732,0.0,0.0625,0.0625
377300,222.54942645128293,0.0,0.0625,0.03125
377400,223.00648838570856,0.0,0.125,0.03125
377500,223.82924792267465,0.0,0.0625,0.015625
377600,224.58806391234324,0.0,0.0625,0.0625
377700,225.01745155394755,0.0,0.0625,0.03125
377800,225.56029556729285,0.0,0,0
377900,226.5438496055237,0.0,0.0625,0.015625
378000,227.01649566220624,0.0,0.0625,0.078125
378100,227.59783557335726,0.0,0.0625,0.03125
378200,228.28114572070643,0.0,0.0625,0.015625
378300,229.01378590106688,0.0,0.0625,0.046875
378400,229.68353632798787,0.0,0.0625,0.046875
378500,230.63189497825982,0.0,0.0625,0.015625
378600,231.2935680392113,0.0,0.0625,0.03125
378700,231.96490578659643,0.0,0,0
378800,232.51086192372736,0.0,0.0625,0.015625
378900,233.01679701900275,0.0,0.0625,0.046875
379000,233.37677957067345,0.0,0.0625,0.046875
379100,233.78212273930956,0.0,0,0
379200,234.23594113435314,0.0,0.0625,0.03125
379300,234.95634706755948,0.0,0.0625,0.015625
379400,235.60659923269296,0.0,0,0
379500,236.29112698963272,0.0,0.0625,0.046875
379600,237.11723335421078,0.0,0.0625,0.046875
379700,237.73463729924916,0.0,0.0625,0.03125
379800,238.3761430732907,0.0,0.0625,0.03125
379900,239.3399725783884,0.0,0,0
380000,239.78702514736287,0.0,0,0
380100,240.53903697042153,0.0,0.0625,0.0625
380200,241.22217822155213,0.0,0.0625,0.015625
380300,241.89246617036096,0.0,0.0625,0.0625
380400,242.32213326579077,0.0,0.0625,0.03125
380500,242.97659600323155,0.0,0,0
380600,243.38120596359056,0.0,0.0625,0.03125
380700,244.06940698128022,0.0,0.0625,0.015625
380800,244.7070643769198,0.0,0.0625,0.03125
380900,245.08140272134636,0.0,0,0
381000,245.90933556618387,0.0,0.0625,0.015625
381100,246.64625856565712,0.0,0.0625,0.03125
381200,247.07164795037465,0.0,0.0625,0.046875
381300,247.7400742695791,0.0,0.0625,0.046875
381400,248.43525175274496,0.0,0,0
381500,249.43149233277234,0.0,0.0625,0.015625
381600,249.9796958692231,0.0,0,0
381700,250.43937632956747,0.0,0.0625,0.03125
381800,251.28831994729055,0.0,0.0625,0.015625
381900,251.865895039868,0.0,0.0625,0.015625
382000,252.5395864124739,0.0,0,0
382100,253.15228335673035,0.0,0,0
382200,253.48757682941857,0.0,0,0
382300,254.23972665541928,0.0,0.0625,0.015625
382400,254.9191676801839,0.0,0,0
382500,255.5313093019834,0.0,0.0625,0.015625
382600,256.23848399726785,0.0,0,0
382700,256.74618729386134,0.0,0,0
382800,257.617218988148,0.0,0,0
382900,258.065223501686,0.0,0,0
383000,258.6274025791592,0.0,0,0
383100,259.27652514833414,0.0,0,0
383200,259.9264540884737,0.0,0,0
383300,260.4032763397531,0.0,0,0
383400,261.0671062560142,0.0,0.0625,0.015625
383500,261.71260108429357,0.0,0,0
383600,262.3286996260619,0.0,0.0625,0.015625
383700,262.9128538079586,0.0,0,0
383800,263.68001437917366,0.0,0,0
383900,264.23132855351435,0.0,0,0
384000,264.73214248823814,0.0,0,0
384100,265.1646058953313,0.0,0,0
384200,265.87445625955775,0.0,0,0
384300,266.74030738649185,0.0,0.0625,0.03125
384400,267.6986016730328,0.0,0,0
384500,268.55698243195485,0.0,0.125,0.03125
384600,268.92992461695695,0.0,0.0625,0.015625
384700,269.4830348983621,0.0,0,0
384800,269.9637319403895,0.0,0.0625,0.015625
384900,270.45485195719357,0.0,0,0
385000,271.1103943356583,0.0,0,0
385100,271.6603674217286,0.0,0,0
385200,272.3048118193637,0.0,0,0
385300,272.5808488689115,0.0,0.0625,0.015625
385400,273.1939014385353,0.0,0,0
385500,273.6336827670115,0.0,0.0625,0.015625
385600,273.9682542828788,0.0,0,0
385700,274.3560375543732,0.0,0.0625,0.015625
385800,274.69889167163484,0.0,0,0
385900,275.097056476158,0.0,0,0
386000,275.66334941554857,0.0,0.0625,0.015625
386100,276.1901082315772,0.0,0,0
386200,276.7737886342495,0.0,0,0
386300,277.2028880683061,0.0,0.0625,0.015625
386400,277.548657091445,0.0,0.0625,0.015625
386500,278.231875227013,0.0,0,0
386600,278.4618796530234,0.0,0,0
386700,279.0742568495721,0.0,0,0
386800,279.5302435853346,0.0,0,0
386900,279.98878159283,0.0,0,0
387000,280.6787798214414,0.0,0,0
387100,281.1515592123692,0.0,0,0
387200,281.89749394237936,0.0,0,0
387300,282.68448555304025,0.0,0,0
387400,283.2464649480305,0.0,0,0
387500,283.6382340215124,0.0,0.0625,0.015625
387600,284.17005270765344,0.0,0,0
387700,284.8381502600984,0.0,0.0625,0.015625
387800,285.52198549468534,0.0,0,0
387900,285.9191971634267,0.0,0.0625,0.015625
388000,286.5040382811999,0.0,0,0
388100,286.97122856271557,0.0,0,0
388200,287.40457561036567,0.0,0,0
388300,287.8554351562265,0.0,0,0
388400,288.40623775723765,0.0,0.0625,0.015625
388500,288.9475021542905,0.0,0,0
388600,289.58416986848414,0.0,0,0
388700,290.09006743914125,0.0,0,0
388800,290.7517005619361,0.0,0,0
388900,291.3559162319722,0.0,0,0
389000,291.8421486905757,0.0,0,0
389100,292.4928787559237,0.0,0,0
389200,292.9160889671175,0.0,0,0
389300,293.6850901000043,0.0,0,0
389400,294.057833674583,0.0,0,0
389500,294.827358495645,0.0,0,0
389600,295.8176931190942,0.0,0,0
389700,296.4941640020569,0.0,0,0
389800,297.05259377863695,0.0,0,0
389900,297.6209148128207,0.0,0,0
390000,298.08698254913804,0.0,0,0
390100,298.7647756468448,0.0,0.0625,0.015625
390200,299.0711033434085,0.0,0,0
390300,299.3589133368233,0.0,0,0
390400,299.83224855949766,0.0,0,0
390500,300.322335448962,0.0,0.0625,0.015625
390600,300.91394500053934,0.0,0,0
390700,301.643597387833,0.0,0,0
390800,302.17482385471135,0.0,0,0
390900,302.7982633859628,0.0,0,0
391000,303.1783339550012,0.0,0,0
391100,303.7059195120207,0.0,0,0
391200,303.9429569892753,0.0,0,0
391300,304.4579765797997,0.0,0,0
391400,304.9358721815121,0.0,0,0
391500,305.8130967221485,0.0,0,0
391600,306.10186711658633,0.0,0,0
391700,306.64609794038734,0.0,0,0
391800,307.116186510896,0.0,0,0
391900,307.79842293350214,0.0,0,0
392000,308.49736924938696,0.0,0,0
392100,309.1071157178742,0.0,0,0
392200,309.6323294753432,0.0,0,0
392300,310.2097853919378,0.0,0,0
392400,310.5883679764845,0.0,0,0
392500,311.0496897473435,0.0,0,0
392600,311.5450933380089,0.0,0,0
392700,311.87971985262527,0.0,0.0625,0.015625
392800,312.22621344595933,0.0,0,0
392900,312.5996463119809,0.0,0,0
393000,313.20180453821075,0.0,0,0
393100,314.0990054582984,0.0,0,0
393200,314.4025349547464,0.0,0,0
393300,315.1327946049606,0.0,0,0
393400,315.8461564012206,0.0,0,0
393500,316.0980465466537,0.0,0,0
393600,316.93716766210775,0.0,0,0
393700,317.4373886558038,0.0,0,0
393800,317.84182046967896,0.0,0,0
393900,318.46384619971457,0.0,0,0
394000,318.8142412361746,0.0,0,0
394100,319.32166891784755,0.0,0,0
394200,319.86506464435604,0.0,0.0625,0.015625
394300,320.20431417067454,0.0,0,0
394400,320.7398905524159,0.0,0,0
394500,321.1313156177069,0.0,0,0
394600,321.3712106632028,0.0,0,0
394700,321.85503606192674,0.0,0,0
394800,322.41047013724943,0.0,0,0
394900,322.82129906397904,0.0,0,0
395000,323.1739401359763,0.0,0,0
395100,323.7655392636825,0.0,0,0
395200,324.33363773537076,0.0,0,0
395300,324.7918703640207,0.0,0,0
395400,325.2592671462243,0.0,0,0
395500,325.5634239989075,0.0,0.0625,0.015625
395600,325.8338453596328,0.0,0,0
395700,326.3041663029988,0.0,0,0
395800,326.71913742654596,0.0,0,0
395900,327.4445225776817,0.0,0,0
396000,328.0225638898658,0.0,0,0
396100,328.4154567389667,0.0,0,0
396200,328.8592492513572,0.0,0,0
396300,329.2171514982716,0.0,0,0
396400,329.76415185989293,0.0,0,0
396500,330.19557024499176,0.0,0,0
396600,330.46414990636663,0.0,0,0
396700,330.79756905073697,0.0,0,0
396800,331.07151185860005,0.0,0,0
396900,331.62561182798834,0.0,0,0
397000,332.27160294210876,0.0,0,0
397100,332.72725697735143,0.0,0.0625,0.015625
397200,333.04907500687017,0.0,0,0
397300,333.5415731998447,0.0,0,0
397400,333.8838044968514,0.0,0,0
397500,334.31857428818466,0.0,0,0
397600,334.68155000343125,0.0,0,0
397700,335.2451169017596,0.0,0,0
397800,335.61943701553173,0.0,0,0
397900,336.3677347401596,0.0,0,0
398000,336.82090413160626,0.0,0,0
398100,337.36936500130685,0.0,0,0
398200,337.8805177903876,0.0,0,0
398300,338.16062809014323,0.0,0,0
398400,338.659628041183,0.0,0,0
398500,338.9595154100839,0.0,0,0
398600,339.23552594771473,0.0,0,0
398700,339.64529967699445,0.0,0,0
398800,339.90553562791905,0.0,0,0
398900,340.62749188089913,0.0,0,0
399000,340.8420703289716,0.0,0,0
399100,341.20661321090233,0.0,0,0
399200,341.82677636788316,0.0,0,0
399300,342.2357796884489,0.0,0.0625,0.015625
399400,342.58829468085327,0.0,0.0625,0.015625
399500,343.305509961229,0.0,0,0
399600,343.57256950788235,0.0,0,0
399700,344.0695481925665,0.0,0,0
399800,344.4320868206729,0.0,0,0
399900,344.6494119926529,0.0,0,0
400000,185.40396343375934,0.0,0,0
400100,186.83020806011703,0.0,0,0
400200,187.50058742503057,0.0,0,0
400300,188.74985690745928,0.0,0,0
400400,189.86317177093153,0.0,0,0
400500,191.43339385608814,0.0,0,0
400600,192.8026729617268,0.0,0,0
400700,193.403119778795,0.0,0,0
400800,194.4712105725652,0.0,0,0
400900,195.9605357078909,0.0,0,0
401000,197.01916283936157,0.0,0,0
401100,198.1871228641772,0.0,0,0
401200,199.2034400123274,0.0,0,0
401300,200.49372574912715,0.0,0,0
401400,201.3961927561784,0.0,0,0
401500,203.0644306934911,0.0,0.0625,0.015625
401600,204.5504554951881,0.0,0,0
401700,205.97502787027676,0.0,0,0
401800,207.32147995676985,0.0,0,0
401900,208.25387189372543,0.0,0,0
402000,209.49435023390515,0.0,0,0
402100,210.88003605908145,0.0,0,0
402200,211.9248802686483,0.0,0,0
402300,213.46298352035762,0.0,0,0
402400,214.5526955643942,0.0,0,0
402500,215.8473442991274,0.0,0,0
402600,217.30094733252542,0.0,0,0
402700,219.00183062609145,0.0,0,0
402800,220.55650830743855,0.0,0,0
402900,222.26189633998084,0.0,0,0
403000,224.07179386450704,0.0,0,0
403100,225.24355882588955,0.0,0,0
403200,225.95290791979494,0.0,0,0
403300,226.91803711007353,0.0,0,0
403400,227.7919552581089,0.0,0,0
403500,228.4931024067535,0.0,0,0
403600,229.06935406780656,0.0,0,0
403700,229.80997832043295,0.0,0,0
403800,230.57506547709863,0.0,0,0
403900,231.2021302831959,0.0,0,0
404000,232.07891783360196,0.0,0,0
404100,233.33423879432388,0.0,0,0
404200,233.8042844789774,0.0,0,0
404300,234.30593802905324,0.0,0,0
404400,234.93296595685626,0.0,0,0
404500,235.8703465202522,0.0,0,0
404600,236.58554942137945,0.0,0.0625,0.015625
404700,237.20130237013126,0.0,0,0
404800,238.13027584127215,0.0,0,0
404900,238.86417777437836,0.0,0,0
405000,239.7599954459058,0.0,0,0
405100,240.3561269658311,0.0,0.125,0.03125
405200,241.5340484702215,0.0,0,0
405300,242.27354416513953,0.0,0,0
405400,243.05323084400476,0.0,0,0
405500,244.0565711657171,0.0,0,0
405600,244.53757985529327,0.0,0,0
405700,245.24320358470882,0.0,0,0
405800,246.22356798482156,0.0,0,0
405900,247.0254054143209,0.0,0,0
406000,247.87645838456325,0.0,0,0
406100,249.19730653038815,0.0,0,0
406200,249.8275985367994,0.0,0,0
406300,250.82811736976828,0.0,0,0
406400,251.64857963142657,0.0,0,0
406500,252.22884993771444,0.0,0,0
406600,252.90941462606077,0.0,0,0
406700,253.7484424880361,0.0,0,0
406800,254.72137433501678,0.0,0,0
406900,255.37156591669083,0.0,0,0
407000,255.75202544373744,0.0,0,0
407100,256.36612732347277,0.0,0,0
407200,256.94307729645465,0.0,0,0
407300,258.06190175115853,0.0,0,0
407400,258.54751182919887,0.0,0,0
407500,259.2991652776437,0.0,0,0
407600,259.9013813024907,0.0,0,0
407700,260.58221567211973,0.0,0,0
407800,261.41842788560865,0.0,0,0
407900,262.4269636137265,0.0,0,0
408000,262.7946933742722,0.0,0,0
408100,263.3794851260404,0.0,0,0
408200,264.4602866250773,0.0,0,0
408300,265.3310236975184,0.0,0,0
408400,266.0164741604096,0.0,0,0
408500,266.990565678766,0.0,0,0
408600,267.6215074306563,0.0,0,0
408700,268.2148806634011,0.0,0,0
408800,269.0999036060928,0.0,0,0
408900,269.77959747814634,0.0,0.0625,0.015625
409000,270.12913284831905,0.0,0,0
409100,270.6021263244447,0.0,0,0
409200,271.12763120147565,0.0,0,0
409300,271.9717224144118,0.0,0,0
409400,272.68768990161817,0.0,0,0
409500,273.49556782775886,0.0,0.0625,0.015625
409600,274.06383879559957,0.0,0,0
409700,274.81546675820425,0.0,0,0
409800,275.47861007963456,0.0,0,0
409900,276.03342781635786,0.0,0.0625,0.015625
410000,276.7745907961991,0.0,0,0
410100,277.2988245871548,0.0,0,0
410200,277.8851247435539,0.0,0,0
410300,278.37103816651944,0.0,0,0
410400,278.8706205311644,0.0,0,0
410500,279.5718245245275,0.0,0,0
410600,280.24973815957856,0.0,0,0
410700,280.8561792544709,0.0,0,0
410800,281.53083917702753,0.0,0,0
410900,282.06077476657566,0.0,0.0625,0.015625
411000,282.7212098344913,0.0,0,0
411100,283.30199346372933,0.0,0,0
411200,283.9939628833609,0.0,0,0
411300,284.8108530637888,0.0,0,0
411400,285.3027000612987,0.0,0,0
411500,285.9333430317452,0.0,0.0625,0.015625
411600,286.4798736528236,0.0,0,0
411700,287.06240708234924,0.0,0,0
411800,287.35935662947196,0.0,0,0
411900,287.5820147657274,0.0,0,0
412000,288.1912341955533,0.0,0,0
412100,289.01520013268055,0.0,0,0
412200,289.7476749306272,0.0,0,0
412300,290.2188315335009,0.0,0,0
412400,290.5953235271073,0.0,0,0
412500,291.05217378463306,0.0,0,0
412600,291.938172831155,0.0,0,0
412700,292.8337889029598,0.0,0,0
412800,293.1800991331466,0.0,0,0
412900,293.56295059578184,0.0,0,0
413000,293.8795291137758,0.0,0,0
413100,294.3690443608555,0.0,0,0
413200,294.9646311775385,0.0,0,0
413300,295.65282109551146,0.0,0,0
413400,296.42086072097044,0.0,0,0
413500,296.91730232612093,0.0,0,0
413600,297.5322888959347,0.0,0,0
413700,298.1982808848937,0.0,0,0
413800,298.63547362948066,0.0,0,0
413900,299.3373970488092,0.0,0,0
414000,299.58542031402595,0.0,0,0
414100,299.85685809014046,0.0,0,0
414200,300.30546875966246,0.0,0,0
414300,300.8646848334524,0.0,0,0
414400,301.30620074133174,0.0,0,0
414500,301.73438194551215,0.0,0,0
414600,302.15863950811234,0.0,0,0
414700,302.73528884742484,0.0,0,0
414800,303.0474997640353,0.0,0,0
414900,303.4587577096199,0.0,0,0
415000,304.1714925332036,0.0,0.0625,0.015625
415100,304.80711537669924,0.0,0,0
415200,305.48952316170056,0.0,0,0
415300,305.9194443049388,0.0,0,0
415400,306.154565420509,0.0,0,0
415500,306.63289845511855,0.0,0,0
415600,307.22739799648,0.0,0,0
415700,307.62411375538613,0.0,0,0
415800,308.14821830123014,0.0,0,0
415900,308.4433200019241,0.0,0,0
416000,309.04499009977224,0.0,0.0625,0.015625
416100,309.4332541340487,0.0,0,0
416200,310.00768903193205,0.0,0.0625,0.015625
416300,310.2259936060706,0.0,0,0
416400,310.8834807323528,0.0,0,0
416500,311.29024407426255,0.0,0,0
416600,311.621545286973,0.0,0,0
416700,312.12782175539496,0.0,0,0
416800,312.5079700976529,0.0,0,0
416900,312.7010677643333,0.0,0,0
417000,313.1655462332588,0.0,0,0
417100,313.869897863404,0.0,0,0
417200,314.8459484815084,0.0,0,0
417300,315.77553326611275,0.0,0,0
417400,316.4304815329969,0.0,0,0
417500,317.16140951709474,0.0,0,0
417600,317.65761497841896,0.0,0,0
417700,318.1530918574568,0.0,0,0
417800,318.69932211896884,0.0,0,0
417900,319.1450070157279,0.0,0,0
418000,319.76632207142325,0.0,0,0
418100,320.38702021678677,0.0,0,0
418200,320.9710938001549,0.0,0,0
418300,321.32801048150804,0.0,0.0625,0.015625
418400,321.8348597847184,0.0,0.0625,0.015625
418500,322.50879472096597,0.0,0,0
418600,322.9542734841833,0.0,0,0
418700,323.3143456469714,0.0,0,0
418800,323.9104298945481,0.0,0,0
418900,324.37308501751215,0.0,0,0
419000,324.6905056537666,0.0,0,0
419100,325.0464952548969,0.0,0,0
419200,325.58192232557553,0.0,0,0
419300,326.0849060022332,0.0,0,0
419400,326.4106819714978,0.0,0,0
419500,326.83521417745163,0.0,0,0
419600,327.0909470443693,0.0,0,0
419700,327.42401638127274,0.0,0,0
419800,327.90646479690275,0.0,0,0
419900,328.4112364565818,0.0,0,0
420000,328.99054126357595,0.0,0,0
420100,329.5582735951274,0.0,0.0625,0.015625
420200,330.21058359620577,0.0,0,0
420300,330.6922970044522,0.0,0,0
420400,331.227396177082,0.0,0,0
420500,331.5805641955284,0.0,0,0
420600,331.87870597325605,0.0,0,0
420700,332.13457872086286,0.0,0,0
420800,332.6306957926815,0.0,0,0
420900,333.0291081748451,0.0,0,0
421000,333.34205461716004,0.0,0,0
421100,333.6443241787719,0.0,0,0
421200,334.23870062364324,0.0,0,0
421300,334.68961559074035,0.0,0,0
421400,335.003981751664,0.0,0,0
421500,335.40779665007517,0.0,0.0625,0.015625
421600,335.6854950146985,0.0,0,0
421700,336.0699220253958,0.0,0,0
421800,336.5040092761938,0.0,0,0
421900,336.8059282145693,0.0,0,0
422000,337.1673457049175,0.0,0,0
422100,337.36535258314296,0.0,0,0
422200,337.61551233779613,0.0,0,0
422300,338.02225536091044,0.0,0,0
422400,338.54250317914506,0.0,0,0
422500,338.8550902433262,0.0,0,0
422600,339.5812362487527,0.0,0.0625,0.015625
422700,339.9704029494025,0.0,0,0
422800,340.5287077631642,0.0,0,0
422900,341.00956910227126,0.0,0,0
423000,341.2521364970138,0.0,0,0
423100,341.81726909129594,0.0,0,0
423200,342.1089575991362,0.0,0,0
423300,342.62654385181304,0.0,0,0
423400,343.1632554268176,0.0,0,0
423500,343.39269687912616,0.0,0,0
423600,343.61730036865015,0.0,0,0
423700,343.9507709982351,0.0,0,0
423800,344.55349278805045,0.0,0,0
423900,345.00092031752024,0.0,0,0
424000,345.50985209848466,0.0,0,0
424100,346.0874478032598,0.0,0,0
424200,346.4809303485518,0.0,0,0
424300,346.80329421993144,0.0,0,0
424400,347.1039709626278,0.0,0,0
424500,347.5582992595911,0.0,0,0
424600,347.94897040393556,0.0,0,0
424700,348.186422669225,0.0,0.125,0.03125
424800,348.4335520192913,0.0,0,0
424900,348.8094560886856,0.0,0,0
425000,243.8252401194518,0.0,0,0
425100,244.46265828254263,0.0,0,0
425200,245.14667789064322,0.0,0,0
425300,245.9368428326385,0.0,0.125,0.03125
425400,246.61293090143604,0.0,0,0
425500,247.09627272483473,0.0,0,0
425600,247.63819526237333,0.0,0,0
425700,248.24575590558285,0.0,0,0
425800,248.88377006808798,0.0,0,0
425900,249.2475661416322,0.0,0,0
426000,250.0247052410904,0.0,0,0
426100,250.59760562687472,0.0,0,0
426200,251.08562115326546,0.0,0,0
426300,251.4415711487336,0.0,0,0
426400,251.88749691828642,0.0,0,0
426500,252.3062475743898,0.0,0,0
426600,252.90537457785103,0.0,0,0
426700,253.4007928531039,0.0,0,0
426800,253.78468800911887,0.0,0,0
426900,254.22101433832597,0.0,0,0
427000,254.47296079215764,0.0,0,0
427100,254.76885798441393,0.0,0,0
427200,255.150881621937,0.0,0,0
427300,255.41535448826866,0.0,0,0
427400,255.7584612180669,0.0,0,0
427500,256.25906589485305,0.0,0,0
427600,256.67391188973113,0.0,0.0625,0.015625
427700,257.14509621461394,0.0,0,0
427800,257.6813566632741,0.0,0,0
427900,258.1029816699987,0.0,0,0
428000,258.65328092205294,0.0,0,0
428100,259.0221460462718,0.0,0,0
428200,259.4735466425502,0.0,0.0625,0.015625
428300,259.81295142766186,0.0,0,0
428400,260.04632565189206,0.0,0,0
428500,260.3935348425313,0.0,0,0
428600,260.7969736458491,0.0,0,0
428700,261.2097087009509,0.0,0,0
428800,261.467573466104,0.0,0,0
428900,261.6432773852402,0.0,0,0
429000,262.1063301374263,0.0,0,0
429100,262.57748093613543,0.0,0,0
429200,262.93970550912456,0.0,0,0
429300,263.12454135830967,0.0,0,0
429400,263.4714167262448,0.0,0,0
429500,263.82293575954594,0.0,0,0
429600,264.13095957425384,0.0,0,0
429700,264.43452296753713,0.0,0,0
429800,264.69949862160763,0.0,0,0
429900,265.01860503735355,0.0,0,0
430000,265.476143460012,0.0,0.0625,0.015625
430100,265.83651499337515,0.0,0,0
430200,266.21855417602984,0.0,0,0
430300,266.66663932239976,0.0,0,0
430400,267.333941199829,0.0,0.0625,0.015625
430500,267.5760845583246,0.0,0,0
430600,267.93937587994594,0.0,0,0
430700,268.12135198088794,0.0,0,0
430800,268.30956859328506,0.0,0,0
430900,268.672668761819,0.0,0,0
431000,268.83743890096474,0.0,0,0
431100,269.148314907361,0.0,0,0
431200,269.4085714404933,0.0,0,0
431300,269.7666254649086,0.0,0,0
431400,270.11947431331987,0.0,0,0
431500,270.61321077250585,0.0,0,0
431600,270.85103951367125,0.0,0,0
431700,271.1901260229509,0.0,0,0
431800,271.4815304623612,0.0,0,0
431900,271.6714527406858,0.0,0,0
432000,271.885059020156,0.0,0,0
432100,272.1886747563387,0.0,0.0625,0.015625
432200,272.4548916515357,0.0,0,0
432300,272.7457601232683,0.0,0,0
432400,273.0649571652781,0.0,0.0625,0.015625
432500,273.312663740077,0.0,0,0
432600,273.73713272344753,0.0,0,0
432700,274.0721938699701,0.0,0.0625,0.015625
432800,274.48029151838955,0.0,0.125,0.03125
432900,274.7894941811522,0.0,0,0
433000,275.19152272518386,0.0,0,0
433100,275.6578194889822,0.0,0,0
433200,276.07342351828123,0.0,0.0625,0.015625
433300,276.3234264983756,0.0,0.0625,0.015625
433400,276.6607569520656,0.0,0,0
433500,276.944367318182,0.0,0,0
433600,277.2244702883272,0.0,0,0
433700,277.5585826554853,0.0,0,0
433800,277.7800126923097,0.0,0,0
433900,278.0516312295551,0.0,0,0
434000,278.4229388439515,0.0,0,0
434100,278.8228017747226,0.0,0,0
434200,279.0406949992637,0.0,0,0
434300,279.2446546977032,0.0,0,0
434400,279.53651410911283,0.0,0.0625,0.015625
434500,279.8291707582563,0.0,0.0625,0.015625
434600,280.18747448748724,0.0,0,0
434700,280.53321332219224,0.0,0,0
434800,280.66527360975203,0.0,0,0
434900,280.91109086502036,0.0,0.0625,0.015625
435000,281.0715139205347,0.0,0,0
435100,281.31801079567475,0.0,0,0
435200,281.6650381295063,0.0,0,0
435300,282.1174523760975,0.0,0.125,0.03125
435400,282.5940920800566,0.0,0,0
435500,282.8026741850901,0.0,0,0
435600,283.04034286384234,0.0,0,0
435700,283.2578240660179,0.0,0.0625,0.015625
435800,283.5155859888363,0.0,0.0625,0.015625
435900,283.77205371243474,0.0,0,0
436000,284.0895913229593,0.0,0,0
436100,284.51972255684205,0.0,0,0
436200,284.8044113777073,0.0,0,0
436300,285.0308075525231,0.0,0.0625,0.015625
436400,285.3415697324074,0.0,0,0
436500,285.70224868880456,0.0,0,0
436600,286.02807928542995,0.0,0,0
436700,286.3505784040439,0.0,0,0
436800,286.6478832552682,0.0,0,0
436900,287.105918579394,0.0,0,0
437000,287.41450342073534,0.0,0,0
437100,287.66946122844274,0.0,0,0
437200,288.0042282623684,0.0,0,0
437300,288.2976897090644,0.0,0,0
437400,288.5360545573347,0.0,0,0
437500,288.89875485448437,0.0,0.0625,0.015625
437600,289.1077577129316,0.0,0,0
437700,289.4485216725652,0.0,0.0625,0.015625
437800,289.6841159764227,0.0,0,0
437900,289.9448403015511,0.0,0,0
438000,290.17394008109255,0.0,0.0625,0.015625
438100,290.5841205822962,0.0,0,0
438200,290.81704693994413,0.0,0,0
438300,291.03484639940126,0.0,0,0
438400,291.234447967178,0.0,0,0
438500,291.57607118178447,0.0,0,0
438600,291.9531459627865,0.0,0,0
438700,292.16053227515954,0.0,0,0
438800,292.35580754262895,0.0,0,0
438900,292.5252819527663,0.0,0,0
439000,292.97175935501457,0.0,0,0
439100,293.2624896114382,0.0,0.0625,0.015625
439200,293.6449887148509,0.0,0,0
439300,293.94482260158446,0.0,0,0
439400,294.20042255159603,0.0,0,0
439500,294.3611393409194,0.0,0,0
439600,294.7061909221949,0.0,0,0
439700,294.85147190925426,0.0,0,0
439800,295.19602245983106,0.0,0,0
439900,295.7133674348513,0.0,0,0
440000,295.9568025833254,0.0,0,0
440100,296.2976240293383,0.0,0,0
440200,296.6180955028785,0.0,0,0
440300,296.788508748346,0.0,0,0
440400,297.0706596979634,0.0,0.0625,0.015625
440500,297.4723542189577,0.0,0.125,0.03125
440600,297.75421477530807,0.0,0,0
440700,298.0976098240756,0.0,0.0625,0.015625
440800,298.3862929334775,0.0,0,0
440900,298.6615110106284,0.0,0.0625,0.015625
441000,298.9040167887816,0.0,0,0
441100,299.3766358550149,0.0,0,0
441200,299.75845117695644,0.0,0,0
441300,300.0735493607385,0.0,0.0625,0.015625
441400,300.34536059828343,0.0,0,0
441500,300.7278519092334,0.0,0,0
441600,300.883966946501,0.0,0,0
441700,301.0218992362949,0.0,0.0625,0.015625
441800,301.23573021026937,0.0,0.0625,0.015625
441900,301.43634331231067,0.0,0,0
442000,301.7472142734569,0.0,0.0625,0.015625
442100,302.1263069885172,0.0,0,0
442200,302.47299545012675,0.0,0,0
442300,302.8068515756241,0.0,0,0
442400,303.03283896956316,0.0,0,0
442500,303.383912672497,0.0,0,0
442600,303.8168230182564,0.0,0,0
442700,303.9751208130859,0.0,0,0
442800,304.1818981320467,0.0,0,0
442900,304.44719384458585,0.0,0,0
443000,304.99400614279523,0.0,0,0
443100,305.24526278527867,0.0,0,0
443200,305.57480317719035,0.0,0,0
443300,305.90742725431977,0.0,0,0
443400,306.1901775007697,0.0,0,0
443500,306.5900823444961,0.0,0,0
443600,306.9313413125965,0.0,0,0
443700,307.2616438267059,0.0,0,0
443800,307.7666283404283,0.0,0,0
443900,308.0165765908325,0.0,0,0
444000,308.3586405298375,0.0,0,0
444100,308.88586617926325,0.0,0.0625,0.015625
444200,309.3762378870889,0.0,0,0
444300,309.87380115462526,0.0,0,0
444400,310.0451881927555,0.0,0,0
444500,310.30411211006583,0.0,0,0
444600,310.598618966859,0.0,0,0
444700,310.97524125432585,0.0,0,0
444800,311.3649731385068,0.0,0,0
444900,311.7757467849822,0.0,0,0
445000,312.0337060978807,0.0,0,0
445100,312.22454383889334,0.0,0.0625,0.015625
445200,312.6071519549723,0.0,0,0
445300,312.8115176467166,0.0,0,0
445400,313.2678057119677,0.0,0,0
445500,313.6265943570287,0.0,0.0625,0.015625
445600,313.81929906571264,0.0,0,0
445700,314.17119424663497,0.0,0.125,0.03125
445800,314.4917957389373,0.0,0,0
445900,315.0970069078184,0.0,0,0
446000,315.29336821222023,0.0,0,0
446100,315.58716959350943,0.0,0,0
446200,315.960157788705,0.0,0,0
446300,316.22386165259104,0.0,0,0
446400,316.4319305702072,0.0,0,0
446500,316.64381143152775,0.0,0,0
446600,317.230219870405,0.0,0,0
446700,317.621596336327,0.0,0,0
446800,317.9448200382329,0.0,0,0
446900,318.24842067952795,0.0,0,0
447000,318.5293588886828,0.0,0.0625,0.015625
447100,318.9623326724562,0.0,0,0
447200,319.1880694762153,0.0,0,0
447300,319.38210804586197,0.0,0,0
447400,319.70789735848626,0.0,0,0
447500,320.13614913567454,0.0,0,0
447600,320.43843463305535,0.0,0,0
447700,320.98088267543716,0.0,0,0
447800,321.3853426444059,0.0,0,0
447900,322.0474281712935,0.0,0,0
448000,322.36629204683584,0.0,0,0
448100,322.7239532961259,0.0,0,0
448200,323.1217863957176,0.0,0,0
448300,323.7467281653545,0.0,0,0
448400,324.0937637982524,0.0,0,0
448500,324.4270850560826,0.0,0,0
448600,324.99384592869103,0.0,0,0
448700,325.4514298919378,0.0,0,0
448800,326.32263809618354,0.0,0.125,0.03125
448900,326.83412263374703,0.0,0.0625,0.015625
449000,326.9516028378678,0.0,0,0
449100,327.45157219853314,0.0,0,0
449200,327.80459091191204,0.0,0,0
449300,328.3150208370845,0.0,0,0
449400,328.487790147166,0.0,0,0
449500,329.1079967493477,0.0,0,0
449600,329.5976667385289,0.0,0,0
449700,330.1712324076528,0.0,0.0625,0.015625
449800,330.4478914741231,0.0,0,0
449900,330.8035596050331,0.0,0,0
450000,224.93058873247904,0.0,0,0
450100,225.90718033895158,0.0,0,0
450200,227.36856470179697,0.0,0,0
450300,228.73912993493738,0.0,0,0
450400,230.56849117550988,0.0,0.0625,0.015625
450500,231.69078171297383,0.0,0,0
450600,232.582834807128,0.0,0,0
450700,233.64047066627566,0.0,0,0
450800,235.20145769077212,0.0,0,0
450900,236.20115983414462,0.0,0,0
451000,236.85907587687007,0.0,0,0
451100,238.26586241127217,0.0,0,0
451200,239.99939013469424,0.0,0,0
451300,241.54926435301633,0.0,0,0
451400,242.66556964819458,0.0,0,0
451500,243.4407699634733,0.0,0,0
451600,244.311929634488,0.0,0,0
451700,246.15870545951975,0.0,0,0
451800,247.4731017553153,0.0,0.0625,0.015625
451900,248.4935499915757,0.0,0.0625,0.015625
452000,249.81143977908616,0.0,0,0
452100,251.33447049072663,0.0,0,0
452200,252.55784287374914,0.0,0,0
452300,253.37920815124033,0.0,0,0
452400,254.62438266748836,0.0,0,0
452500,255.638540049701,0.0,0,0
452600,256.872802139946,0.0,0,0
452700,257.93853690894315,0.0,0,0
452800,258.70093956723287,0.0,0,0
452900,259.8593600941199,0.0,0.0625,0.015625
453000,260.7443920158734,0.0,0,0
453100,261.9855326605602,0.0,0,0
453200,262.8865465433061,0.0,0,0
453300,264.015210449268,0.0,0,0
453400,264.81772560630594,0.0,0,0
453500,265.928401373902,0.0,0,0
453600,266.8217731962528,0.0,0,0
453700,267.63004361657465,0.0,0,0
453800,268.35068355099935,0.0,0,0
453900,269.6083086984621,0.0,0,0
454000,270.1287246106323,0.0,0.0625,0.015625
454100,270.6682791971398,0.0,0,0
454200,271.2837992776298,0.0,0,0
454300,272.13925887977103,0.0,0,0
454400,272.7649067100071,0.0,0,0
454500,273.39498168323803,0.0,0,0
454600,274.2969731964872,0.0,0,0
454700,274.8016943654013,0.0,0,0
454800,275.29219984818025,0.0,0,0
454900,275.9317795016879,0.0,0,0
455000,276.7298068173994,0.0,0,0
455100,277.2696803935528,0.0,0,0
455200,277.9624593871794,0.0,0,0
455300,278.6716008937938,0.0,0,0
455400,279.2302268318712,0.0,0,0
455500,279.70770598775175,0.0,0,0
455600,280.480689722112,0.0,0,0
455700,281.17345011049974,0.0,0,0
455800,281.9901857703832,0.0,0,0
455900,282.359845725236,0.0,0,0
456000,283.03666554926104,0.0,0,0
456100,283.4122760388948,0.0,0,0
456200,283.85452076147124,0.0,0,0
456300,284.2935596370723,0.0,0,0
456400,284.8596587750605,0.0,0,0
456500,285.40640842235626,0.0,0,0
456600,285.9300078831219,0.0,0,0
456700,286.2479639519597,0.0,0,0
456800,286.76893847550343,0.0,0,0
456900,287.0761670449675,0.0,0,0
457000,287.47821191925,0.0,0.0625,0.015625
457100,287.9735498394455,0.0,0,0
457200,288.46771946808065,0.0,0.0625,0.015625
457300,288.80793729802167,0.0,0.0625,0.03125
457400,289.02765328262683,0.0,0,0
457500,289.334541358202,0.0,0,0
457600,289.8194330429923,0.0,0,0
457700,290.4925513258197,0.0,0,0
457800,290.9234287349735,0.0,0.0625,0.015625
457900,291.26614635293845,0.0,0,0
458000,291.7860338381061,0.0,0,0
458100,292.1419779403026,0.0,0.0625,0.015625
458200,292.6219243512049,0.0,0.0625,0.015625
458300,292.9397636712725,0.0,0,0
458400,293.5495408042679,0.0,0,0
458500,294.19230709020957,0.0,0,0
458600,294.54287978037337,0.0,0,0
458700,294.9906167455678,0.0,0,0
458800,295.2882082884756,0.0,0,0
458900,295.7519533199332,0.0,0,0
459000,296.06420457624193,0.0,0,0
459100,296.4378330026839,0.0,0.0625,0.015625
459200,296.8195696862596,0.0,0,0
459300,296.9923062435541,0.0,0,0
459400,297.37284349341655,0.0,0,0
459500,297.64201375989114,0.0,0,0
459600,298.3098428295198,0.0,0,0
459700,298.6279491758999,0.0,0,0
459800,298.9744702181041,0.0,0.0625,0.015625
459900,299.284907847374,0.0,0,0
460000,299.7077827749323,0.0,0,0
460100,300.15664038962285,0.0,0,0
460200,300.59577232124536,0.0,0,0
460300,301.05071709175985,0.0,0,0
460400,301.32424872803506,0.0,0,0
460500,301.60995630721874,0.0,0,0
460600,302.0267641991789,0.0,0,0
460700,302.3095535211968,0.0,0,0
460800,302.55160509233815,0.0,0,0
460900,302.89547869169564,0.0,0.0625,0.015625
461000,303.36965030414143,0.0,0,0
461100,303.8666959509971,0.0,0,0
461200,304.21152316107066,0.0,0,0
461300,304.48510804284956,0.0,0,0
461400,304.99476667106615,0.0,0,0
461500,305.2817775103004,0.0,0.0625,0.015625
461600,305.7210402243818,0.0,0,0
461700,306.1291267890657,0.0,0,0
461800,306.4892292930268,0.0,0,0
461900,306.7230115474879,0.0,0,0
462000,306.87541435277853,0.0,0,0
462100,307.1359823032569,0.0,0,0
462200,307.3896698407231,0.0,0,0
462300,307.7571701636423,0.0,0.0625,0.015625
462400,307.98915382297747,0.0,0,0
462500,308.2376523336472,0.0,0,0
462600,308.6405269583525,0.0,0.0625,0.015625
462700,308.99740553295504,0.0,0,0
462800,309.25200020764606,0.0,0.0625,0.015625
462900,309.5780737060976,0.0,0,0
463000,309.9865843709611,0.0,0,0
463100,310.430386883317,0.0,0.125,0.03125
463200,310.70845112568065,0.0,0,0
463300,310.877012417747,0.0,0,0
463400,311.2954028984355,0.0,0,0
463500,311.7071070961014,0.0,0,0
463600,312.1941677355358,0.0,0,0
463700,312.6055533128146,0.0,0.0625,0.015625
463800,312.8393792155662,0.0,0,0
463900,313.03639714525997,0.0,0,0
464000,313.30653284564556,0.0,0,0
464100,313.75924043796914,0.0,0,0
464200,314.063540271383,0.0,0,0
464300,314.28169749398296,0.0,0,0
464400,314.6664978549746,0.0,0,0
464500,314.92003320772807,0.0,0,0
464600,315.21212940809943,0.0,0,0
464700,315.625005442231,0.0,0,0
464800,315.8411603008625,0.0,0,0
464900,316.0502807282173,0.0,0,0
465000,316.39849909066464,0.0,0,0
465100,316.70152564030656,0.0,0,0
465200,317.0166287484975,0.0,0,0
465300,317.39731816835854,0.0,0,0
465400,317.5839934883285,0.0,0,0
465500,317.9315763198781,0.0,0,0
465600,318.2093106788894,0.0,0,0
465700,318.4936822732459,0.0,0,0
465800,318.81504368351494,0.0,0,0
465900,319.13851941637813,0.0,0.0625,0.015625
466000,319.4686196643978,0.0,0,0
466100,319.97467329489416,0.0,0,0
466200,320.21023638076065,0.0,0.0625,0.03125
466300,320.4159463024278,0.0,0,0
466400,320.7511112040619,0.0,0.0625,0.015625
466500,321.079084201977,0.0,0,0
466600,321.26645559742497,0.0,0,0
466700,321.4441170108901,0.0,0,0
466800,321.73653972106126,0.0,0,0
466900,322.02559864872336,0.0,0,0
467000,322.27786123892065,0.0,0,0
467100,322.64448657583574,0.0,0,0
467200,323.1491286389365,0.0,0,0
467300,323.3218975615063,0.0,0,0
467400,323.67293992471764,0.0,0,0
467500,323.9460157049904,0.0,0,0
467600,324.10118982821666,0.0,0,0
467700,324.4210257064149,0.0,0,0
467800,324.6358862288885,0.0,0,0
467900,324.8538358797289,0.0,0,0
468000,325.13912959605113,0.0,0,0
468100,325.44455180386905,0.0,0,0
468200,325.66559616100625,0.0,0,0
468300,326.0399985322579,0.0,0.0625,0.015625
468400,326.52899005867687,0.0,0,0
468500,326.8865747238692,0.0,0,0
468600,327.2032995604325,0.0,0,0
468700,327.43368305165006,0.0,0.0625,0.015625
468800,327.68799718242497,0.0,0.0625,0.015625
468900,327.8901273197196,0.0,0,0
469000,328.223506980258,0.0,0,0
469100,328.5858344419026,0.0,0,0
469200,329.2241181627735,0.0,0,0
469300,329.6799769010851,0.0,0,0
469400,330.1172189622843,0.0,0,0
469500,330.31055084916346,0.0,0.0625,0.015625
469600,330.5539027634342,0.0,0,0
469700,330.89261450972015,0.0,0,0
469800,331.25665237935397,0.0,0,0
469900,331.61797189342474,0.0,0.0625,0.015625
470000,331.9084261049616,0.0,0,0
470100,332.2662146534871,0.0,0,0
470200,332.40753795292363,0.0,0,0
470300,332.7600704667365,0.0,0,0
470400,333.0313035915798,0.0,0,0
470500,333.40187877878776,0.0,0,0
470600,333.72856353254207,0.0,0,0
470700,333.93191346811574,0.0,0,0
470800,334.2976730329774,0.0,0,0
470900,334.4553018155707,0.0,0,0
471000,334.7792153644142,0.0,0,0
471100,335.1655304276866,0.0,0,0
471200,335.43948387802885,0.0,0,0
471300,335.7198273280843,0.0,0,0
471400,335.987901858854,0.0,0,0
471500,336.28244588999615,0.0,0,0
471600,336.54054211076294,0.0,0,0
471700,336.9214985304019,0.0,0,0
471800,337.46834605722955,0.0,0.0625,0.015625
471900,337.7240853448862,0.0,0,0
472000,338.1791249117889,0.0,0,0
472100,338.4556787689249,0.0,0,0
472200,338.8357494536607,0.0,0,0
472300,339.0939534111428,0.0,0,0
472400,339.7373801041274,0.0,0,0
472500,340.1573444977306,0.0,0,0
472600,340.67194467100836,0.0,0,0
472700,341.1014077198851,0.0,0,0
472800,341.79644403598064,0.0,0,0
472900,342.3693180952452,0.0,0,0
473000,342.84476457839247,0.0,0,0
473100,343.2240522212555,0.0,0,0
473200,343.5215538974316,0.0,0,0
473300,344.09260159778927,0.0,0,0
473400,344.33864397353955,0.0,0,0
473500,344.7944026305086,0.0,0,0
473600,345.1513696058761,0.0,0,0
473700,345.4672828191888,0.0,0,0
473800,346.0427537767948,0.0,0,0
473900,346.5322651958137,0.0,0,0
474000,346.83792032802427,0.0,0,0
474100,347.2255788304605,0.0,0,0
474200,347.65820050103576,0.0,0.0625,0.015625
474300,347.95923905299674,0.0,0,0
474400,348.41844849697617,0.0,0,0
474500,348.87870843096596,0.0,0,0
474600,349.382728487576,0.0,0,0
474700,349.7255384961459,0.0,0,0
474800,350.2332560474619,0.0,0,0
474900,350.51249210527374,0.0,0,0
475000,142.50053781845685,0.0,0,0
475100,144.92033087348938,0.0,0.0625,0.015625
475200,147.52423356619184,0.0,0,0
475300,149.07937563217232,0.0,0,0
475400,150.3836168871739,0.0,0,0
475500,153.854706713752,0.0,0.0625,0.015625
475600,155.74679316571633,0.0,0,0
475700,157.97339137740346,0.0,0,0
475800,160.08478050332226,0.0,0,0
475900,162.0797947926682,0.0,0,0
476000,165.0451575367628,0.0,0,0
476100,167.84162980646073,0.0,0,0
476200,170.41370091035367,0.0,0,0
476300,173.55088444861778,0.0,0.0625,0.015625
476400,176.68877903200524,0.0,0,0
476500,179.16059597437194,0.0,0,0
476600,180.73111679458756,0.0,0,0
476700,183.12094494570596,0.0,0,0
476800,185.06927135434782,0.0,0,0
476900,186.87719377343947,0.0,0,0
477000,188.23214562194067,0.0,0,0
477100,189.94039941992142,0.0,0,0
477200,191.79004882156363,0.0,0,0
477300,193.2022661834768,0.0,0,0
477400,194.75709815298424,0.0,0,0
477500,196.258422041393,0.0,0,0
477600,197.2520599020857,0.0,0,0
477700,198.16894474714115,0.0,0.0625,0.015625
477800,199.29444242350763,0.0,0,0
477900,200.75355823743936,0.0,0,0
478000,202.3051351770672,0.0,0,0
478100,203.7140344363664,0.0,0,0
478200,204.57972581593958,0.0,0,0
478300,205.80511303804266,0.0,0,0
478400,206.50993508594075,0.0,0,0
478500,207.80228471148547,0.0,0,0
478600,208.66366808689185,0.0,0,0
478700,209.65709192814427,0.0,0,0
478800,210.61384889888436,0.0,0,0
478900,211.39444049723326,0.0,0,0
479000,212.25435515785813,0.0,0,0
479100,213.59034003792016,0.0,0.0625,0.015625
479200,215.23718879729893,0.0,0,0
479300,216.33540147648085,0.0,0,0
479400,217.22953589196504,0.0,0,0
479500,218.21773396090407,0.0,0.0625,0.015625
479600,218.94595907839405,0.0,0,0
479700,219.65229456577637,0.0,0,0
479800,220.58980059369446,0.0,0,0
479900,221.3664636548691,0.0,0,0
480000,222.08836111018306,0.0,0,0
480100,222.71635334816378,0.0,0,0
480200,223.6814708366467,0.0,0,0
480300,224.37088254744032,0.0,0,0
480400,225.02862056686985,0.0,0,0
480500,225.87101408835395,0.0,0,0
480600,226.5496845387402,0.0,0,0
480700,226.99452296523668,0.0,0,0
480800,227.59270220239222,0.0,0,0
480900,228.4390675253484,0.0,0.0625,0.015625
481000,228.98314032350572,0.0,0,0
481100,229.75096774053264,0.0,0,0
481200,230.77010228446397,0.0,0,0
481300,231.1623689015343,0.0,0,0
481400,231.80653107385473,0.0,0,0
481500,232.18054647462037,0.0,0,0
481600,232.77889281389048,0.0,0,0
481700,233.39137134926324,0.0,0,0
481800,233.93570138245138,0.0,0,0
481900,234.68416931131145,0.0,0,0
482000,235.3431095762491,0.0,0,0
482100,235.99920297490337,0.0,0,0
482200,236.46989630158814,0.0,0,0
482300,236.8193343225309,0.0,0,0
482400,237.3099516305711,0.0,0,0
482500,237.69385703900184,0.0,0.0625,0.015625
482600,237.96397435901795,0.0,0,0
482700,238.72528869672664,0.0,0,0
482800,239.27737081372632,0.0,0,0
482900,239.66122324047623,0.0,0,0
483000,240.08403973841632,0.0,0,0
483100,240.77829193008716,0.0,0,0
483200,241.2060765891446,0.0,0.0625,0.015625
483300,241.75790877827652,0.0,0.0625,0.015625
483400,242.29340200508827,0.0,0,0
483500,242.6909315440636,0.0,0,0
483600,242.92991319852055,0.0,0,0
483700,243.55727090463182,0.0,0,0
483800,244.41614341935949,0.0,0,0
483900,244.97386244744192,0.0,0.0625,0.03125
484000,245.43277633369593,0.0,0,0
484100,245.66796296598463,0.0,0,0
484200,246.26052678627886,0.0,0,0
484300,246.7306103800578,0.0,0,0
484400,247.0084889577299,0.0,0,0
484500,247.30426619024246,0.0,0,0
484600,247.75094808825605,0.0,0,0
484700,248.3215444586828,0.0,0,0
484800,248.7501714948142,0.0,0,0
484900,249.3122329483012,0.0,0,0
485000,250.23497287229713,0.0,0,0
485100,250.6821643593902,0.0,0,0
485200,251.14746839727084,0.0,0.0625,0.015625
485300,251.62487117333586,0.0,0,0
485400,252.48401193828568,0.0,0,0
485500,253.22639141474744,0.0,0,0
485600,253.58913733460957,0.0,0,0
485700,254.01458754578084,0.0,0,0
485800,254.4385966883905,0.0,0,0
485900,254.9641083989149,0.0,0.0625,0.015625
486000,255.70239004167632,0.0,0,0
486100,256.196327944588,0.0,0.125,0.03125
486200,256.8405083188796,0.0,0,0
486300,257.39723779205025,0.0,0,0
486400,258.0397301318801,0.0,0,0
486500,258.3682428922848,0.0,0,0
486600,258.77288232453566,0.0,0.0625,0.015625
486700,259.15892138242043,0.0,0,0
486800,259.5050502328837,0.0,0,0
486900,259.9372477172282,0.0,0,0
487000,260.2499153671248,0.0,0,0
487100,260.6626005883326,0.0,0,0
487200,261.1716328116836,0.0,0,0
487300,261.42636713486985,0.0,0,0
487400,261.7520383644224,0.0,0.0625,0.015625
487500,262.0820097049823,0.0,0.0625,0.015625
487600,262.40005762547764,0.0,0.0625,0.015625
487700,262.96207108364064,0.0,0,0
487800,263.555590559542,0.0,0,0
487900,263.81278962982765,0.0,0.0625,0.015625
488000,264.176218565676,0.0,0.0625,0.015625
488100,264.6375917102054,0.0,0,0
488200,265.02671219907484,0.0,0,0
488300,265.27411634015846,0.0,0,0
488400,265.41105440591593,0.0,0,0
488500,265.79959590817754,0.0,0,0
488600,266.2354634036268,0.0,0,0
488700,266.67005826005095,0.0,0.0625,0.015625
488800,266.86233052522675,0.0,0,0
488900,267.03304834155404,0.0,0,0
489000,267.41842221257843,0.0,0,0
489100,267.9980649358378,0.0,0,0
489200,268.29784118955524,0.0,0.0625,0.015625
489300,268.5933291345915,0.0,0,0
489400,268.8854046191725,0.0,0,0
489500,269.43801996774033,0.0,0,0
489600,269.76857177261667,0.0,0,0
489700,270.01246170066855,0.0,0.0625,0.015625
489800,270.43421577059775,0.0,0.0625,0.015625
489900,270.8694579396368,0.0,0,0
490000,271.1582348122258,0.0,0.0625,0.015625
490100,271.4353106954861,0.0,0,0
490200,271.7376183194016,0.0,0,0
490300,272.02996056974575,0.0,0,0
490400,272.535789954799,0.0,0,0
490500,273.0939537011155,0.0,0.0625,0.015625
490600,273.5461920444015,0.0,0,0
490700,273.7801977657921,0.0,0,0
490800,274.12291449997053,0.0,0,0
490900,274.6494632820541,0.0,0,0
491000,274.91074130143227,0.0,0,0
491100,275.13399906622675,0.0,0,0
491200,275.337772373068,0.0,0,0
491300,275.6469708919614,0.0,0,0
491400,275.90803481854,0.0,0,0
491500,276.2464956515724,0.0,0,0
491600,276.4251474741409,0.0,0,0
491700,276.68680984180025,0.0,0,0
491800,277.11130704680215,0.0,0,0
491900,277.2513648533205,0.0,0,0
492000,277.59265453299497,0.0,0,0
492100,277.6583966924942,0.0,0,0
492200,278.0604369521892,0.0,0.0625,0.015625
492300,278.3776250829847,0.0,0,0
492400,278.7398737598355,0.0,0,0
492500,278.9596988810706,0.0,0,0
492600,279.0226089494646,0.0,0,0
492700,279.30293302633964,0.0,0,0
492800,279.7092941623628,0.0,0,0
492900,280.12410654240296,0.0,0,0
493000,280.83080737922006,0.0,0,0
493100,281.28682094705266,0.0,0,0
493200,281.52770307537764,0.0,0.0625,0.015625
493300,281.7453986061461,0.0,0,0
493400,282.0624191876201,0.0,0.0625,0.015625
493500,282.2754033930413,0.0,0,0
493600,282.7487136999521,0.0,0.0625,0.015625
493700,283.195780979587,0.0,0.0625,0.015625
493800,283.43858708618154,0.0,0,0
493900,283.78385889517756,0.0,0,0
494000,284.13358708418036,0.0,0,0
494100,284.3566285748899,0.0,0,0
494200,284.5415715267996,0.0,0.0625,0.015625
494300,284.784341094406,0.0,0,0
494400,285.13832735461625,0.0,0,0
494500,285.54196996510046,0.0,0,0
494600,285.965960670181,0.0,0,0
494700,286.4213136254211,0.0,0,0
494800,286.5859424319317,0.0,0,0
494900,286.80910962259566,0.0,0,0
495000,286.99815807588107,0.0,0,0
495100,287.15566042411854,0.0,0.0625,0.015625
495200,287.3009843999378,0.0,0,0
495300,287.6833762632447,0.0,0,0
495400,287.90709016760627,0.0,0,0
495500,288.27066075618615,0.0,0.0625,0.015625
495600,288.48747334427037,0.0,0,0
495700,288.97822532071774,0.0,0,0
495800,289.10861929001777,0.0,0.0625,0.015625
495900,289.2982831828694,0.0,0,0
496000,289.70799326591066,0.0,0.125,0.03125
496100,290.00536860063835,0.0,0,0
496200,290.23213912872853,0.0,0,0
496300,290.6222783746006,0.0,0,0
496400,290.7261705420746,0.0,0,0
496500,290.96472351874354,0.0,0,0
496600,291.29404977569794,0.0,0,0
496700,291.4807418053541,0.0,0,0
496800,291.7713967279044,0.0,0.0625,0.015625
496900,292.0648099912786,0.0,0.0625,0.015625
497000,292.3163778904184,0.0,0,0
497100,292.5639414542959,0.0,0.0625,0.015625
497200,292.90984006772396,0.0,0,0
497300,293.36742633783234,0.0,0,0
497400,293.5001917886931,0.0,0,0
497500,293.81468143195434,0.0,0,0
497600,294.14428858504823,0.0,0.0625,0.015625
497700,294.4226401592828,0.0,0.0625,0.015625
497800,294.6347583456893,0.0,0.0625,0.03125
497900,295.13772839196776,0.0,0.0625,0.03125
498000,295.3647579439433,0.0,0.0625,0.015625
498100,295.61943135225056,0.0,0,0
498200,295.85394122888533,0.0,0.0625,0.015625
498300,296.05110791121615,0.0,0,0
498400,296.2476175811864,0.0,0,0
498500,296.4180886564707,0.0,0,0
498600,296.59848687154437,0.0,0.0625,0.03125
498700,296.8392697109121,0.0,0.0625,0.015625
498800,297.02614406704384,0.0,0.0625,0.015625
498900,297.2085752140894,0.0,0.0625,0.015625
499000,297.40273230769407,0.0,0.125,0.03125
499100,297.7265452333979,0.0,0.0625,0.03125
499200,298.04511125846466,0.0,0.0625,0.015625
499300,298.278240090096,0.0,0.0625,0.03125
499400,298.54498442196393,0.0,0.0625,0.03125
499500,299.05633040054903,0.0,0.125,0.0625
499600,299.26893798441756,0.0,0.0625,0.015625
499700,299.35896894732434,0.0,0,0
499800,299.6093202982473,0.0,0.0625,0.03125
499900,299.7292653152208,0.0,0.125,0.078125
500000,321.4366712796022,0.0,0.0625,0.046875
500100,323.12560004550096,0.0,0.0625,0.015625
500200,324.612905165046,0.0,0.0625,0.015625
500300,326.15072838156925,0.0,0.0625,0.015625
500400,327.147689146157,0.0,0.0625,0.015625
500500,328.8776508804051,0.0,0.0625,0.078125
500600,330.1113493331597,0.0,0.0625,0.015625
500700,332.190162608765,0.0,0.125,0.046875
500800,334.0779785556361,0.0,0.0625,0.015625
500900,335.33420771856095,0.0,0.0625,0.046875
501000,337.32861949011703,0.0,0.0625,0.03125
501100,339.21411788276873,0.0,0.0625,0.03125
501200,340.2298552122954,0.0,0.0625,0.0625
501300,341.851677723367,0.0,0.0625,0.03125
501400,343.82346632935855,0.0,0.0625,0.046875
501500,345.77573558128245,0.0,0.0625,0.015625
501600,347.3858951251471,0.0,0,0
501700,348.7406480343422,0.0,0.0625,0.015625
501800,349.8386400204058,0.0,0.0625,0.03125
501900,351.2493092721933,0.0,0.0625,0.046875
502000,352.2541713361675,0.0,0,0
502100,353.5960858365467,0.0,0.0625,0.046875
502200,354.83755490145097,0.0,0.125,0.046875
502300,356.1680919969856,0.0,0.0625,0.015625
502400,357.04759071171475,0.0,0.0625,0.015625
502500,358.8891513150912,0.0,0.0625,0.046875
502600,359.88630912546347,0.0,0.0625,0.0625
502700,361.172041207515,0.0,0.0625,0.046875
502800,362.27992040470895,0.0,0.0625,0.03125
502900,363.4414382913173,0.0,0.0625,0.03125
503000,364.58192245274995,0.0,0.0625,0.03125
503100,365.62112692202857,0.0,0.0625,0.015625
503200,366.7006571871344,0.0,0.0625,0.03125
503300,367.4193914055976,0.0,0.0625,0.046875
503400,368.55877775207404,0.0,0.0625,0.015625
503500,369.4406030892447,0.0,0,0
503600,370.00201397493635,0.0,0,0
503700,370.6694116308884,0.0,0.0625,0.03125
503800,371.60827524813817,0.0,0.0625,0.015625
503900,372.12500084930826,0.0,0.0625,0.03125
504000,372.637788115482,0.0,0,0
504100,373.1643000520388,0.0,0.0625,0.046875
504200,373.64359489997764,0.0,0.0625,0.0625
504300,374.157174569291,0.0,0.0625,0.015625
504400,374.70794640203803,0.0,0.0625,0.03125
504500,375.28579584872114,0.0,0.0625,0.015625
504600,375.9572982654471,0.0,0.125,0.03125
504700,376.4594430963534,0.0,0.0625,0.03125
504800,376.96623231789727,0.0,0.0625,0.03125
504900,377.44211886321244,0.0,0.0625,0.015625
505000,378.1362599261497,0.0,0,0
505100,378.53465855084136,0.0,0.125,0.03125
505200,378.9632497490063,0.0,0.125,0.0625
505300,379.41052152872743,0.0,0,0
505400,380.03121761506304,0.0,0.0625,0.0625
505500,380.5604226776374,0.0,0.0625,0.015625
505600,381.1470857698945,0.0,0.0625,0.03125
505700,381.768836591368,0.0,0,0
505800,382.2163842507086,0.0,0.125,0.046875
505900,382.6204763075075,0.0,0.0625,0.015625
506000,383.09791119834364,0.0,0,0
506100,383.41784604966034,0.0,0.0625,0.046875
506200,383.86745700196866,0.0,0.0625,0.015625
506300,384.30038012928145,0.0,0.0625,0.015625
506400,384.67592476645706,0.0,0.0625,0.03125
506500,385.2475280179211,0.0,0.0625,0.03125
506600,385.601004630453,0.0,0.0625,0.015625
506700,386.1024437656496,0.0,0.125,0.046875
506800,386.4819316266915,0.0,0.0625,0.0625
506900,386.84746117200274,0.0,0.125,0.046875
507000,387.24205479283734,0.0,0.0625,0.046875
507100,387.81184602085153,0.0,0.0625,0.015625
507200,388.2575070746549,0.0,0.1875,0.0625
507300,388.6186180163579,0.0,0.0625,0.015625
507400,389.1147808981557,0.0,0,0
507500,389.36898323287016,0.0,0,0
507600,389.63108392955513,0.0,0.125,0.046875
507700,390.09967280609374,0.0,0.125,0.046875
507800,390.2792443007424,0.0,0.0625,0.015625
507900,390.5155809502364,0.0,0.0625,0.015625
508000,390.7695776586994,0.0,0.0625,0.03125
508100,390.94905781831176,0.0,0.0625,0.078125
508200,391.0991252986124,0.0,0.0625,0.046875
508300,391.50671495368596,0.0,0.0625,0.015625
508400,391.8515057260698,0.0,0.0625,0.03125
508500,392.3543797316769,0.0,0.0625,0.0625
508600,392.66666597813474,0.0,0.0625,0.015625
508700,392.8643842342318,0.0,0,0
508800,393.0050728569215,0.0,0.125,0.03125
508900,393.1898963655378,0.0,0.0625,0.015625
509000,393.44008681556176,0.0,0.125,0.078125
509100,393.5795456105726,0.0,0.0625,0.046875
509200,393.89318664921166,0.0,0.0625,0.03125
509300,394.28035332919666,0.0,0.0625,0.015625
509400,394.4945311621015,0.0,0.0625,0.078125
509500,394.8271089556853,0.0,0.0625,0.015625
509600,395.1402846993698,0.0,0.125,0.0625
509700,395.45854442992646,0.0,0.0625,0.046875
509800,395.90140981959854,0.0,0.0625,0.046875
509900,396.01822535742167,0.0,0.0625,0.03125
510000,396.24537834919704,0.0,0.125,0.046875
510100,396.4062293722383,0.0,0.125,0.140625
510200,396.5186695091425,0.0,0.125,0.046875
510300,396.69290667481675,0.0,0.125,0.0625
510400,397.0726687168825,0.0,0.125,0.046875
510500,397.4313153918166,0.0,0.125,0.0625
510600,397.7700951235581,0.0,0.125,0.078125
510700,398.00105673164546,0.0,0.125,0.046875
510800,398.2029069968928,0.0,0.125,0.078125
510900,398.576507510948,0.0,0.125,0.078125
511000,398.6942154469939,0.0,0.125,0.140625
511100,398.9070433547424,0.0,0.0625,0.0625
511200,399.069413167883,0.0,0.0625,0.03125
511300,399.31959871139554,0.0,0.125,0.078125
511400,399.458656284028,0.0,0.125,0.09375
511500,399.57781874638346,0.0,0.125,0.078125
511600,399.7804101753423,0.0,0.125,0.125
511700,400.0221517404408,0.0,0.125,0.046875
511800,400.22522400835646,0.0,0.125,0.0625
511900,400.54264789698965,0.0,0.125,0.078125
512000,400.62830226743057,0.0,0.125,0.078125
512100,400.77645570653374,0.0,0.0625,0.03125
512200,400.9556379579665,0.0,0.125,0.0625
512300,401.15010269506905,0.0,0.125,0.125
512400,401.2009904417702,0.0,0.125,0.078125
512500,401.3405376008105,0.0,0.125,0.078125
512600,401.42726671258487,0.0,0.125,0.125
512700,401.6426875306162,0.0,0.1875,0.078125
512800,401.7714782623741,0.0,0.125,0.09375
512900,402.1587073710281,0.0,0.125,0.046875
513000,402.5089116614326,0.0,0.125,0.15625
513100,402.6643679618947,0.0,0.0625,0.046875
513200,402.8457033764208,0.0,0.125,0.078125
513300,403.0137409711728,0.0,0.125,0.203125
513400,403.2487304674264,0.0,0.0625,0.0625
513500,403.46239289579853,0.0,0.125,0.0625
513600,403.7180011315998,0.0,0.125,0.125
513700,404.07140170597705,0.0,0.0625,0.046875
513800,404.191354190592,0.0,0.125,0.09375
513900,404.38899504678784,0.0,0.0625,0.078125
514000,404.49435530573857,0.0,0.125,0.09375
514100,404.6830570907179,0.0,0.125,0.140625
514200,404.8149640412756,0.0,0.125,0.078125
514300,404.9912763259136,0.0,0.125,0.078125
514400,405.0595311308833,0.0,0.125,0.171875
514500,405.1851434387392,0.0,0.125,0.140625
514600,405.28345789463367,0.0,0.125,0.15625
514700,405.4370132864457,0.0,0.125,0.125
514800,405.6412909871654,0.0,0.0625,0.109375
514900,405.7910256963938,0.0,0.125,0.109375
515000,405.9371401975924,0.0,0.0625,0.15625
515100,406.2751939685876,0.0,0.0625,0.140625
515200,406.36590466550916,0.0,0.125,0.265625
515300,406.4970089911393,0.0,0.0625,0.140625
515400,406.6765070243365,0.0,0.0625,0.09375
515500,406.8190824710392,0.0,0.0625,0.203125
515600,407.1846199838119,0.0,0.125,0.140625
515700,407.34130421153947,0.0,0.0625,0.03125
515800,407.6331644124855,0.0,0.125,0.203125
515900,407.91502964977076,0.0,0.125,0.234375
516000,407.9959713542057,0.0,0.125,0.1875
516100,408.15056367618456,0.0,0.0625,0.25
516200,408.32845926598316,0.0,0.125,0.265625
516300,408.51787478236935,0.0,0.125,0.234375
516400,408.7189007523164,0.0,0.125,0.1875
516500,408.9094696261431,0.0,0.125,0.15625
516600,409.05855082884085,0.0,0.125,0.25
516700,409.1789657857052,0.0,0.125,0.25
516800,409.3279308527142,0.0,0.125,0.203125
516900,409.47894150173335,0.0,0.125,0.25
517000,409.62502404514936,0.0,0.0625,0.1875
517100,409.745276974635,0.0,0.125,0.171875
517200,409.85556211463546,0.0,0.125,0.21875
517300,410.05284901159484,0.0,0.125,0.328125
517400,410.26112339330933,0.0,0.125,0.25
517500,410.33398438109526,0.0,0.0625,0.296875
517600,410.4875390344034,0.0,0.0625,0.203125
517700,410.62301216320856,0.0,0.0625,0.265625
517800,410.78659938515204,0.0,0.125,0.296875
517900,410.93658370932803,0.0,0.0625,0.3125
518000,411.10070374516727,0.0,0.125,0.25
518100,411.4070571144734,0.0,0.125,0.34375
518200,411.6218112282804,0.0,0.125,0.25
518300,411.748149070435,0.0,0.125,0.203125
518400,411.95643407692825,0.0,0.125,0.21875
518500,412.2031515826486,0.0,0.0625,0.265625
518600,412.4171538035357,0.0,0.0625,0.3125
518700,412.5045375898094,0.0,0.125,0.28125
518800,412.63719578675335,0.0,0.0625,0.328125
518900,412.81349074936577,0.0,0.125,0.265625
519000,413.03420826384524,0.0,0.0625,0.328125
519100,413.2711745952154,0.0,0.0625,0.3125
519200,413.4575266984854,0.0,0.0625,0.359375
519300,413.6086473894178,0.0,0.125,0.34375
519400,413.76648201459074,0.0,0.0625,0.375
519500,413.9259558607169,0.0,0.1875,0.296875
519600,414.1181157434296,0.0,0.125,0.40625
519700,414.2506870197557,0.0,0.0625,0.390625
519800,414.5051875817568,0.0,0.0625,0.359375
519900,414.6244791226079,0.0,0.125,0.28125
520000,414.77373464320823,0.0,0.0625,0.25
520100,414.8797796512999,0.0,0.0625,0.296875
520200,415.04897141474805,0.0,0.125,0.359375
520300,415.11949931721125,0.0,0.0625,0.3125
520400,415.2554213256224,0.0,0.125,0.390625
520500,415.4342246587502,0.0,0.0625,0.375
520600,415.4968460446447,0.0,0.125,0.296875
520700,415.6053738911833,0.0,0.0625,0.421875
520800,415.7212997731229,0.0,0.0625,0.28125
520900,415.8415016977845,0.0,0.0625,0.375
521000,415.91445142918144,0.0,0.0625,0.5
521100,416.01652553780633,0.0,0.125,0.4375
521200,416.1718108118261,0.0,0.125,0.375
521300,416.39660841516775,0.0,0.0625,0.40625
521400,416.61801751439646,0.0,0.0625,0.390625
521500,416.743938642979,0.0,0.125,0.453125
521600,416.8521768159756,0.0,0.0625,0.453125
521700,417.0135639469556,0.0,0.0625,0.375
521800,417.07600926257913,0.0,0.125,0.46875
521900,417.2609411935399,0.0,0.0625,0.328125
522000,417.3766390079245,0.0,0.0625,0.40625
522100,417.39800039304635,0.0,0.0625,0.5625
522200,417.5424431752704,0.0,0.125,0.5
522300,417.6245419443858,0.0,0.0625,0.40625
522400,417.6950249411437,0.0,0.0625,0.390625
522500,417.8408469683626,0.0,0.0625,0.28125
522600,418.044365201113,0.0,0.0625,0.328125
522700,418.30819167447163,0.0,0.125,0.5
522800,418.4329110841284,0.0,0.0625,0.390625
522900,418.4996473587668,0.0,0.0625,0.375
523000,418.643900478194,0.0,0.0625,0.421875
523100,418.8756089870731,0.0,0.0625,0.5
523200,418.9337202233881,0.0,0.125,0.46875
523300,419.12105762937017,0.0,0.0625,0.484375
523400,419.33818714243944,0.0,0.0625,0.40625
523500,419.5219311401292,0.0,0.125,0.390625
523600,419.6122397051925,0.0,0.125,0.46875
523700,419.7327620086208,0.0,0.0625,0.453125
523800,419.84730673522796,0.0,0.125,0.5
523900,419.9892785395865,0.0,0.125,0.53125
524000,420.2463811595763,0.0,0.0625,0.46875
524100,420.36888451029876,0.0,0.125,0.328125
524200,420.47592756931,0.0,0.0625,0.515625
524300,420.6525231940384,0.0,0.0625,0.46875
524400,420.6981887379889,0.0,0.0625,0.59375
524500,420.83183708359985,0.0,0.125,0.59375
524600,420.95479186437126,0.0,0.0625,0.53125
524700,421.0619214415479,0.0,0.0625,0.4375
524800,421.20245779967036,0.0,0.125,0.5625
524900,421.30709990495023,0.0,0.0625,0.421875
525000,231.31721352173417,0.0,0.125,0.578125
525100,231.81874993215885,0.0,0.0625,0.5
525200,232.57197410000472,0.0,0.0625,0.390625
525300,233.23444640675245,0.0,0.125,0.578125
525400,233.91172144328704,0.0,0.0625,0.625
525500,234.5241466294858,0.0,0.0625,0.46875
525600,235.19233088312447,0.0,0.0625,0.375
525700,236.10605083809432,0.0,0.0625,0.453125
525800,236.88630375606047,0.0,0.0625,0.390625
525900,237.39306380132325,0.0,0.0625,0.515625
526000,238.0464897319576,0.0,0.125,0.53125
526100,238.83932229528835,0.0,0.0625,0.65625
526200,239.7057639706221,0.0,0.0625,0.578125
526300,240.45536608217586,0.0,0.0625,0.5
526400,241.33023506728972,0.0,0.125,0.578125
526500,242.01923224097862,0.0,0.0625,0.546875
526600,242.59792062560032,0.0,0.0625,0.484375
526700,243.277466082484,0.0,0.0625,0.46875
526800,243.97569590037023,0.0,0.0625,0.421875
526900,244.41487147933867,0.0,0.0625,0.515625
527000,244.8285922938518,0.0,0.0625,0.609375
527100,245.44004510606345,0.0,0.0625,0.578125
527200,246.71380072451947,0.0,0.0625,0.515625
527300,248.11379774455105,0.0,0.125,0.546875
527400,249.17038499065498,0.0,0.0625,0.5
527500,250.12033637617682,0.0,0.0625,0.546875
527600,251.086349132355,0.0,0.0625,0.59375
527700,252.7229848303769,0.0,0.0625,0.421875
527800,253.56715921064196,0.0,0.0625,0.53125
527900,254.860497867916,0.0,0.125,0.5
528000,255.75222550253903,0.0,0.0625,0.484375
528100,257.87823487669164,0.0,0.125,0.53125
528200,258.6909603766148,0.0,0.0625,0.515625
528300,259.9927073852813,0.0,0.0625,0.421875
528400,261.58857598254264,0.0,0.0625,0.46875
528500,263.0714342380105,0.0,0.0625,0.5625
528600,263.9399441788251,0.0,0.0625,0.609375
528700,265.27786038002273,0.0,0.0625,0.546875
528800,266.1495421134692,0.0,0.0625,0.46875
528900,267.51893043979265,0.0,0.125,0.546875
529000,268.5121351087298,0.0,0.0625,0.546875
529100,269.24783321805745,0.0,0.0625,0.625
529200,270.2220765744595,0.0,0.0625,0.5625
529300,270.98053864622597,0.0,0.0625,0.546875
529400,271.96824326171173,0.0,0.0625,0.578125
529500,272.87561951584104,0.0,0.0625,0.53125
529600,273.76668996659726,0.0,0.0625,0.46875
529700,274.7173172329605,0.0,0.0625,0.421875
529800,276.0006576901357,0.0,0.0625,0.53125
529900,277.0518181205158,0.0,0.0625,0.59375
530000,278.34500366110814,0.0,0.0625,0.53125
530100,279.23744612284855,0.0,0.0625,0.515625
530200,280.42389583335734,0.0,0.0625,0.640625
530300,281.5432396157101,0.0,0.0625,0.59375
530400,282.8692808165013,0.0,0.0625,0.53125
530500,284.0230566700966,0.0,0.0625,0.640625
530600,285.98656607979564,0.0,0.125,0.484375
530700,287.34543702679736,0.0,0.0625,0.484375
530800,288.83599867712593,0.0,0.125,0.65625
530900,290.6664225633737,0.0,0.0625,0.484375
531000,292.8667528165604,0.0,0.0625,0.578125
531100,294.0812991608095,0.0,0.125,0.515625
531200,295.3836157502519,0.0,0.0625,0.453125
531300,296.16892322285935,0.0,0.0625,0.59375
531400,296.7359785339716,0.0,0.125,0.546875
531500,297.38547529941565,0.0,0.125,0.5625
531600,298.3041925876938,0.0,0.0625,0.5
531700,299.1059143123749,0.0,0.0625,0.53125
531800,299.6411405803588,0.0,0.0625,0.59375
531900,300.0974184225741,0.0,0.0625,0.515625
532000,301.11965717203566,0.0,0.0625,0.4375
532100,301.67234147696803,0.0,0.125,0.515625
532200,302.2293644780332,0.0,0.0625,0.625
532300,302.64163138740633,0.0,0.0625,0.546875
532400,303.17600533659197,0.0,0.0625,0.46875
532500,303.71165527590966,0.0,0.0625,0.59375
532600,304.2311738128849,0.0,0.125,0.640625
532700,304.8657608783167,0.0,0.0625,0.5625
532800,305.4744239128456,0.0,0.0625,0.640625
532900,306.2148668906442,0.0,0.0625,0.46875
533000,306.6666406007257,0.0,0.0625,0.5
533100,307.213549366215,0.0,0.0625,0.453125
533200,307.77601927586545,0.0,0.0625,0.59375
533300,308.30551130635513,0.0,0.0625,0.609375
533400,309.04223828992224,0.0,0.0625,0.546875
533500,309.5422035606184,0.0,0.0625,0.46875
533600,310.1249025705748,0.0,0.0625,0.546875
533700,310.6975181413107,0.0,0.0625,0.484375
533800,311.2521337915956,0.0,0.0625,0.46875
533900,311.67645365351586,0.0,0.0625,0.46875
534000,312.17556906952984,0.0,0.0625,0.5625
534100,312.4838442663346,0.0,0.0625,0.5
534200,312.8365377055899,0.0,0.0625,0.4375
534300,313.19698379706296,0.0,0.0625,0.46875
534400,313.6019907776171,0.0,0.125,0.578125
534500,314.1851698107617,0.0,0.0625,0.421875
534600,314.6187320601105,0.0,0.0625,0.359375
534700,315.1748503148122,0.0,0.0625,0.53125
534800,315.699216850996,0.0,0.125,0.453125
534900,316.0539665099738,0.0,0.0625,0.546875
535000,316.6049958521826,0.0,0.0625,0.453125
535100,316.87001758908974,0.0,0.125,0.5
535200,317.20121068351915,0.0,0.0625,0.46875
535300,317.4815086294893,0.0,0.0625,0.4375
535400,317.90451152042283,0.0,0.0625,0.53125
535500,318.61606196103526,0.0,0.0625,0.46875
535600,319.330882670492,0.0,0.0625,0.515625
535700,319.8704439239881,0.0,0.0625,0.46875
535800,320.46072444004886,0.0,0.125,0.390625
535900,321.0180441568768,0.0,0.0625,0.578125
536000,321.56446973431724,0.0,0.0625,0.34375
536100,322.1228787450989,0.0,0.0625,0.53125
536200,322.68685707141873,0.0,0.0625,0.515625
536300,323.02093946612075,0.0,0.0625,0.515625
536400,323.5894307303034,0.0,0.0625,0.5625
536500,324.0703612432498,0.0,0.0625,0.453125
536600,324.47643718050244,0.0,0.0625,0.453125
536700,325.0612759433816,0.0,0.0625,0.5
536800,325.2864177878331,0.0,0.0625,0.359375
536900,325.8616738296669,0.0,0.0625,0.515625
537000,326.49509162087577,0.0,0.0625,0.46875
537100,327.0648471675261,0.0,0.0625,0.4375
537200,327.55249075769115,0.0,0.0625,0.46875
537300,328.03282666461683,0.0,0.125,0.453125
537400,328.590615398554,0.0,0.0625,0.546875
537500,329.08121035194955,0.0,0.1875,0.484375
537600,329.5769663195379,0.0,0.0625,0.40625
537700,330.2215088535781,0.0,0.0625,0.390625
537800,330.9128382894039,0.0,0.0625,0.5
537900,331.3413226773289,0.0,0.0625,0.484375
538000,331.8049783116749,0.0,0.0625,0.390625
538100,332.285981181776,0.0,0.0625,0.46875
538200,333.24085498415076,0.0,0.0625,0.453125
538300,333.64807970718005,0.0,0.125,0.484375
538400,334.2950367961268,0.0,0.0625,0.390625
538500,334.95905581444805,0.0,0.0625,0.5625
538600,335.4766947788654,0.0,0.125,0.5625
538700,335.99855722989304,0.0,0.0625,0.40625
538800,336.62118125699993,0.0,0.0625,0.453125
538900,337.13044769216776,0.0,0.0625,0.515625
539000,337.56913112167416,0.0,0.0625,0.515625
539100,337.9411035404448,0.0,0.0625,0.578125
539200,338.28101092983326,0.0,0.0625,0.390625
539300,338.5533108843937,0.0,0.0625,0.359375
539400,339.0591758820244,0.0,0.0625,0.421875
539500,339.46659334237677,0.0,0.125,0.34375
539600,339.8493104601824,0.0,0.0625,0.46875
539700,340.28141518308354,0.0,0.0625,0.53125
539800,340.84921543574205,0.0,0.0625,0.515625
539900,341.0439248498501,0.0,0.125,0.359375
540000,341.47710042835973,0.0,0.125,0.359375
540100,341.90503171749106,0.0,0.125,0.4375
540200,342.30928547514554,0.0,0.0625,0.421875
540300,342.7154662069973,0.0,0.0625,0.4375
540400,343.1874217259472,0.0,0.0625,0.46875
540500,343.53653026800293,0.0,0.0625,0.53125
540600,343.8008672572619,0.0,0.0625,0.484375
540700,344.23433500133234,0.0,0.0625,0.4375
540800,344.62167959504956,0.0,0.0625,0.40625
540900,344.97643629954746,0.0,0.0625,0.34375
541000,345.3731343716679,0.0,0.125,0.40625
541100,346.0025538229677,0.0,0.125,0.359375
541200,346.48124499446504,0.0,0.0625,0.4375
541300,346.9560864983937,0.0,0.0625,0.375
541400,347.35066847732406,0.0,0.0625,0.453125
541500,347.87323680336493,0.0,0.125,0.390625
541600,348.10799015559616,0.0,0.0625,0.515625
541700,348.58682011506835,0.0,0.0625,0.4375
541800,348.95163653102134,0.0,0.0625,0.265625
541900,349.24068884934474,0.0,0.0625,0.375
542000,349.5547694537118,0.0,0.0625,0.40625
542100,349.869249185592,0.0,0.125,0.34375
542200,350.2601856102626,0.0,0.0625,0.265625
542300,350.6424786100922,0.0,0.125,0.390625
542400,350.95150093323724,0.0,0.0625,0.296875
542500,351.49238841196814,0.0,0.1875,0.4375
542600,351.9522217895198,0.0,0.0625,0.25
542700,352.35203206576904,0.0,0.125,0.28125
542800,352.65822036366865,0.0,0.0625,0.265625
542900,352.9986184222445,0.0,0.125,0.296875
543000,353.40048887261725,0.0,0.0625,0.4375
543100,353.90315288206733,0.0,0.0625,0.328125
543200,354.1806073655334,0.0,0.0625,0.3125
543300,354.74371371763306,0.0,0.0625,0.3125
543400,355.19831060003213,0.0,0.125,0.328125
543500,355.62281668321634,0.0,0.125,0.203125
543600,356.06590703685055,0.0,0.0625,0.3125
543700,356.3109494368524,0.0,0.1875,0.3125
543800,356.5829676675288,0.0,0.0625,0.3125
543900,357.07872446199644,0.0,0.0625,0.28125
544000,357.447376936721,0.0,0.125,0.328125
544100,357.85588883393655,0.0,0.0625,0.28125
544200,358.16900346164715,0.0,0.0625,0.265625
544300,358.4611159106758,0.0,0.0625,0.296875
544400,358.81178912130747,0.0,0.0625,0.296875
544500,359.1680440345796,0.0,0.125,0.234375
544600,359.4695578395509,0.0,0.125,0.265625
544700,359.6197226048427,0.0,0.0625,0.3125
544800,359.901095148626,0.0,0.0625,0.25
544900,360.26771688928324,0.0,0.0625,0.265625
545000,360.441055179181,0.0,0.0625,0.296875
545100,360.8756451314942,0.0,0.0625,0.21875
545200,361.1856180206309,0.0,0.0625,0.265625
545300,361.6332495359301,0.0,0.0625,0.28125
545400,361.9424846630598,0.0,0.0625,0.203125
545500,362.4117065281056,0.0,0.0625,0.1875
545600,362.79183356799723,0.0,0.125,0.25
545700,363.0282894308322,0.0,0.0625,0.328125
545800,363.4692906160275,0.0,0.0625,0.296875
545900,363.79687804120624,0.0,0.0625,0.21875
546000,364.29508638155335,0.0,0.0625,0.234375
546100,364.727900530722,0.0,0.125,0.25
546200,364.9670755262868,0.0,0.125,0.1875
546300,365.40548709910644,0.0,0.0625,0.203125
546400,365.7242804388749,0.0,0.0625,0.203125
546500,365.8658209608028,0.0,0.0625,0.234375
546600,366.11464405679084,0.0,0.0625,0.28125
546700,366.633501820513,0.0,0.125,0.28125
546800,367.04830337108683,0.0,0.0625,0.28125
546900,367.3277265106619,0.0,0.0625,0.234375
547000,367.9257622866053,0.0,0.125,0.125
547100,368.10361857329184,0.0,0.0625,0.234375
547200,368.4111597578751,0.0,0.0625,0.21875
547300,368.6308187249426,0.0,0.125,0.234375
547400,368.74749554229317,0.0,0.0625,0.25
547500,368.9394657900685,0.0,0.125,0.234375
547600,369.3116444003962,0.0,0.0625,0.15625
547700,369.45941040441335,0.0,0.125,0.234375
547800,370.02342193153623,0.0,0.0625,0.140625
547900,370.29843901552437,0.0,0.125,0.265625
548000,370.7968457914551,0.0,0.0625,0.171875
548100,371.15424294209834,0.0,0.0625,0.234375
548200,371.41353950234367,0.0,0.0625,0.140625
548300,371.67989468764733,0.0,0.1875,0.1875
548400,371.80482789708464,0.0,0.0625,0.1875
548500,372.1534863351437,0.0,0.1875,0.25
548600,372.3761761946548,0.0,0.125,0.234375
548700,372.6691726894492,0.0,0.0625,0.234375
548800,373.0889119742379,0.0,0.125,0.265625
548900,373.35651573380096,0.0,0.125,0.25
549000,373.69002233122063,0.0,0.1875,0.171875
549100,374.07911008607164,0.0,0.125,0.1875
549200,374.55360375181976,0.0,0.1875,0.21875
549300,374.8725664039174,0.0,0.0625,0.171875
549400,375.2121535764862,0.0,0.125,0.1875
549500,375.5997988968656,0.0,0.125,0.234375
549600,376.0014606278378,0.0,0.1875,0.234375
549700,376.3806523727737,0.0,0.125,0.0625
549800,376.79092227779915,0.0,0.0625,0.203125
549900,377.14782636934154,0.0,0.125,0.203125
550000,264.9847396483011,0.0,0.125,0.203125
550100,266.20248318739306,0.0,0.125,0.140625
550200,267.1220171922866,0.0,0.1875,0.25
550300,267.8474356072852,0.0,0.125,0.125
550400,269.5128397509435,0.0,0.125,0.21875
550500,270.4146701534369,0.0,0.125,0.171875
550600,271.24527353931813,0.0,0.0625,0.1875
550700,272.17962724095037,0.0,0.125,0.203125
550800,273.23236050239024,0.0,0.0625,0.203125
550900,274.1451407144766,0.0,0.125,0.15625
551000,274.69523894877796,0.0,0.125,0.140625
551100,275.82763475929437,0.0,0.1875,0.21875
551200,277.37212752755374,0.0,0.125,0.171875
551300,277.89972372779033,0.0,0.125,0.1875
551400,278.6265009906751,0.0,0.125,0.21875
551500,279.4361714653497,0.0,0.125,0.234375
551600,280.43262006564635,0.0,0.125,0.25
551700,281.47668069225114,0.0,0.125,0.171875
551800,282.12581181311924,0.0,0.1875,0.234375
551900,282.7757908927036,0.0,0.1875,0.171875
552000,283.631235371671,0.0,0.0625,0.15625
552100,284.49871603879495,0.0,0.125,0.1875
552200,285.3023941495106,0.0,0.125,0.15625
552300,286.52531152797604,0.0,0.1875,0.171875
552400,287.3812228134991,0.0,0.0625,0.109375
552500,288.90054152801434,0.0,0.0625,0.21875
552600,290.3515538894518,0.0,0.125,0.15625
552700,290.9537638712774,0.0,0.125,0.15625
552800,291.6421390092735,0.0,0.0625,0.203125
552900,292.28455712635804,0.0,0.1875,0.15625
553000,292.9651022284131,0.0,0.1875,0.171875
553100,293.8873741329966,0.0,0.125,0.140625
553200,294.82831918677067,0.0,0.125,0.234375
553300,295.36229184160334,0.0,0.125,0.203125
553400,295.9012967874864,0.0,0.125,0.140625
553500,296.26646536294885,0.0,0.0625,0.125
553600,296.7323997860008,0.0,0.1875,0.171875
553700,297.3099272035548,0.0,0.1875,0.28125
553800,297.9375051824148,0.0,0.0625,0.21875
553900,298.30879908413476,0.0,0.0625,0.15625
554000,298.72989377661634,0.0,0.0625,0.109375
554100,299.46919089869584,0.0,0.0625,0.171875
554200,299.89984451814905,0.0,0.25,0.234375
554300,300.45459772662065,0.0,0.125,0.25
554400,301.0977468820032,0.0,0.1875,0.25
554500,301.6546370011589,0.0,0.0625,0.125
554600,301.98295740229526,0.0,0.125,0.171875
554700,302.43147175851584,0.0,0.0625,0.140625
554800,302.92077583608886,0.0,0.0625,0.203125
554900,303.33000273980315,0.0,0.0625,0.125
555000,303.5922151787324,0.0,0.1875,0.21875
555100,304.0163268518052,0.0,0.1875,0.25
555200,304.24464799650895,0.0,0.125,0.21875
555300,304.57324505869127,0.0,0.1875,0.1875
555400,304.94736702916043,0.0,0.0625,0.171875
555500,305.40185141795723,0.0,0.125,0.1875
555600,305.818631988753,0.0,0.0625,0.25
555700,306.10900280177,0.0,0.0625,0.171875
555800,306.3587505814532,0.0,0.0625,0.125
555900,306.8486474378088,0.0,0.125,0.140625
556000,307.1710639129722,0.0,0.125,0.21875
556100,307.5478534889164,0.0,0.0625,0.125
556200,307.9237095623092,0.0,0.1875,0.15625
556300,308.4497936423622,0.0,0.125,0.171875
556400,308.92370816559713,0.0,0.1875,0.1875
556500,309.3101145704929,0.0,0.125,0.15625
556600,310.3502622264649,0.0,0.125,0.21875
556700,310.81594543063363,0.0,0.0625,0.171875
556800,311.136890601906,0.0,0.125,0.140625
556900,311.45461557896675,0.0,0.125,0.171875
557000,311.9312786503504,0.0,0.0625,0.09375
557100,312.2438405580479,0.0,0.125,0.125
557200,312.7788921331179,0.0,0.125,0.234375
557300,313.1280029051205,0.0,0.125,0.234375
557400,313.34633622277596,0.0,0.0625,0.109375
557500,313.6487606965548,0.0,0.125,0.21875
557600,314.25607259754383,0.0,0.0625,0.09375
557700,314.72373019749597,0.0,0.1875,0.140625
557800,315.26067009043976,0.0,0.125,0.171875
557900,315.5947066864872,0.0,0.125,0.21875
558000,316.1797077063866,0.0,0.125,0.125
558100,316.5934801360607,0.0,0.125,0.09375
558200,316.75812590120984,0.0,0.125,0.171875
558300,317.17362715787476,0.0,0.125,0.1875
558400,317.5596734356232,0.0,0.125,0.21875
558500,317.9380892356401,0.0,0.125,0.15625
558600,318.276484586654,0.0,0.125,0.15625
558700,318.570445446839,0.0,0.125,0.1875
558800,319.24392990626035,0.0,0.125,0.203125
558900,319.85899084785825,0.0,0.125,0.15625
559000,320.13715319106734,0.0,0.125,0.203125
559100,320.4762562492207,0.0,0.125,0.203125
559200,320.8894146740745,0.0,0.125,0.171875
559300,321.13663529063894,0.0,0.125,0.1875
559400,321.6636437544937,0.0,0.125,0.125
559500,321.9618766993244,0.0,0.125,0.125
559600,322.30955357096195,0.0,0.125,0.109375
559700,322.75647285393853,0.0,0.125,0.171875
559800,323.03447633563667,0.0,0.125,0.15625
559900,323.33623191588714,0.0,0.125,0.21875
560000,323.6228372290603,0.0,0.125,0.203125
560100,323.8108904868831,0.0,0.125,0.09375
560200,324.0036106521449,0.0,0.125,0.203125
560300,324.40285614512777,0.0,0.125,0.125
560400,324.7314943360597,0.0,0.1875,0.125
560500,325.0578134729274,0.0,0.125,0.09375
560600,325.36303607993557,0.0,0.125,0.15625
560700,325.7065296714171,0.0,0.125,0.203125
560800,325.87957221684513,0.0,0.125,0.1875
560900,326.1070261748168,0.0,0.125,0.171875
561000,326.31779199400944,0.0,0.125,0.140625
561100,326.4703937029617,0.0,0.125,0.140625
561200,326.82006503424986,0.0,0.125,0.125
561300,327.18691036388356,0.0,0.125,0.140625
561400,327.4352543615694,0.0,0.125,0.125
561500,327.86402883510766,0.0,0.125,0.140625
561600,328.2008977251134,0.0,0.125,0.078125
561700,328.8660103335789,0.0,0.125,0.0625
561800,329.1694269544295,0.0,0.125,0.171875
561900,329.43639786708326,0.0,0.125,0.1875
562000,329.86000949298653,0.0,0.0625,0.109375
562100,330.0999143335544,0.0,0.125,0.140625
562200,330.3890166347747,0.0,0.125,0.140625
562300,330.993656123422,0.0,0.125,0.109375
562400,331.3724725129224,0.0,0.125,0.171875
562500,331.73060136678475,0.0,0.125,0.203125
562600,332.0442809184129,0.0,0.125,0.109375
562700,332.35429929428835,0.0,0.1875,0.09375
562800,332.8054115207235,0.0,0.125,0.140625
562900,333.0543940259179,0.0,0.125,0.125
563000,333.5327030830928,0.0,0.125,0.15625
563100,333.78992014873586,0.0,0.125,0.078125
563200,334.0180691121434,0.0,0.125,0.125
563300,334.2799634156411,0.0,0.125,0.171875
563400,334.47590247824525,0.0,0.125,0.0625
563500,334.86924314883703,0.0,0.125,0.109375
563600,335.1456141531054,0.0,0.125,0.078125
563700,335.48085530736523,0.0,0.125,0.09375
563800,335.6176337507059,0.0,0.125,0.078125
563900,335.9487267602065,0.0,0.125,0.125
564000,336.2149379442768,0.0,0.125,0.0625
564100,336.5012829128716,0.0,0.125,0.15625
564200,336.6478740917862,0.0,0.125,0.0625
564300,336.95962826742755,0.0,0.125,0.15625
564400,337.1941430736385,0.0,0.125,0.125
564500,337.34285264123935,0.0,0.125,0.109375
564600,337.8739069989869,0.0,0.125,0.09375
564700,338.3521955239923,0.0,0.125,0.078125
564800,338.64718440188113,0.0,0.125,0.125
564900,338.86454180159535,0.0,0.125,0.125
565000,339.1513608222226,0.0,0.125,0.125
565100,339.45070546075016,0.0,0.0625,0.046875
565200,339.56404152686434,0.0,0.125,0.0625
565300,339.75241472533713,0.0,0.1875,0.109375
565400,340.0907256540281,0.0,0.125,0.078125
565500,340.3274406215708,0.0,0.125,0.109375
565600,340.56973670953926,0.0,0.0625,0.078125
565700,340.7392090998014,0.0,0.0625,0.03125
565800,341.0185553539536,0.0,0.125,0.09375
565900,341.5246577555922,0.0,0.0625,0.03125
566000,341.8986223525275,0.0,0.125,0.109375
566100,342.38952039675127,0.0,0.125,0.15625
566200,342.6591767456682,0.0,0.125,0.109375
566300,343.0073424089155,0.0,0.0625,0.09375
566400,343.219859913263,0.0,0.125,0.0625
566500,343.6115690772347,0.0,0.125,0.0625
566600,344.13312252971997,0.0,0.125,0.109375
566700,344.392558110588,0.0,0.125,0.109375
566800,344.7623406263002,0.0,0.125,0.078125
566900,345.00224365936634,0.0,0.125,0.09375
567000,345.32472735200696,0.0,0.0625,0.09375
567100,345.7117170730351,0.0,0.0625,0.03125
567200,346.0848462015273,0.0,0.125,0.046875
567300,346.30800910002654,0.0,0.0625,0.09375
567400,346.5351734507804,0.0,0.0625,0.078125
567500,346.6907874037789,0.0,0.0625,0.015625
567600,346.91010019412295,0.0,0.0625,0.046875
567700,347.23690535438476,0.0,0.0625,0.0625
567800,347.3681802770109,0.0,0.0625,0.078125
567900,347.8544345973892,0.0,0.0625,0.109375
568000,348.1861694278743,0.0,0.0625,0.015625
568100,348.35880891791277,0.0,0.0625,0.0625
568200,348.57318850727034,0.0,0.0625,0.015625
568300,348.80617016964237,0.0,0.125,0.046875
568400,349.3478257334082,0.0,0.125,0.0625
568500,349.52028177965724,0.0,0.0625,0.0625
568600,349.79626926072206,0.0,0.0625,0.03125
568700,350.16500151020875,0.0,0.0625,0.109375
568800,350.5556436037661,0.0,0.0625,0.015625
568900,350.72973843342396,0.0,0.1875,0.0625
569000,351.06669198960776,0.0,0.125,0.09375
569100,351.22174192545555,0.0,0.0625,0.046875
569200,351.55961191992486,0.0,0.125,0.0625
569300,351.67600008992383,0.0,0.125,0.046875
569400,351.9948906949999,0.0,0.0625,0.03125
569500,352.35106043471984,0.0,0.0625,0.015625
569600,352.8298292917438,0.0,0.0625,0.0625
569700,353.0380679196041,0.0,0,0
569800,353.2768081585651,0.0,0,0
569900,353.4202021667629,0.0,0.0625,0.015625
570000,353.713481602091,0.0,0.0625,0.015625
570100,354.028850921503,0.0,0.125,0.09375
570200,354.21125186542395,0.0,0.0625,0.015625
570300,354.3882705785023,0.0,0.125,0.046875
570400,354.5668252138462,0.0,0.0625,0.046875
570500,354.84499317263584,0.0,0,0
570600,355.0644943334787,0.0,0.0625,0.046875
570700,355.27090647877986,0.0,0.0625,0.046875
570800,355.60197378437664,0.0,0.0625,0.078125
570900,355.954270611018,0.0,0.0625,0.03125
571000,356.2210257081003,0.0,0.0625,0.046875
571100,356.69626700607586,0.0,0.0625,0.03125
571200,357.15493202446197,0.0,0.0625,0.0625
571300,357.27120563732586,0.0,0.0625,0.03125
571400,357.5802783888565,0.0,0.0625,0.0625
571500,357.789583520124,0.0,0.0625,0.046875
571600,357.97964188172244,0.0,0.125,0.046875
571700,358.3087458153674,0.0,0.0625,0.046875
571800,358.55146700915776,0.0,0.0625,0.015625
571900,358.99744726086135,0.0,0.0625,0.03125
572000,359.27676110587623,0.0,0.125,0.03125
572100,359.52998648706284,0.0,0.0625,0.015625
572200,359.7985423109553,0.0,0.0625,0.03125
572300,360.02844110555515,0.0,0.0625,0.015625
572400,360.1919745974374,0.0,0.0625,0.015625
572500,360.6837823594519,0.0,0.0625,0.03125
572600,361.04112419576086,0.0,0.0625,0.015625
572700,361.2019151379707,0.0,0.1875,0.046875
572800,361.3723352699849,0.0,0.0625,0.015625
572900,361.53207375803464,0.0,0.0625,0.015625
573000,361.63476890487516,0.0,0.0625,0.015625
573100,361.8077770837151,0.0,0.125,0.03125
573200,362.17382020509524,0.0,0,0
573300,362.5410191995729,0.0,0,0
573400,362.90231175717884,0.0,0.0625,0.015625
573500,363.14644775756705,0.0,0.0625,0.046875
573600,363.4022692993433,0.0,0.125,0.046875
573700,363.70478446382134,0.0,0.0625,0.015625
573800,364.05214210907076,0.0,0,0
573900,364.27867033502287,0.0,0.0625,0.03125
574000,364.46576493010383,0.0,0,0
574100,364.6862938971395,0.0,0.125,0.078125
574200,364.8272656951025,0.0,0.0625,0.015625
574300,365.08052505575824,0.0,0.0625,0.015625
574400,365.34922305208323,0.0,0,0
574500,365.4938670834592,0.0,0.125,0.046875
574600,365.5870740695409,0.0,0.1875,0.046875
574700,365.8295080543859,0.0,0.0625,0.03125
574800,365.9750768153357,0.0,0,0
574900,366.14643799184137,0.0,0.0625,0.015625
575000,228.98631599125326,0.0,0,0
575100,236.31888237698826,0.0,0.0625,0.015625
575200,247.21446529220265,0.0,0.0625,0.03125
575300,256.6736409323859,0.0,0.0625,0.03125
575400,263.68160760543043,0.0,0.0625,0.03125
575500,266.9289844764499,0.0,0.0625,0.03125
575600,275.8284832557419,0.0,0.0625,0.015625
575700,284.7175680228729,0.0,0.0625,0.015625
575800,290.3253719904318,0.0,0.0625,0.015625
575900,295.8349554778445,0.0,0.125,0.046875
576000,300.1132974256355,0.0,0,0
576100,304.61057612258054,0.0,0.0625,0.015625
576200,307.60647131374554,0.0,0.125,0.03125
576300,310.4559000588907,0.0,0,0
576400,313.8275636823134,0.0,0.0625,0.015625
576500,316.11856899482206,0.0,0.0625,0.015625
576600,318.3209170668495,0.0,0.125,0.03125
576700,320.49179059861643,0.0,0,0
576800,322.83946704952547,0.0,0.0625,0.015625
576900,325.25441062662355,0.0,0.125,0.0625
577000,326.6745080555541,0.0,0.0625,0.015625
577100,328.3095607906258,0.0,0.0625,0.015625
577200,329.7703291094939,0.0,0.0625,0.015625
577300,331.3307695159782,0.0,0.0625,0.015625
577400,332.33645994308597,0.0,0.125,0.03125
577500,334.2002830555875,0.0,0.0625,0.03125
577600,335.5368223542972,0.0,0.0625,0.015625
577700,336.88595531325467,0.0,0.0625,0.015625
577800,338.03355549467665,0.0,0.0625,0.015625
577900,339.0785629234921,0.0,0.125,0.03125
578000,340.40157153011864,0.0,0,0
578100,341.4575975450692,0.0,0.0625,0.015625
578200,341.8991342977624,0.0,0.125,0.03125
578300,342.71089592275086,0.0,0.0625,0.015625
578400,343.90544832807814,0.0,0.0625,0.046875
578500,344.875261672726,0.0,0.0625,0.015625
578600,346.01055586507636,0.0,0.0625,0.03125
578700,346.5982248338671,0.0,0,0
578800,347.51906498171644,0.0,0.0625,0.015625
578900,348.3075597639049,0.0,0.125,0.046875
579000,349.1426769418041,0.0,0.1875,0.046875
579100,349.90340596210507,0.0,0.0625,0.015625
579200,350.460808645104,0.0,0.0625,0.015625
579300,351.0287981722248,0.0,0.0625,0.015625
579400,351.73578354694735,0.0,0.0625,0.015625
579500,352.53154230631225,0.0,0.0625,0.015625
579600,353.29134448497433,0.0,0.0625,0.015625
579700,353.6912665017003,0.0,0.125,0.046875
579800,354.2989134946362,0.0,0,0
579900,354.9732700570927,0.0,0.125,0.03125
580000,355.59951115641996,0.0,0.125,0.0625
580100,356.2457976233498,0.0,0.0625,0.015625
580200,356.70175736180965,0.0,0.125,0.03125
580300,357.26430065429827,0.0,0.0625,0.015625
580400,357.85975355768824,0.0,0.0625,0.03125
580500,358.42851071035517,0.0,0.0625,0.015625
580600,358.95209245983904,0.0,0.125,0.0625
580700,359.30278096375866,0.0,0.0625,0.015625
580800,359.75159032371863,0.0,0.125,0.046875
580900,360.61852893492795,0.0,0.0625,0.0625
581000,361.4556485583039,0.0,0.0625,0.015625
581100,361.9634567643983,0.0,0.0625,0.015625
581200,362.5036581533377,0.0,0.0625,0.0625
581300,363.0250003333817,0.0,0.0625,0.015625
581400,363.57820751364267,0.0,0.125,0.0625
581500,364.2308301783884,0.0,0.125,0.03125
581600,364.69089716587496,0.0,0,0
581700,365.34032062801,0.0,0.125,0.046875
581800,365.8040003358607,0.0,0.125,0.03125
581900,366.2459360662944,0.0,0.125,0.0625
582000,366.4636194148718,0.0,0.0625,0.015625
582100,366.85621094350887,0.0,0.125,0.0625
582200,367.1573618529271,0.0,0,0
582300,367.567007228167,0.0,0.125,0.046875
582400,368.0135758998737,0.0,0.125,0.09375
582500,368.3954227057248,0.0,0.0625,0.03125
582600,368.6294621797634,0.0,0.125,0.03125
582700,368.79080532240425,0.0,0.0625,0.015625
582800,369.16765391443334,0.0,0.0625,0.015625
582900,369.6192444501492,0.0,0.0625,0.03125
583000,370.0828352333835,0.0,0.0625,0.03125
583100,370.2768798940024,0.0,0.125,0.0625
583200,370.67460454913333,0.0,0.0625,0.046875
583300,370.85093410207145,0.0,0.125,0.0625
583400,371.1591295405847,0.0,0.0625,0.03125
583500,371.4959715870849,0.0,0.125,0.0625
583600,371.9779409345564,0.0,0.0625,0.0625
583700,372.19122831542717,0.0,0.0625,0.015625
583800,372.36219064434965,0.0,0.0625,0.078125
583900,372.5900008058456,0.0,0.0625,0.0625
584000,372.9583406880705,0.0,0.0625,0.046875
584100,373.34617813917157,0.0,0.125,0.078125
584200,373.60846773152423,0.0,0.0625,0.078125
584300,373.95528144180645,0.0,0.0625,0.0625
584400,374.2104883487552,0.0,0.125,0.09375
584500,374.4163538463269,0.0,0.1875,0.109375
584600,374.5500691561859,0.0,0.125,0.078125
584700,374.84290239655195,0.0,0.125,0.0625
584800,375.1695756121016,0.0,0.125,0.046875
584900,375.4550762665843,0.0,0.0625,0.03125
585000,375.5627425969387,0.0,0.125,0.03125
585100,375.8635171064367,0.0,0.0625,0.0625
585200,376.1346094903421,0.0,0.0625,0.09375
585300,376.4256497697773,0.0,0.125,0.078125
585400,376.73053358847636,0.0,0.0625,0.046875
585500,376.9743007822285,0.0,0.1875,0.109375
585600,377.22354686411313,0.0,0.0625,0.046875
585700,377.64301134488767,0.0,0.0625,0.0625
585800,378.035330261868,0.0,0.1875,0.0625
585900,378.22921989003686,0.0,0.1875,0.15625
586000,378.5453306241778,0.0,0.0625,0.03125
586100,378.88810522488023,0.0,0.125,0.09375
586200,379.1811456089499,0.0,0.125,0.046875
586300,379.36436683450296,0.0,0.125,0.078125
586400,379.5566085887769,0.0,0.125,0.109375
586500,379.7565933472557,0.0,0.125,0.0625
586600,379.9712711441287,0.0,0.0625,0.0625
586700,380.1146350806112,0.0,0.125,0.09375
586800,380.41526612682736,0.0,0.0625,0.0625
586900,380.65041046539466,0.0,0.0625,0.046875
587000,380.9099864835401,0.0,0.0625,0.046875
587100,381.1255386541406,0.0,0.0625,0.046875
587200,381.42481062482767,0.0,0.125,0.078125
587300,381.63541976361444,0.0,0.125,0.125
587400,381.76300513105855,0.0,0.125,0.109375
587500,382.0071351576822,0.0,0.125,0.109375
587600,382.25546782754304,0.0,0.1875,0.109375
587700,382.5656260855276,0.0,0.0625,0.078125
587800,382.75603838000336,0.0,0.125,0.109375
587900,382.9659819890765,0.0,0.125,0.15625
588000,383.0880408675187,0.0,0.125,0.125
588100,383.34511050580744,0.0,0.0625,0.140625
588200,383.69520048648167,0.0,0.0625,0.09375
588300,383.8799389879899,0.0,0.125,0.09375
588400,384.31304861814857,0.0,0.0625,0.171875
588500,384.4776294239107,0.0,0.0625,0.09375
588600,384.7293530202758,0.0,0.125,0.109375
588700,384.97368689164415,0.0,0.125,0.125
588800,385.2836069309676,0.0,0.0625,0.0625
588900,385.57711237930965,0.0,0.125,0.0625
589000,385.7243301523145,0.0,0.0625,0.109375
589100,385.93343543626656,0.0,0.0625,0.109375
589200,386.2295333174861,0.0,0.125,0.15625
589300,386.3932274033131,0.0,0.0625,0.046875
589400,386.54108850328424,0.0,0.125,0.078125
589500,386.8544608095072,0.0,0.0625,0.109375
589600,386.9849305411783,0.0,0.0625,0.09375
589700,387.18310041586057,0.0,0.0625,0.15625
589800,387.43940017696303,0.0,0.125,0.140625
589900,387.679780981848,0.0,0.125,0.0625
590000,387.9069771470873,0.0,0.0625,0.09375
590100,388.02125491098576,0.0,0.125,0.046875
590200,388.22693404240147,0.0,0.0625,0.09375
590300,388.31119284794204,0.0,0.0625,0.15625
590400,388.4379094722003,0.0,0.0625,0.046875
590500,388.51151344929553,0.0,0.125,0.203125
590600,388.5823715772094,0.0,0.125,0.109375
590700,388.8102056792616,0.0,0.0625,0.109375
590800,389.04988420975945,0.0,0.0625,0.078125
590900,389.3335640603531,0.0,0.125,0.1875
591000,389.495703855966,0.0,0.125,0.140625
591100,389.58494869508513,0.0,0.0625,0.109375
591200,389.8978313385429,0.0,0.125,0.140625
591300,390.1960964593813,0.0,0.0625,0.0625
591400,390.4444661800987,0.0,0.0625,0.125
591500,390.59217583901886,0.0,0.125,0.1875
591600,390.7540556225082,0.0,0.125,0.140625
591700,390.8442079333804,0.0,0.0625,0.125
591800,390.98235094263794,0.0,0.125,0.078125
591900,391.2821301528753,0.0,0.1875,0.1875
592000,391.49608171901957,0.0,0.125,0.15625
592100,391.71079247397813,0.0,0.0625,0.09375
592200,391.90547468495805,0.0,0.0625,0.15625
592300,392.115807166871,0.0,0.125,0.171875
592400,392.2921756412554,0.0,0.0625,0.171875
592500,392.51968956528253,0.0,0.125,0.21875
592600,392.62407595918745,0.0,0.125,0.140625
592700,392.67208696491775,0.0,0.0625,0.15625
592800,392.78577955882685,0.0,0.125,0.1875
592900,393.04711446328713,0.0,0.0625,0.203125
593000,393.1626021201188,0.0,0.125,0.140625
593100,393.3664650195624,0.0,0.125,0.203125
593200,393.59606532240093,0.0,0.125,0.171875
593300,394.0223424168579,0.0,0.0625,0.15625
593400,394.2393594633054,0.0,0.0625,0.125
593500,394.44952906825245,0.0,0.125,0.171875
593600,394.6279943940002,0.0,0.0625,0.171875
593700,394.7631867331265,0.0,0.0625,0.171875
593800,394.99996898378294,0.0,0.1875,0.203125
593900,395.13372499947616,0.0,0.0625,0.125
594000,395.2672749426185,0.0,0.0625,0.125
594100,395.4575996329108,0.0,0.0625,0.140625
594200,395.6398631076967,0.0,0.125,0.203125
594300,395.7845377637656,0.0,0.125,0.1875
594400,396.07357872683724,0.0,0.0625,0.125
594500,396.2348480125488,0.0,0.1875,0.1875
594600,396.40767090143504,0.0,0.1875,0.078125
594700,396.5562112329783,0.0,0.0625,0.203125
594800,396.74207969252814,0.0,0.1875,0.234375
594900,397.0477680312345,0.0,0.0625,0.171875
595000,397.21146493577345,0.0,0.125,0.09375
595100,397.3691729094763,0.0,0.0625,0.234375
595200,397.4778949469817,0.0,0.125,0.15625
595300,397.60671249268296,0.0,0.125,0.1875
595400,397.74216416626,0.0,0.0625,0.21875
595500,397.95092354098716,0.0,0.0625,0.125
595600,398.22275301150023,0.0,0.125,0.171875
595700,398.3369405798648,0.0,0.125,0.140625
595800,398.4852465618358,0.0,0.125,0.25
595900,398.7684611428462,0.0,0.125,0.234375
596000,398.84303711839135,0.0,0.125,0.203125
596100,399.02023946831866,0.0,0.0625,0.203125
596200,399.2065070185112,0.0,0.125,0.125
596300,399.3347505347718,0.0,0.125,0.171875
596400,399.49039891440094,0.0,0.125,0.1875
596500,399.80154736819287,0.0,0.125,0.28125
596600,399.9939502100318,0.0,0.125,0.265625
596700,400.4096770966429,0.0,0.125,0.109375
596800,400.699434397039,0.0,0.125,0.21875
596900,400.92773654087637,0.0,0.0625,0.1875
597000,401.0446441734548,0.0,0.125,0.203125
597100,401.174893788141,0.0,0.125,0.203125
597200,401.31054729086236,0.0,0.125,0.1875
597300,401.37463208156737,0.0,0.1875,0.28125
597400,401.4603497170837,0.0,0.125,0.15625
597500,401.56997331617634,0.0,0.125,0.21875
597600,401.69781074494716,0.0,0.0625,0.21875
597700,401.8245219176524,0.0,0.125,0.21875
597800,401.985837317889,0.0,0.125,0.15625
597900,402.1124555815901,0.0,0.0625,0.1875
598000,402.3466128284855,0.0,0.125,0.234375
598100,402.4569565610028,0.0,0.125,0.25
598200,402.6713152918953,0.0,0.125,0.21875
598300,402.7711086486553,0.0,0.0625,0.296875
598400,402.9868847873343,0.0,0.1875,0.21875
598500,403.1334509899685,0.0,0.125,0.328125
598600,403.3373650468818,0.0,0.0625,0.140625
598700,403.49493984766195,0.0,0.1875,0.265625
598800,403.6400350171448,0.0,0.125,0.203125
598900,403.79045720765725,0.0,0.1875,0.25
599000,404.0250638347838,0.0,0.125,0.25
599100,404.1906641748708,0.0,0.125,0.203125
599200,404.3537871586255,0.0,0.125,0.296875
599300,404.5615777371703,0.0,0.125,0.234375
599400,404.77883662027546,0.0,0.25,0.234375
599500,404.8760138781178,0.0,0.125,0.1875
599600,405.06082071028567,0.0,0.125,0.234375
599700,405.11887045166634,0.0,0.125,0.234375
599800,405.3444287080096,0.0,0.125,0.1875
599900,405.4859251119002,0.0,0.1875,0.234375
600000,220.06587738122698,0.0,0.125,0.203125
600100,222.06799664555092,0.0,0.125,0.25
600200,223.67996655900754,0.0,0.125,0.203125
600300,226.33208027022775,0.0,0.125,0.265625
600400,229.64479199998178,0.0,0.125,0.1875
600500,232.84355224974277,0.0,0.1875,0.21875
600600,235.14361408984325,0.0,0.125,0.328125
600700,236.92083512603557,0.0,0.125,0.28125
600800,238.7611651083685,0.0,0.0625,0.15625
600900,242.22339466043485,0.0,0.0625,0.21875
601000,245.23806878435713,0.0,0.125,0.21875
601100,247.82923635954185,0.0,0.1875,0.28125
601200,250.6309872942098,0.0,0.1875,0.140625
601300,253.4676493779282,0.0,0.1875,0.21875
601400,256.75979514888957,0.0,0.1875,0.25
601500,259.9658589030584,0.0,0.1875,0.265625
601600,262.9400235636993,0.0,0.125,0.21875
601700,265.4863492131942,0.0,0.25,0.21875
601800,269.4273452364679,0.0,0.125,0.1875
601900,273.60596771881757,0.0,0.125,0.296875
602000,278.621766651315,0.0,0.1875,0.15625
602100,283.6878030863735,0.0,0.125,0.25
602200,288.0276158556702,0.0,0.1875,0.09375
602300,292.75817782778245,0.0,0.1875,0.21875
602400,299.2397143177286,0.0,0.125,0.34375
602500,304.65178421023273,0.0,0.1875,0.25
602600,309.66760560339867,0.0,0.0625,0.0625
602700,314.99750208292187,0.0,0.125,0.28125
602800,319.0300514242823,0.0,0.125,0.25
602900,326.16159461851487,0.0,0.1875,0.15625
603000,330.4749385347584,0.0,0.125,0.109375
603100,335.8181921330592,0.0,0.1875,0.15625
603200,338.3867112240003,0.0,0.1875,0.171875
603300,340.6440459363,0.0,0.1875,0.234375
603400,342.316512013439,0.0,0.0625,0.171875
603500,343.29595773542763,0.0,0.125,0.140625
603600,344.58838189573476,0.0,0.125,0.21875
603700,345.2960219626914,0.0,0.125,0.15625
603800,346.26999585962784,0.0,0.0625,0.203125
603900,347.20341736327856,0.0,0.125,0.171875
604000,347.9748350533198,0.0,0.1875,0.265625
604100,348.8318845724159,0.0,0.125,0.125
604200,349.69290289614474,0.0,0.1875,0.171875
604300,350.3425961333869,0.0,0.125,0.140625
604400,351.152555177891,0.0,0.125,0.109375
604500,352.1322491699836,0.0,0.125,0.125
604600,352.86974758498724,0.0,0.125,0.1875
604700,353.45903265598247,0.0,0.1875,0.15625
604800,353.9053540446923,0.0,0.1875,0.171875
604900,354.3836068260339,0.0,0.1875,0.171875
605000,354.8696177245666,0.0,0.1875,0.140625
605100,355.5233848832176,0.0,0.1875,0.21875
605200,355.9269309382627,0.0,0.0625,0.15625
605300,356.69514803513147,0.0,0.1875,0.171875
605400,357.21597848060026,0.0,0.125,0.09375
605500,357.7234663268109,0.0,0.125,0.171875
605600,358.0480259442302,0.0,0.125,0.09375
605700,358.4505030643811,0.0,0.25,0.15625
605800,358.90353646948057,0.0,0.1875,0.171875
605900,359.3211954384696,0.0,0.1875,0.140625
606000,359.9296378618965,0.0,0.1875,0.15625
606100,360.18127671904097,0.0,0.1875,0.21875
606200,360.5060140087015,0.0,0.125,0.09375
606300,361.01881148779256,0.0,0.125,0.140625
606400,361.5976363036199,0.0,0.1875,0.09375
606500,361.92917783844536,0.0,0.125,0.140625
606600,362.36520031874454,0.0,0.125,0.140625
606700,362.8662130629652,0.0,0.1875,0.046875
606800,363.48507407463575,0.0,0.1875,0.15625
606900,363.82867018836885,0.0,0.0625,0.171875
607000,364.4030777261329,0.0,0.1875,0.125
607100,364.89873290770896,0.0,0.25,0.125
607200,365.2074136419954,0.0,0.125,0.15625
607300,365.39478862516853,0.0,0.125,0.203125
607400,366.4137860435876,0.0,0.125,0.109375
607500,366.7060930808592,0.0,0.125,0.140625
607600,367.1080268774935,0.0,0.1875,0.078125
607700,367.42563457227806,0.0,0.125,0.125
607800,367.8273472486563,0.0,0.125,0.140625
607900,368.0850495206699,0.0,0.125,0.078125
608000,368.43318122099913,0.0,0.125,0.1875
608100,368.65424905872095,0.0,0.1875,0.125
608200,368.7954704807251,0.0,0.125,0.109375
608300,369.1773157023832,0.0,0.125,0.0625
608400,369.44731584470776,0.0,0.125,0.109375
608500,369.7268941608439,0.0,0.1875,0.09375
608600,370.13934640954545,0.0,0.125,0.046875
608700,370.3971135273208,0.0,0.1875,0.046875
608800,370.6434622552836,0.0,0.25,0.234375
608900,370.8548159645986,0.0,0.125,0.109375
609000,371.23758101621,0.0,0.1875,0.109375
609100,371.4911246143415,0.0,0.125,0.078125
609200,371.7256525449804,0.0,0.1875,0.109375
609300,371.8465389088767,0.0,0.0625,0.09375
609400,372.0844510065138,0.0,0.1875,0.125
609500,372.2574825245766,0.0,0.0625,0.03125
609600,372.39413079386844,0.0,0.125,0.09375
609700,372.5524541092912,0.0,0.1875,0.15625
609800,372.7689228900148,0.0,0.25,0.140625
609900,372.9309405232732,0.0,0.1875,0.140625
610000,373.11111566477314,0.0,0.125,0.125
610100,373.44679653350727,0.0,0.125,0.125
610200,373.66174879357595,0.0,0.1875,0.140625
610300,373.7977281742814,0.0,0.1875,0.15625
610400,374.02186367810356,0.0,0.1875,0.140625
610500,374.19824433119777,0.0,0.125,0.09375
610600,374.3994778568648,0.0,0.1875,0.15625
610700,374.48729898964984,0.0,0.25,0.15625
610800,374.7821706685705,0.0,0.125,0.046875
610900,374.923750994437,0.0,0.1875,0.140625
611000,375.02710234163953,0.0,0.1875,0.09375
611100,375.3779239262729,0.0,0.1875,0.09375
611200,375.9664547363074,0.0,0.125,0.109375
611300,376.10822665997193,0.0,0.1875,0.0625
611400,376.3727678583527,0.0,0.1875,0.109375
611500,376.5772865279767,0.0,0.1875,0.125
611600,376.75564667368775,0.0,0.25,0.140625
611700,376.97424330096436,0.0,0.0625,0.015625
611800,377.2611782558007,0.0,0.0625,0.015625
611900,377.44450584271226,0.0,0.0625,0.03125
612000,377.7118038380876,0.0,0.125,0.0625
612100,377.8578667857665,0.0,0.1875,0.078125
612200,378.1371200633601,0.0,0.1875,0.078125
612300,378.2692082452559,0.0,0.125,0.125
612400,378.4314016799999,0.0,0.0625,0.09375
612500,378.5082746129893,0.0,0.1875,0.09375
612600,378.63270636432884,0.0,0.1875,0.140625
612700,378.7597075238126,0.0,0.1875,0.078125
612800,378.9102909419183,0.0,0.125,0.03125
612900,379.0929692220271,0.0,0.125,0.109375
613000,379.30839130313643,0.0,0.125,0.046875
613100,379.4576448637492,0.0,0.1875,0.078125
613200,379.6973535982892,0.0,0.1875,0.09375
613300,379.780125734028,0.0,0.125,0.078125
613400,379.87955920482347,0.0,0.125,0.03125
613500,379.99232686047174,0.0,0.0625,0.046875
613600,380.3291570598652,0.0,0.125,0.046875
613700,380.5937350513291,0.0,0.1875,0.0625
613800,380.8030062390535,0.0,0.1875,0.0625
613900,380.9465979201954,0.0,0.125,0.03125
614000,381.05539108339525,0.0,0.25,0.125
614100,381.2793932257022,0.0,0.0625,0.03125
614200,381.472302871897,0.0,0.1875,0.0625
614300,381.5559817377767,0.0,0.25,0.109375
614400,381.71424134416844,0.0,0.125,0.078125
614500,381.91698664001274,0.0,0.1875,0.15625
614600,382.1236920102371,0.0,0.0625,0.03125
614700,382.24106192909045,0.0,0.0625,0.015625
614800,382.3997088574212,0.0,0.125,0.046875
614900,382.6149623001706,0.0,0.125,0.03125
615000,382.97462847308805,0.0,0.1875,0.0625
615100,383.04767920734395,0.0,0.25,0.125
615200,383.10756019497865,0.0,0.1875,0.09375
615300,383.151469768951,0.0,0.125,0.03125
615400,383.2747254797667,0.0,0.125,0.0625
615500,383.4648887195745,0.0,0.1875,0.109375
615600,383.63404754918884,0.0,0.1875,0.0625
615700,383.94739819216585,0.0,0.1875,0.09375
615800,384.0838174350219,0.0,0.25,0.09375
615900,384.27403144467,0.0,0.1875,0.046875
616000,384.5012758237841,0.0,0.25,0.0625
616100,384.7323476954959,0.0,0.125,0.078125
616200,384.81384110835324,0.0,0.1875,0.046875
616300,384.86754444337066,0.0,0.1875,0.09375
616400,384.9144772883549,0.0,0.1875,0.0625
616500,385.0102461103014,0.0,0.1875,0.078125
616600,385.16891883301594,0.0,0.0625,0.03125
616700,385.2197696915736,0.0,0.3125,0.09375
616800,385.41655013892364,0.0,0.125,0.0625
616900,385.49752039472986,0.0,0.0625,0.015625
617000,385.6339665357176,0.0,0.25,0.09375
617100,385.97162527500836,0.0,0.25,0.078125
617200,386.02083923614515,0.0,0.1875,0.046875
617300,386.18793498994233,0.0,0.1875,0.046875
617400,386.36283218314344,0.0,0.1875,0.09375
617500,386.54607569465634,0.0,0.1875,0.0625
617600,386.7584859506515,0.0,0.1875,0.0625
617700,386.7945473100102,0.0,0.25,0.125
617800,387.1495597511698,0.0,0,0
617900,387.24953045041053,0.0,0.125,0.078125
618000,387.46372450274123,0.0,0.3125,0.109375
618100,387.5552213920979,0.0,0.1875,0.09375
618200,387.709594175156,0.0,0.1875,0.125
618300,387.99786648775284,0.0,0.25,0.125
618400,388.30588265477803,0.0,0.1875,0.09375
618500,388.52010843935483,0.0,0.125,0.046875
618600,388.69773256423315,0.0,0.125,0.078125
618700,388.8554527468708,0.0,0.125,0.046875
618800,389.06776771673793,0.0,0.1875,0.046875
618900,389.21447411712364,0.0,0.25,0.09375
619000,389.3342720073118,0.0,0.125,0.046875
619100,389.4403970215068,0.0,0.125,0.046875
619200,389.7189814587851,0.0,0.0625,0.015625
619300,389.9162931223746,0.0,0.25,0.109375
619400,390.14002791242257,0.0,0.25,0.109375
619500,390.29112225871245,0.0,0.1875,0.0625
619600,390.3187916653856,0.0,0.1875,0.109375
619700,390.4086608928309,0.0,0.1875,0.0625
619800,390.57646668699454,0.0,0.125,0.03125
619900,390.6956876196351,0.0,0.0625,0.03125
620000,390.80165263890075,0.0,0.1875,0.078125
620100,390.9252298937667,0.0,0.0625,0.046875
620200,391.122761026896,0.0,0.25,0.125
620300,391.25311316585913,0.0,0.125,0.0625
620400,391.3872503615313,0.0,0.1875,0.078125
620500,391.56257857178156,0.0,0.125,0.03125
620600,391.66815066333555,0.0,0.25,0.109375
620700,391.8551682002933,0.0,0.125,0.046875
620800,392.0946552200399,0.0,0.3125,0.125
620900,392.2322318655423,0.0,0.1875,0.09375
621000,392.3586229080327,0.0,0.1875,0.078125
621100,392.4407318490564,0.0,0.125,0.109375
621200,392.49631385801274,0.0,0.1875,0.078125
621300,392.65097964982255,0.0,0.1875,0.046875
621400,392.70550907096356,0.0,0.25,0.125
621500,392.99427381624076,0.0,0.125,0.078125
621600,393.0854962117613,0.0,0.0625,0.03125
621700,393.3187879432364,0.0,0.125,0.03125
621800,393.363062305877,0.0,0.1875,0.078125
621900,393.50276724765087,0.0,0.1875,0.09375
622000,393.6896640828969,0.0,0.125,0.09375
622100,393.92570232281423,0.0,0.125,0.109375
622200,394.05587408012826,0.0,0.25,0.109375
622300,394.3075075761256,0.0,0.1875,0.109375
622400,394.4717130308665,0.0,0.1875,0.09375
622500,394.54846050628174,0.0,0.3125,0.203125
622600,394.7093268495451,0.0,0.125,0.0625
622700,394.7865761054811,0.0,0.25,0.09375
622800,394.8364162208144,0.0,0.1875,0.09375
622900,394.9379865873558,0.0,0.1875,0.078125
623000,394.9939030494659,0.0,0.0625,0.09375
623100,395.3576114716236,0.0,0.1875,0.140625
623200,395.48541964412686,0.0,0.1875,0.09375
623300,395.60176774694264,0.0,0.25,0.09375
623400,395.78877066134663,0.0,0.1875,0.109375
623500,396.0922952408299,0.0,0.1875,0.109375
623600,396.33590442699625,0.0,0.25,0.109375
623700,396.4341870598842,0.0,0.1875,0.125
623800,396.4940249965294,0.0,0.1875,0.078125
623900,396.58577116379155,0.0,0.25,0.125
624000,396.69235612022726,0.0,0.1875,0.09375
624100,396.80459317875267,0.0,0.125,0.046875
624200,396.90807509105247,0.0,0.125,0.109375
624300,397.0646865569732,0.0,0.1875,0.109375
624400,397.2571969608265,0.0,0.125,0.125
624500,397.3713923330199,0.0,0.0625,0.0625
624600,397.44191203559325,0.0,0.1875,0.171875
624700,397.47497561731143,0.0,0.25,0.109375
624800,397.5508517488126,0.0,0.125,0.09375
624900,397.78187037543984,0.0,0.125,0.09375
625000,265.4476242458224,0.0,0.125,0.140625
625100,265.84617692193905,0.0,0.1875,0.09375
625200,266.8938668015485,0.0,0.125,0.0625
625300,267.8450081880906,0.0,0.1875,0.140625
625400,268.6903716355909,0.0,0.25,0.140625
625500,269.28096979456035,0.0,0.25,0.171875
625600,270.3025369587758,0.0,0.1875,0.09375
625700,271.50492606253573,0.0,0.25,0.109375
625800,272.6388209081972,0.0,0.1875,0.09375
625900,273.9888629357141,0.0,0.1875,0.109375
626000,275.2702599951004,0.0,0.25,0.140625
626100,276.72934404072345,0.0,0.1875,0.09375
626200,278.18228319224653,0.0,0.0625,0.09375
626300,279.6467991827484,0.0,0.125,0.09375
626400,281.16510565499004,0.0,0.1875,0.09375
626500,282.9605655014256,0.0,0.25,0.125
626600,284.46034777681075,0.0,0.3125,0.140625
626700,285.565656013112,0.0,0.25,0.125
626800,286.68925204772034,0.0,0.1875,0.109375
626900,287.87612372566696,0.0,0.25,0.109375
627000,289.59991056883456,0.0,0.125,0.125
627100,291.00116715305865,0.0,0.1875,0.09375
627200,292.26816856468395,0.0,0.1875,0.21875
627300,293.03886602527757,0.0,0.1875,0.078125
627400,293.2595857584387,0.0,0.25,0.15625
627500,293.57685043190764,0.0,0.1875,0.15625
627600,293.9520863969034,0.0,0.125,0.046875
627700,294.44004290881975,0.0,0.1875,0.09375
627800,294.89518749444744,0.0,0.125,0.078125
627900,295.22116736236853,0.0,0.125,0.078125
628000,295.5658140191972,0.0,0.1875,0.109375
628100,295.87319897097336,0.0,0.125,0.0625
628200,296.18370752842776,0.0,0.25,0.21875
628300,296.42265123769073,0.0,0.1875,0.140625
628400,296.78512167511656,0.0,0.125,0.09375
628500,297.1235842707861,0.0,0.1875,0.0625
628600,297.44294090855806,0.0,0.125,0.0625
628700,297.7115984199811,0.0,0.25,0.140625
628800,297.924226304834,0.0,0.125,0.125
628900,298.14775458043874,0.0,0.1875,0.0625
629000,298.41335605121304,0.0,0.1875,0.0625
629100,298.7525460820585,0.0,0.125,0.046875
629200,299.2635381849413,0.0,0.25,0.0625
629300,299.51991758120585,0.0,0.1875,0.109375
629400,299.6963738240023,0.0,0.25,0.109375
629500,299.89726132375955,0.0,0.0625,0.078125
629600,300.1588079296934,0.0,0.125,0.109375
629700,300.36618470052537,0.0,0.0625,0.046875
629800,300.72969000910234,0.0,0.25,0.078125
629900,300.9176029738772,0.0,0.25,0.0625
630000,301.2935611119761,0.0,0.1875,0.0625
630100,301.48469419712086,0.0,0.125,0.0625
630200,301.70412545445555,0.0,0.3125,0.140625
630300,301.88105019962046,0.0,0.125,0.046875
630400,302.0877923667766,0.0,0.1875,0.0625
630500,302.27765978735283,0.0,0.25,0.09375
630600,302.40080711657157,0.0,0.125,0.078125
630700,302.64595779855114,0.0,0.1875,0.078125
630800,302.8342412948685,0.0,0.25,0.125
630900,303.1123306140954,0.0,0.25,0.125
631000,303.2888483751681,0.0,0.125,0.03125
631100,303.4868537925068,0.0,0.1875,0.0625
631200,303.63495212854997,0.0,0.125,0.109375
631300,303.8396988371942,0.0,0.1875,0.09375
631400,303.9443763096718,0.0,0.25,0.078125
631500,304.0578142976541,0.0,0.1875,0.109375
631600,304.2006761190217,0.0,0.125,0.03125
631700,304.4471938514454,0.0,0.3125,0.078125
631800,304.6083800586494,0.0,0.25,0.09375
631900,304.72838598970503,0.0,0.25,0.140625
632000,304.92106816633196,0.0,0.25,0.078125
632100,305.1154250952464,0.0,0.25,0.125
632200,305.2983245988849,0.0,0.125,0.046875
632300,305.4704205943295,0.0,0.1875,0.046875
632400,305.6729899660552,0.0,0.125,0.046875
632500,305.80592296607546,0.0,0.1875,0.046875
632600,306.0012325954268,0.0,0.25,0.078125
632700,306.09697235516376,0.0,0.1875,0.09375
632800,306.2769537236071,0.0,0.1875,0.046875
632900,306.60974890793545,0.0,0.25,0.125
633000,306.72640310341956,0.0,0.25,0.078125
633100,306.91428723203535,0.0,0.1875,0.046875
633200,307.0665596949064,0.0,0.25,0.078125
633300,307.1721215698044,0.0,0.1875,0.078125
633400,307.3633168019765,0.0,0.1875,0.046875
633500,307.4405271499754,0.0,0.3125,0.125
633600,307.5751097148575,0.0,0.1875,0.09375
633700,307.7972871073194,0.0,0.125,0.078125
633800,307.97219639899885,0.0,0.25,0.0625
633900,308.09139675966236,0.0,0.25,0.09375
634000,308.2800968611767,0.0,0.125,0.046875
634100,308.4489458150337,0.0,0.125,0.0625
634200,308.626057385916,0.0,0.25,0.140625
634300,308.7305181474905,0.0,0.25,0.140625
634400,308.8748641298452,0.0,0.25,0.15625
634500,308.9965279684612,0.0,0.125,0.078125
634600,309.0625949265288,0.0,0.1875,0.109375
634700,309.17261032432936,0.0,0.1875,0.15625
634800,309.3113607130786,0.0,0.25,0.140625
634900,309.35443134316876,0.0,0.1875,0.125
635000,309.47697086664675,0.0,0.0625,0.015625
635100,309.5542328168612,0.0,0.25,0.125
635200,309.61891724607415,0.0,0.1875,0.046875
635300,309.76021720480543,0.0,0.1875,0.09375
635400,309.9034817732836,0.0,0.125,0.109375
635500,310.1905331648377,0.0,0.1875,0.046875
635600,310.3187792077264,0.0,0.125,0.09375
635700,310.40947148093244,0.0,0.1875,0.09375
635800,310.65178899359285,0.0,0.25,0.15625
635900,310.83907646882454,0.0,0.1875,0.109375
636000,311.00870574558365,0.0,0.1875,0.078125
636100,311.07244558412856,0.0,0.1875,0.140625
636200,311.2960745384991,0.0,0.25,0.109375
636300,311.4260147255662,0.0,0.125,0.0625
636400,311.5440352628809,0.0,0.0625,0.0625
636500,311.7061851627415,0.0,0.1875,0.09375
636600,311.838439620864,0.0,0.1875,0.125
636700,311.96616797505766,0.0,0.1875,0.140625
636800,312.03957332596224,0.0,0.25,0.109375
636900,312.1435932638837,0.0,0.125,0.09375
637000,312.268093647164,0.0,0.25,0.140625
637100,312.3840991301205,0.0,0.125,0.078125
637200,312.52453116772966,0.0,0.25,0.21875
637300,312.6359526653211,0.0,0.25,0.171875
637400,312.81291340714205,0.0,0.1875,0.09375
637500,312.98382371942586,0.0,0.1875,0.125
637600,313.1738145324259,0.0,0.125,0.140625
637700,313.2679368474776,0.0,0.1875,0.125
637800,313.4077840872959,0.0,0.125,0.125
637900,313.53186248561605,0.0,0.25,0.140625
638000,313.66783368696326,0.0,0.1875,0.109375
638100,313.8363553980339,0.0,0.125,0.125
638200,313.958475838209,0.0,0.25,0.15625
638300,314.08221891074953,0.0,0.1875,0.1875
638400,314.3252040766752,0.0,0.1875,0.203125
638500,314.5165139106152,0.0,0.1875,0.0625
638600,314.70661707970913,0.0,0.1875,0.234375
638700,314.9122290401068,0.0,0.25,0.171875
638800,315.07089895366136,0.0,0.1875,0.140625
638900,315.22426617847583,0.0,0.25,0.140625
639000,315.3981578154303,0.0,0.25,0.09375
639100,315.539066775074,0.0,0.125,0.15625
639200,315.77420188044727,0.0,0.25,0.1875
639300,315.9652038607043,0.0,0.25,0.21875
639400,316.0867395546279,0.0,0.25,0.203125
639500,316.13423535580046,0.0,0.1875,0.125
639600,316.336654819425,0.0,0.1875,0.078125
639700,316.4677548357444,0.0,0.25,0.1875
639800,316.5564140369568,0.0,0.1875,0.140625
639900,316.65991561106983,0.0,0.25,0.171875
640000,316.7830468492984,0.0,0.25,0.1875
640100,316.9364186324755,0.0,0.25,0.234375
640200,317.06442262163876,0.0,0.1875,0.109375
640300,317.2350490506556,0.0,0.1875,0.1875
640400,317.50442715874476,0.0,0.1875,0.078125
640500,317.5908410783983,0.0,0.1875,0.171875
640600,317.67268879834984,0.0,0.25,0.21875
640700,317.7795180843947,0.0,0.1875,0.125
640800,317.91772993835133,0.0,0.25,0.203125
640900,318.0245402302629,0.0,0.1875,0.140625
641000,318.1444827149305,0.0,0.1875,0.15625
641100,318.2555929305693,0.0,0.1875,0.15625
641200,318.40547309271614,0.0,0.1875,0.171875
641300,318.52601753174014,0.0,0.25,0.15625
641400,318.62490435996034,0.0,0.1875,0.109375
641500,318.74749532967564,0.0,0.25,0.328125
641600,318.958044998039,0.0,0.25,0.25
641700,319.24370676812214,0.0,0.25,0.1875
641800,319.424096047016,0.0,0.25,0.203125
641900,319.5815459020719,0.0,0.125,0.171875
642000,319.74279007581526,0.0,0.1875,0.1875
642100,319.8403761443391,0.0,0.1875,0.15625
642200,320.0155982428513,0.0,0.1875,0.203125
642300,320.12833148629096,0.0,0.1875,0.15625
642400,320.2750139526714,0.0,0.125,0.125
642500,320.4634601153434,0.0,0.1875,0.265625
642600,320.64518354535466,0.0,0.1875,0.171875
642700,320.80291708171745,0.0,0.1875,0.25
642800,320.8929128339601,0.0,0.25,0.21875
642900,321.04448066167987,0.0,0.1875,0.171875
643000,321.2639713549933,0.0,0.1875,0.203125
643100,321.44799606826416,0.0,0.25,0.15625
643200,321.7755705221764,0.0,0.1875,0.171875
643300,321.9663418829223,0.0,0.125,0.21875
643400,322.2376744721834,0.0,0.25,0.234375
643500,322.4664703524229,0.0,0.1875,0.15625
643600,322.68074089055824,0.0,0.1875,0.171875
643700,322.7811708388913,0.0,0.25,0.234375
643800,322.94294759182986,0.0,0.25,0.21875
643900,323.1503182092386,0.0,0.25,0.21875
644000,323.3150848205305,0.0,0.1875,0.125
644100,323.65910292662244,0.0,0.25,0.1875
644200,323.7796063753705,0.0,0.25,0.171875
644300,323.9386338054635,0.0,0.25,0.25
644400,324.13777613048757,0.0,0.1875,0.234375
644500,324.32710297594025,0.0,0.25,0.21875
644600,324.575837323132,0.0,0.125,0.171875
644700,324.6983704358985,0.0,0.25,0.203125
644800,324.92123210268073,0.0,0.25,0.28125
644900,325.08843823936616,0.0,0.1875,0.171875
645000,325.2154061480247,0.0,0.1875,0.25
645100,325.4287362558309,0.0,0.1875,0.21875
645200,325.6443704160038,0.0,0.25,0.203125
645300,325.9352034773187,0.0,0.1875,0.25
645400,326.17675772303414,0.0,0.1875,0.1875
645500,326.4403274561646,0.0,0.1875,0.15625
645600,326.6935967551499,0.0,0.1875,0.109375
645700,327.010935927712,0.0,0.25,0.1875
645800,327.25164955047427,0.0,0.1875,0.203125
645900,327.4779056302199,0.0,0.25,0.1875
646000,327.77268613281234,0.0,0.1875,0.171875
646100,328.12914688605247,0.0,0.125,0.171875
646200,328.4038447428862,0.0,0.125,0.125
646300,328.6980634869934,0.0,0.25,0.234375
646400,328.91359640358866,0.0,0.1875,0.171875
646500,329.1189291463877,0.0,0.1875,0.203125
646600,329.37840590363567,0.0,0.25,0.203125
646700,329.542241837803,0.0,0.1875,0.140625
646800,329.69950536436926,0.0,0.1875,0.203125
646900,329.90909277691617,0.0,0.1875,0.265625
647000,330.23204729417836,0.0,0.25,0.296875
647100,330.7426332997571,0.0,0.1875,0.125
647200,331.0252526766657,0.0,0.25,0.171875
647300,331.3703904495337,0.0,0.1875,0.265625
647400,331.545235290547,0.0,0.1875,0.171875
647500,331.8689895424506,0.0,0.1875,0.15625
647600,332.1556964571237,0.0,0.125,0.125
647700,332.4805338374505,0.0,0.1875,0.109375
647800,332.8137178804874,0.0,0.1875,0.125
647900,333.33663082654226,0.0,0.1875,0.109375
648000,333.6784406254403,0.0,0.1875,0.171875
648100,334.03317539626744,0.0,0.1875,0.171875
648200,334.3875407561228,0.0,0.1875,0.21875
648300,334.63871584371356,0.0,0.1875,0.15625
648400,334.90449682603753,0.0,0.25,0.21875
648500,335.31794288832367,0.0,0.1875,0.125
648600,335.53395338432983,0.0,0.1875,0.140625
648700,335.7395373813877,0.0,0.25,0.203125
648800,335.9952938239475,0.0,0.25,0.203125
648900,336.32557037815883,0.0,0.1875,0.234375
649000,336.77675967980593,0.0,0.1875,0.1875
649100,337.11164825175075,0.0,0.25,0.15625
649200,337.3377028773739,0.0,0.25,0.09375
649300,337.48864266146734,0.0,0.1875,0.140625
649400,337.96281539386257,0.0,0.1875,0.171875
649500,338.3455723950107,0.0,0.1875,0.15625
649600,338.7238538276049,0.0,0.1875,0.1875
649700,339.1107787684482,0.0,0.25,0.140625
649800,339.4540289257292,0.0,0.3125,0.171875
649900,340.02177768733696,0.0,0.125,0.15625
650000,211.0576481932106,0.0,0.125,0.125
650100,214.79178798379684,0.0,0.1875,0.171875
650200,218.79112990668494,0.0,0.25,0.21875
650300,223.68280340883655,0.0,0.1875,0.125
650400,230.31553283934758,0.0,0.1875,0.15625
650500,235.21491480774398,0.0,0.1875,0.171875
650600,238.4027796529424,0.0,0.1875,0.140625
650700,242.8535407586738,0.0,0.125,0.078125
650800,249.03260591508518,0.0,0.125,0.078125
650900,253.4762881598874,0.0,0.125,0.125
651000,258.52464452637975,0.0,0.1875,0.1875
651100,262.6174631590371,0.0,0.1875,0.15625
651200,267.0650832615059,0.0,0.25,0.078125
651300,272.4305027183026,0.0,0.25,0.140625
651400,275.35490814325385,0.0,0.125,0.078125
651500,280.20734066654677,0.0,0.125,0.125
651600,282.4954156772623,0.0,0.125,0.140625
651700,286.112516885745,0.0,0.25,0.1875
651800,288.5787011075493,0.0,0.1875,0.15625
651900,290.0772622518473,0.0,0.25,0.140625
652000,292.8263963767881,0.0,0.125,0.046875
652100,294.4255191640666,0.0,0.125,0.109375
652200,296.11819616205076,0.0,0.25,0.09375
652300,297.5344312912549,0.0,0.125,0.078125
652400,298.4325119764318,0.0,0.25,0.140625
652500,298.9088170642467,0.0,0.1875,0.078125
652600,299.45281316523415,0.0,0.1875,0.140625
652700,300.0089150426112,0.0,0.25,0.109375
652800,300.6846357597624,0.0,0.25,0.078125
652900,301.3928481824718,0.0,0.125,0.09375
653000,301.89003224826496,0.0,0.125,0.109375
653100,302.64101638089016,0.0,0.3125,0.1875
653200,303.23499724705215,0.0,0.125,0.03125
653300,303.97389777171526,0.0,0.125,0.09375
653400,304.49080742736055,0.0,0.1875,0.125
653500,305.0101277682417,0.0,0.125,0.078125
653600,305.5474228971413,0.0,0.125,0.078125
653700,306.13694121156607,0.0,0.25,0.109375
653800,306.53480214826425,0.0,0.25,0.109375
653900,306.95666875500933,0.0,0.25,0.15625
654000,307.29525208507613,0.0,0.125,0.03125
654100,307.68064939294976,0.0,0.1875,0.140625
654200,308.2663914290684,0.0,0.1875,0.078125
654300,308.7217869016756,0.0,0.25,0.109375
654400,309.2163641958367,0.0,0.1875,0.109375
654500,309.64799936609523,0.0,0.0625,0.0625
654600,310.3764674780149,0.0,0.1875,0.0625
654700,310.8852416789192,0.0,0.25,0.109375
654800,311.3114715075433,0.0,0.25,0.09375
654900,311.83666120176207,0.0,0.25,0.0625
655000,312.0640104267494,0.0,0.125,0.09375
655100,312.41182102163106,0.0,0.25,0.09375
655200,312.64949542706967,0.0,0.125,0.0625
655300,313.25525227215917,0.0,0.1875,0.09375
655400,313.637179484079,0.0,0.25,0.109375
655500,314.04178481294196,0.0,0.125,0.0625
655600,314.3316531289191,0.0,0.125,0.0625
655700,314.8625817183839,0.0,0.1875,0.09375
655800,315.0702410160708,0.0,0.1875,0.125
655900,315.4455140580039,0.0,0.25,0.078125
656000,316.0254479527279,0.0,0.1875,0.09375
656100,316.6606583116824,0.0,0.1875,0.046875
656200,317.12504407212816,0.0,0.125,0.03125
656300,317.51161305871113,0.0,0.125,0.03125
656400,317.8716873698966,0.0,0.1875,0.078125
656500,318.16302147411096,0.0,0.125,0.078125
656600,318.3469952458847,0.0,0.25,0.109375
656700,318.72290821422104,0.0,0.3125,0.109375
656800,319.1745211574402,0.0,0.1875,0.0625
656900,319.4270624136842,0.0,0.1875,0.078125
657000,319.89057816889465,0.0,0.3125,0.109375
657100,320.42327198655005,0.0,0.1875,0.046875
657200,321.03162821531635,0.0,0.1875,0.0625
657300,321.4046961705752,0.0,0.1875,0.046875
657400,321.7710440345873,0.0,0.25,0.078125
657500,322.1042960090731,0.0,0.1875,0.046875
657600,322.45520310037296,0.0,0.25,0.09375
657700,322.83548188318883,0.0,0.25,0.09375
657800,323.1271875457741,0.0,0.1875,0.09375
657900,323.794945988832,0.0,0.0625,0.015625
658000,324.40356688974526,0.0,0.1875,0.09375
658100,325.1186275325705,0.0,0.125,0.0625
658200,325.48599294857627,0.0,0.3125,0.109375
658300,326.1216836104405,0.0,0.125,0.0625
658400,326.47963806276795,0.0,0.1875,0.078125
658500,327.1221180023544,0.0,0.125,0.0625
658600,327.7711725904667,0.0,0.1875,0.078125
658700,328.37479925217843,0.0,0.1875,0.09375
658800,329.36166757837714,0.0,0.125,0.046875
658900,330.4455140381882,0.0,0.25,0.109375
659000,331.333957677016,0.0,0.1875,0.078125
659100,332.26797597074363,0.0,0.1875,0.09375
659200,333.56700059685585,0.0,0.1875,0.078125
659300,335.00515209122443,0.0,0.25,0.109375
659400,335.78582545419613,0.0,0.125,0.09375
659500,336.96314163746575,0.0,0.3125,0.125
659600,337.7024385805046,0.0,0.1875,0.046875
659700,338.3618904103555,0.0,0.3125,0.15625
659800,339.03745920582554,0.0,0.25,0.109375
659900,339.55037068614325,0.0,0.25,0.140625
660000,340.16919369224985,0.0,0.125,0.0625
660100,340.7650677922839,0.0,0.1875,0.046875
660200,341.3983831529895,0.0,0.25,0.109375
660300,341.98818299017574,0.0,0.1875,0.09375
660400,342.76393042048403,0.0,0.1875,0.0625
660500,343.3269816651938,0.0,0.1875,0.078125
660600,343.83587839215386,0.0,0.1875,0.125
660700,344.2890484513909,0.0,0.1875,0.078125
660800,345.0445925958136,0.0,0.125,0.078125
660900,345.50915335302614,0.0,0.1875,0.109375
661000,345.91654746149493,0.0,0.125,0.0625
661100,346.41492757837716,0.0,0.1875,0.109375
661200,347.0017187818839,0.0,0.25,0.109375
661300,347.6661216563371,0.0,0.125,0.0625
661400,348.1460196968475,0.0,0.1875,0.09375
661500,348.89047386088924,0.0,0.1875,0.078125
661600,349.3612095686832,0.0,0.1875,0.078125
661700,350.03083315869486,0.0,0.25,0.140625
661800,350.64493520662563,0.0,0.1875,0.25
661900,351.16155633613675,0.0,0.3125,0.109375
662000,351.6561983734085,0.0,0.1875,0.15625
662100,352.3210437540286,0.0,0.125,0.0625
662200,352.80915363145175,0.0,0.125,0.078125
662300,353.0028771444992,0.0,0.25,0.140625
662400,353.4893598160289,0.0,0.25,0.1875
662500,353.9400786866071,0.0,0.1875,0.140625
662600,354.50876698762784,0.0,0.1875,0.109375
662700,354.8000905878238,0.0,0.1875,0.078125
662800,355.4541575745481,0.0,0.25,0.15625
662900,355.72147519653805,0.0,0.25,0.125
663000,355.9572472385467,0.0,0.1875,0.078125
663100,356.48115900004143,0.0,0.0625,0.0625
663200,356.93502765232205,0.0,0.1875,0.109375
663300,357.5227004980955,0.0,0.1875,0.109375
663400,357.9569080811721,0.0,0.125,0.109375
663500,358.22904803935586,0.0,0.125,0.109375
663600,358.5383545685974,0.0,0.1875,0.15625
663700,358.7938307052446,0.0,0.125,0.046875
663800,359.31273043622315,0.0,0.125,0.109375
663900,359.8075646689777,0.0,0.125,0.140625
664000,360.33006789613313,0.0,0.125,0.140625
664100,360.93292323417444,0.0,0.1875,0.109375
664200,361.6639069457916,0.0,0.25,0.140625
664300,362.1064889953344,0.0,0.1875,0.109375
664400,362.59310892415783,0.0,0.125,0.046875
664500,362.9383660016376,0.0,0.125,0.046875
664600,363.35996348737615,0.0,0.1875,0.15625
664700,363.61726295897137,0.0,0.1875,0.140625
664800,364.04614677634436,0.0,0.1875,0.171875
664900,364.403710787074,0.0,0.25,0.125
665000,364.7167134400843,0.0,0.1875,0.140625
665100,365.10079652750056,0.0,0.1875,0.140625
665200,365.47823148264507,0.0,0.125,0.140625
665300,365.8450064024425,0.0,0.0625,0.15625
665400,366.1727000713624,0.0,0.125,0.140625
665500,366.453356710799,0.0,0.0625,0.09375
665600,366.7590370211307,0.0,0.0625,0.046875
665700,366.942095095915,0.0,0.1875,0.140625
665800,367.474508952961,0.0,0.1875,0.109375
665900,368.0795455997359,0.0,0.125,0.15625
666000,368.52381582412727,0.0,0.0625,0.125
666100,368.9758005136871,0.0,0.125,0.140625
666200,369.2819576165879,0.0,0.125,0.125
666300,369.74566373282914,0.0,0.1875,0.125
666400,370.01960915254017,0.0,0.125,0.125
666500,370.27776124998485,0.0,0.1875,0.09375
666600,370.56115251745024,0.0,0.1875,0.171875
666700,371.1029097560106,0.0,0.25,0.1875
666800,371.5220062564779,0.0,0.1875,0.15625
666900,371.8619942228184,0.0,0.1875,0.15625
667000,372.3226810506956,0.0,0.125,0.125
667100,372.74501789772575,0.0,0.125,0.125
667200,373.20186564798803,0.0,0.125,0.09375
667300,373.5212358121913,0.0,0.125,0.171875
667400,373.93188894484905,0.0,0.0625,0.03125
667500,374.4459862796357,0.0,0.125,0.203125
667600,374.91273214800975,0.0,0.125,0.171875
667700,375.3419274001489,0.0,0.1875,0.078125
667800,375.68093201664493,0.0,0.125,0.109375
667900,375.9530668846171,0.0,0.125,0.09375
668000,376.22090689581637,0.0,0.125,0.203125
668100,376.5322680225618,0.0,0.125,0.125
668200,377.05004998049554,0.0,0.1875,0.125
668300,377.6678237224621,0.0,0.125,0.140625
668400,378.14752115307226,0.0,0.1875,0.125
668500,378.52361919375056,0.0,0.1875,0.15625
668600,379.0968020337487,0.0,0.125,0.140625
668700,379.6563974897925,0.0,0.1875,0.203125
668800,380.1796659494786,0.0,0.0625,0.09375
668900,380.47993621492043,0.0,0.125,0.15625
669000,380.6225959936491,0.0,0.25,0.171875
669100,381.036628171488,0.0,0.1875,0.09375
669200,381.51827057292684,0.0,0.125,0.125
669300,381.96462059726105,0.0,0.1875,0.203125
669400,382.22630301068307,0.0,0.125,0.109375
669500,382.55257932756547,0.0,0.125,0.203125
669600,382.91787722802593,0.0,0.125,0.125
669700,383.4684001624266,0.0,0.125,0.09375
669800,383.718972707361,0.0,0.125,0.078125
669900,384.2590905679265,0.0,0.1875,0.171875
670000,384.6337587675276,0.0,0.0625,0.0625
670100,384.9096828913124,0.0,0.125,0.203125
670200,385.320317818885,0.0,0.0625,0.125
670300,385.57804239423785,0.0,0.1875,0.0625
670400,385.8215304594688,0.0,0.125,0.125
670500,386.11151484389603,0.0,0.125,0.109375
670600,386.31010338322994,0.0,0.125,0.09375
670700,386.660420257362,0.0,0.0625,0.078125
670800,386.9640867946223,0.0,0.125,0.125
670900,387.28863353507694,0.0,0.1875,0.265625
671000,387.3952760504279,0.0,0.125,0.1875
671100,387.6534593977049,0.0,0.25,0.21875
671200,388.11091536426324,0.0,0.125,0.125
671300,388.4123697877973,0.0,0.1875,0.234375
671400,388.70478241759395,0.0,0.125,0.125
671500,388.98033055686477,0.0,0.25,0.140625
671600,389.3889318736508,0.0,0.0625,0.140625
671700,389.6537605853702,0.0,0.125,0.140625
671800,390.01492203985316,0.0,0.1875,0.125
671900,390.2546606695127,0.0,0.1875,0.125
672000,390.5143505376424,0.0,0.1875,0.171875
672100,390.6591631855225,0.0,0.0625,0.140625
672200,391.07606478848305,0.0,0.25,0.1875
672300,391.72589665732426,0.0,0.0625,0.15625
672400,392.06459172150835,0.0,0.125,0.171875
672500,392.3475904204201,0.0,0.125,0.21875
672600,392.743063144419,0.0,0.125,0.171875
672700,392.8547715700101,0.0,0.125,0.140625
672800,393.18305687412453,0.0,0.125,0.203125
672900,393.56656192891336,0.0,0.125,0.1875
673000,393.72546740273526,0.0,0.125,0.15625
673100,394.16259602769685,0.0,0.125,0.125
673200,394.38248709813575,0.0,0.125,0.125
673300,394.641762297202,0.0,0.125,0.171875
673400,395.02165789878,0.0,0.125,0.140625
673500,395.32901849797577,0.0,0.125,0.125
673600,395.5575259087467,0.0,0.125,0.109375
673700,395.9088714719086,0.0,0.125,0.171875
673800,396.06206594949117,0.0,0.1875,0.140625
673900,396.31550308398187,0.0,0.0625,0.09375
674000,396.5864311846301,0.0,0.1875,0.125
674100,396.7667836847663,0.0,0.1875,0.203125
674200,397.1893559603952,0.0,0.1875,0.140625
674300,397.35739989975747,0.0,0.1875,0.109375
674400,397.6713043173381,0.0,0.0625,0.09375
674500,397.9574460489373,0.0,0.125,0.15625
674600,398.16466081536987,0.0,0.125,0.21875
674700,398.3850738415815,0.0,0.0625,0.109375
674800,398.6615025690342,0.0,0.125,0.234375
674900,399.00349713739206,0.0,0.0625,0.140625
675000,102.17242124884864,0.0,0.125,0.15625
675100,107.23599917437093,0.0,0.1875,0.203125
675200,116.04622039549844,0.0,0.1875,0.21875
675300,129.7277160504702,0.0,0.125,0.15625
675400,141.01191090395318,0.0,0.0625,0.203125
675500,152.0020475503316,0.0,0.125,0.125
675600,161.76751987476524,0.0,0.1875,0.171875
675700,173.79024183641147,0.0,0.1875,0.203125
675800,183.1750840040655,0.0,0.25,0.3125
675900,198.82507867850026,0.0,0.25,0.1875
676000,209.56997245977934,0.0,0.125,0.21875
676100,217.0027907161119,0.0,0.0625,0.140625
676200,220.84217633608182,0.0,0.1875,0.28125
676300,223.8968292081885,0.0,0.1875,0.15625
676400,229.06553693181965,0.0,0.0625,0.203125
676500,232.200736651179,0.0,0.1875,0.234375
676600,236.20212876763685,0.0,0.0625,0.1875
676700,238.64963609166855,0.0,0.125,0.21875
676800,242.22278289939075,0.0,0.125,0.21875
676900,243.79323528635135,0.0,0.0625,0.203125
677000,246.3801168859461,0.0,0.25,0.203125
677100,248.25309589175407,0.0,0.0625,0.03125
677200,249.9820122582806,0.0,0.3125,0.265625
677300,252.36384972875078,0.0,0.0625,0.09375
677400,253.9386192011979,0.0,0.25,0.203125
677500,255.46935962187248,0.0,0.125,0.140625
677600,256.2408981813645,0.0,0.1875,0.140625
677700,257.3923513374287,0.0,0.125,0.125
677800,258.3294401787157,0.0,0.25,0.21875
677900,259.96102014973826,0.0,0.125,0.203125
678000,261.18893746306264,0.0,0.1875,0.1875
678100,262.28511709499065,0.0,0.1875,0.140625
678200,263.1151714663118,0.0,0.125,0.171875
678300,263.9889208738786,0.0,0.25,0.15625
678400,264.71891595813764,0.0,0.1875,0.234375
678500,265.8545140538525,0.0,0.125,0.28125
678600,267.0016538630984,0.0,0.1875,0.140625
678700,267.7609798223892,0.0,0.3125,0.296875
678800,268.6190443139998,0.0,0.0625,0.03125
678900,269.3729583926553,0.0,0.0625,0.234375
679000,270.63763942932627,0.0,0.1875,0.1875
679100,271.3130809118365,0.0,0.125,0.21875
679200,272.09930860811664,0.0,0.0625,0.203125
679300,272.70532212217654,0.0,0.1875,0.203125
679400,273.75462738550596,0.0,0.1875,0.125
679500,274.38085944291873,0.0,0.125,0.203125
679600,274.981489854835,0.0,0.125,0.15625
679700,275.80326163892363,0.0,0.125,0.171875
679800,276.6085746919058,0.0,0.1875,0.234375
679900,277.2289588986533,0.0,0.1875,0.125
680000,278.01501120345023,0.0,0.0625,0.09375
680100,278.5963330353677,0.0,0.1875,0.234375
680200,279.30837271002906,0.0,0.125,0.140625
680300,280.2279853825859,0.0,0.125,0.1875
680400,280.7016752069116,0.0,0.1875,0.109375
680500,281.234241312695,0.0,0.1875,0.171875
680600,281.7162331131376,0.0,0.125,0.140625
680700,282.2007309289554,0.0,0.1875,0.140625
680800,282.8016015178224,0.0,0.125,0.125
680900,283.38699834488216,0.0,0.1875,0.15625
681000,284.05766560397774,0.0,0.1875,0.078125
681100,284.56810955359384,0.0,0.25,0.21875
681200,284.66601728305176,0.0,0.25,0.203125
681300,285.37413815684636,0.0,0.125,0.21875
681400,285.71036362124056,0.0,0.1875,0.171875
681500,286.0183732475237,0.0,0.1875,0.234375
681600,286.4085685134407,0.0,0.0625,0.1875
681700,286.84833292289335,0.0,0.25,0.234375
681800,287.3300140850331,0.0,0.0625,0.15625
681900,287.6590616944304,0.0,0.25,0.1875
682000,287.9196185877267,0.0,0.125,0.125
682100,288.2691475217207,0.0,0.125,0.171875
682200,288.89491030037567,0.0,0.1875,0.171875
682300,289.2035185826098,0.0,0.125,0.125
682400,289.7338798999328,0.0,0.1875,0.15625
682500,290.0504596403443,0.0,0.125,0.140625
682600,290.4564583040301,0.0,0.1875,0.296875
682700,290.8119938621658,0.0,0.1875,0.171875
682800,291.0870265947493,0.0,0.125,0.171875
682900,291.39733111401745,0.0,0.1875,0.15625
683000,292.0088683227616,0.0,0.1875,0.15625
683100,292.37912353694134,0.0,0.3125,0.21875
683200,292.9380168588553,0.0,0.25,0.125
683300,293.25271653393713,0.0,0.1875,0.09375
683400,293.53472820118316,0.0,0.125,0.109375
683500,293.83117557328757,0.0,0.25,0.203125
683600,294.2017924179278,0.0,0.25,0.125
683700,294.41253517227625,0.0,0.1875,0.109375
683800,294.707958425996,0.0,0.25,0.140625
683900,295.044694540033,0.0,0.125,0.109375
684000,295.38164356611094,0.0,0.125,0.234375
684100,295.66989086505606,0.0,0.25,0.171875
684200,295.86154808980393,0.0,0.1875,0.171875
684300,296.05398892303714,0.0,0.125,0.171875
684400,296.1966815475204,0.0,0.25,0.203125
684500,296.41465889357886,0.0,0.25,0.171875
684600,296.69407095171385,0.0,0.25,0.15625
684700,296.9636869498521,0.0,0.125,0.15625
684800,297.21949907919424,0.0,0.1875,0.1875
684900,297.3935894909874,0.0,0.25,0.1875
685000,297.5127648558016,0.0,0.1875,0.109375
685100,297.75622359743846,0.0,0.25,0.109375
685200,297.96933378514825,0.0,0.1875,0.140625
685300,298.0832133763713,0.0,0.1875,0.21875
685400,298.2119337571708,0.0,0.3125,0.125
685500,298.3128131763499,0.0,0.25,0.203125
685600,298.48943082526614,0.0,0.1875,0.15625
685700,298.7031982548917,0.0,0.125,0.171875
685800,298.84264002569137,0.0,0.1875,0.1875
685900,298.9952811087113,0.0,0.1875,0.109375
686000,299.0854511199136,0.0,0.1875,0.171875
686100,299.2902469843336,0.0,0.1875,0.203125
686200,299.4269517837491,0.0,0.1875,0.125
686300,299.60984965147725,0.0,0.25,0.140625
686400,299.76941736745584,0.0,0.25,0.125
686500,300.04610178442084,0.0,0.1875,0.125
686600,300.29115512986306,0.0,0.1875,0.21875
686700,300.473128680311,0.0,0.25,0.171875
686800,300.66335373517023,0.0,0.3125,0.140625
686900,300.8874095382294,0.0,0.1875,0.171875
687000,301.0447633463338,0.0,0.1875,0.140625
687100,301.2123144934324,0.0,0.1875,0.109375
687200,301.3335683438336,0.0,0.125,0.09375
687300,301.4445979192753,0.0,0.125,0.140625
687400,301.60506374752845,0.0,0.25,0.078125
687500,301.8041020915957,0.0,0.1875,0.15625
687600,301.95747897165955,0.0,0.25,0.25
687700,302.1453939429325,0.0,0.1875,0.125
687800,302.3667457095061,0.0,0.25,0.15625
687900,302.58950784012126,0.0,0.25,0.1875
688000,302.7949463500562,0.0,0.25,0.109375
688100,302.90155466931134,0.0,0.25,0.171875
688200,303.0954878339115,0.0,0.1875,0.171875
688300,303.3102037034255,0.0,0.25,0.15625
688400,303.4352636687232,0.0,0.1875,0.171875
688500,303.63643217169084,0.0,0.25,0.15625
688600,303.8313738035927,0.0,0.1875,0.09375
688700,303.8633505726452,0.0,0.1875,0.15625
688800,304.17288618974266,0.0,0.25,0.203125
688900,304.3105395988507,0.0,0.1875,0.15625
689000,304.39213565483874,0.0,0.1875,0.140625
689100,304.4785847444612,0.0,0.1875,0.109375
689200,304.60966799443827,0.0,0.1875,0.140625
689300,304.7587560713346,0.0,0.1875,0.15625
689400,304.9246768835335,0.0,0.1875,0.171875
689500,305.14928325164266,0.0,0.1875,0.203125
689600,305.40279553337757,0.0,0.1875,0.125
689700,305.6240978027107,0.0,0.25,0.21875
689800,305.7833450282103,0.0,0.3125,0.203125
689900,305.9620625615021,0.0,0.1875,0.09375
690000,306.1608800334354,0.0,0.25,0.21875
690100,306.2483354096268,0.0,0.1875,0.1875
690200,306.5282246098523,0.0,0.1875,0.125
690300,306.6893496611118,0.0,0.125,0.15625
690400,306.8492663701615,0.0,0.25,0.15625
690500,306.9634623881608,0.0,0.1875,0.125
690600,307.19113437300297,0.0,0.125,0.15625
690700,307.3068245138401,0.0,0.25,0.265625
690800,307.4146854407746,0.0,0.1875,0.0625
690900,307.5807169394463,0.0,0.1875,0.125
691000,307.7871470997926,0.0,0.1875,0.09375
691100,308.0241118071778,0.0,0.25,0.203125
691200,308.2136637081939,0.0,0.25,0.1875
691300,308.32349488321836,0.0,0.1875,0.171875
691400,308.49238349307535,0.0,0.25,0.15625
691500,308.6774466421973,0.0,0.1875,0.203125
691600,308.8287621902697,0.0,0.25,0.15625
691700,308.90701237731395,0.0,0.1875,0.21875
691800,309.15684831941036,0.0,0.125,0.109375
691900,309.29724878355313,0.0,0.125,0.125
692000,309.4262648471777,0.0,0.25,0.09375
692100,309.4858512162439,0.0,0.25,0.1875
692200,309.56127405509284,0.0,0.1875,0.140625
692300,309.91763602617823,0.0,0.25,0.140625
692400,310.07715610088263,0.0,0.25,0.140625
692500,310.16351122211296,0.0,0.25,0.234375
692600,310.3949979886061,0.0,0.25,0.1875
692700,310.5070744931616,0.0,0.25,0.109375
692800,310.6187571398812,0.0,0.1875,0.21875
692900,310.76294218068483,0.0,0.1875,0.21875
693000,310.84250876803014,0.0,0.25,0.125
693100,310.9423662974848,0.0,0.25,0.234375
693200,311.113973625041,0.0,0.1875,0.234375
693300,311.17632930256883,0.0,0.1875,0.15625
693400,311.2554756800532,0.0,0.1875,0.09375
693500,311.3252439305824,0.0,0.1875,0.234375
693600,311.4959316529999,0.0,0.1875,0.125
693700,311.74570666896,0.0,0.1875,0.140625
693800,311.8704156009532,0.0,0.1875,0.171875
693900,312.0173509017141,0.0,0.1875,0.125
694000,312.2264064042765,0.0,0.25,0.21875
694100,312.3596944091059,0.0,0.25,0.21875
694200,312.5598849893903,0.0,0.125,0.125
694300,312.6077114832737,0.0,0.1875,0.140625
694400,312.7531638177007,0.0,0.1875,0.078125
694500,312.9289233839368,0.0,0.1875,0.25
694600,313.0545798399631,0.0,0.1875,0.171875
694700,313.2209890671748,0.0,0.25,0.203125
694800,313.39988126546695,0.0,0.1875,0.203125
694900,313.5164461678856,0.0,0.1875,0.265625
695000,313.62096919298295,0.0,0.125,0.140625
695100,313.76225205783743,0.0,0.1875,0.171875
695200,313.82289947981303,0.0,0.1875,0.171875
695300,313.940261577344,0.0,0.1875,0.1875
695400,314.0304320204205,0.0,0.125,0.046875
695500,314.1626566288849,0.0,0.1875,0.1875
695600,314.31567534666283,0.0,0.25,0.328125
695700,314.509799750396,0.0,0.1875,0.234375
695800,314.67547286133856,0.0,0.1875,0.1875
695900,314.85866589803436,0.0,0.1875,0.296875
696000,315.0394817907579,0.0,0.1875,0.1875
696100,315.24370363817815,0.0,0.125,0.140625
696200,315.3268031899129,0.0,0.1875,0.21875
696300,315.47793224962885,0.0,0.25,0.1875
696400,315.63307819810933,0.0,0.25,0.171875
696500,315.7517385473611,0.0,0.25,0.1875
696600,315.86576168605546,0.0,0.1875,0.265625
696700,315.99435151589813,0.0,0.125,0.21875
696800,316.18159444377034,0.0,0.125,0.15625
696900,316.3005424252478,0.0,0.1875,0.1875
697000,316.4555844546224,0.0,0.25,0.265625
697100,316.5745078696521,0.0,0.25,0.28125
697200,316.78557815521725,0.0,0.25,0.171875
697300,316.9582047743255,0.0,0.1875,0.21875
697400,317.1195591038288,0.0,0.25,0.28125
697500,317.2470793050712,0.0,0.125,0.203125
697600,317.34750809355705,0.0,0.25,0.25
697700,317.45815116457754,0.0,0.1875,0.1875
697800,317.5328412170946,0.0,0.125,0.1875
697900,317.70750542647767,0.0,0.125,0.25
698000,317.8388067977362,0.0,0.25,0.21875
698100,317.97261605939724,0.0,0.1875,0.21875
698200,318.14276510731645,0.0,0.125,0.203125
698300,318.3582462814981,0.0,0.125,0.203125
698400,318.5170533915853,0.0,0.125,0.203125
698500,318.62559253009067,0.0,0.1875,0.203125
698600,318.89826987216907,0.0,0.1875,0.125
698700,319.0069866536884,0.0,0.1875,0.234375
698800,319.164158437186,0.0,0.1875,0.25
698900,319.2712412918237,0.0,0.125,0.140625
699000,319.4453196260414,0.0,0.1875,0.21875
699100,319.54247490020896,0.0,0.1875,0.28125
699200,319.7362043306375,0.0,0.1875,0.21875
699300,319.9105316338193,0.0,0.1875,0.296875
699400,320.105277656157,0.0,0.125,0.328125
699500,320.15892800241323,0.0,0.1875,0.1875
699600,320.23292934125215,0.0,0.25,0.265625
699700,320.35088076686804,0.0,0.1875,0.171875
699800,320.56510772454294,0.0,0.25,0.296875
699900,320.7365897815905,0.0,0.1875,0.28125
700000,329.6714884890093,0.0,0.1875,0.328125
700100,330.9629751441088,0.0,0.125,0.265625
700200,332.97875181030366,0.0,0.1875,0.1875
700300,334.04485468804023,0.0,0.125,0.328125
700400,335.2701875493678,0.0,0.125,0.203125
700500,336.1220029587612,0.0,0.25,0.328125
700600,337.2040734415674,0.0,0.1875,0.203125
700700,338.79631745907164,0.0,0.125,0.34375
700800,339.80066738366276,0.0,0.1875,0.3125
700900,341.63726855831754,0.0,0.125,0.28125
701000,343.4513550539481,0.0,0.1875,0.21875
701100,345.3656647526385,0.0,0.125,0.25
701200,346.8979159018139,0.0,0.125,0.21875
701300,349.01671604551547,0.0,0.125,0.203125
701400,351.14997544399046,0.0,0.125,0.265625
701500,352.7970547366824,0.0,0.1875,0.171875
701600,355.63148158024694,0.0,0.1875,0.234375
701700,357.61868192260357,0.0,0.25,0.296875
701800,360.6980015889352,0.0,0.25,0.28125
701900,364.0138056079631,0.0,0.25,0.265625
702000,366.6111412306692,0.0,0.25,0.234375
702100,368.5569886244882,0.0,0.1875,0.296875
702200,371.87195813816885,0.0,0.1875,0.203125
702300,374.67804681813067,0.0,0.125,0.234375
702400,377.396079881428,0.0,0.1875,0.21875
702500,380.25864415329494,0.0,0.25,0.265625
702600,381.9615338883055,0.0,0.125,0.25
702700,383.65987604323345,0.0,0.1875,0.234375
702800,385.3546877858363,0.0,0.1875,0.28125
702900,386.73736976181124,0.0,0.1875,0.1875
703000,388.0389182732562,0.0,0.125,0.25
703100,389.6349294548335,0.0,0.1875,0.28125
703200,390.5284757153865,0.0,0.1875,0.25
703300,391.18063744665,0.0,0.1875,0.171875
703400,392.2422202089737,0.0,0.1875,0.25
703500,392.8961961948474,0.0,0.125,0.296875
703600,393.35531762040074,0.0,0.1875,0.25
703700,394.12670925061684,0.0,0.1875,0.28125
703800,394.3921775048756,0.0,0.125,0.25
703900,394.7171590869654,0.0,0.25,0.25
704000,395.51696075486285,0.0,0.125,0.171875
704100,396.0176473463461,0.0,0.1875,0.296875
704200,396.498195185553,0.0,0.125,0.234375
704300,396.8486256317442,0.0,0.125,0.234375
704400,397.3296726724639,0.0,0.1875,0.203125
704500,397.78622398619405,0.0,0.125,0.34375
704600,398.4997244211745,0.0,0.1875,0.296875
704700,399.12359355687664,0.0,0.1875,0.28125
704800,399.6706961171866,0.0,0.1875,0.265625
704900,400.4327146178218,0.0,0.125,0.21875
705000,400.9129486686696,0.0,0.1875,0.3125
705100,401.3396970889816,0.0,0.25,0.21875
705200,402.21169612299695,0.0,0.1875,0.28125
705300,402.75762150728127,0.0,0.25,0.28125
705400,403.0415023296191,0.0,0.1875,0.34375
705500,403.2688304435436,0.0,0.25,0.3125
705600,403.61388105142163,0.0,0.1875,0.25
705700,403.9157114659149,0.0,0.25,0.453125
705800,404.36493591049003,0.0,0.1875,0.3125
705900,404.6772386474964,0.0,0.1875,0.21875
706000,404.95320812929276,0.0,0.1875,0.28125
706100,405.5731899254893,0.0,0.1875,0.359375
706200,406.0391928406473,0.0,0.1875,0.328125
706300,406.3181256249361,0.0,0.125,0.234375
706400,406.6119668425918,0.0,0.125,0.28125
706500,407.0956428391521,0.0,0.1875,0.328125
706600,407.32033641517614,0.0,0.25,0.234375
706700,408.07171736651475,0.0,0.1875,0.171875
706800,408.29673406079877,0.0,0.25,0.375
706900,408.7108829390716,0.0,0.1875,0.265625
707000,408.95216247328267,0.0,0.125,0.3125
707100,409.29103607886896,0.0,0.125,0.15625
707200,409.5572063661397,0.0,0.1875,0.25
707300,409.94865365068347,0.0,0.1875,0.171875
707400,410.3602963895496,0.0,0.1875,0.1875
707500,410.67630579930403,0.0,0.25,0.203125
707600,410.81934035310366,0.0,0.1875,0.265625
707700,411.23387791112407,0.0,0.25,0.1875
707800,411.58483444077456,0.0,0.25,0.359375
707900,411.7404467513656,0.0,0.1875,0.296875
708000,412.10162754743925,0.0,0.1875,0.265625
708100,412.427332622417,0.0,0.1875,0.203125
708200,412.6895799283833,0.0,0.125,0.3125
708300,412.86518219183387,0.0,0.25,0.265625
708400,413.03830528116185,0.0,0.125,0.203125
708500,413.2306315328558,0.0,0.25,0.25
708600,413.4776867434949,0.0,0.125,0.265625
708700,413.73457220537375,0.0,0.1875,0.3125
708800,413.9487242277958,0.0,0.25,0.25
708900,414.1831521751154,0.0,0.1875,0.3125
709000,414.43791091857264,0.0,0.25,0.28125
709100,414.64964386885674,0.0,0.1875,0.234375
709200,414.8490966378147,0.0,0.1875,0.234375
709300,414.9731558300995,0.0,0.125,0.265625
709400,415.1400036067547,0.0,0.1875,0.328125
709500,415.2976881200226,0.0,0.1875,0.328125
709600,415.4245855590499,0.0,0.125,0.21875
709700,415.6503220429766,0.0,0.125,0.265625
709800,415.90802700410956,0.0,0.1875,0.296875
709900,416.12057252116824,0.0,0.1875,0.375
710000,416.22373687025566,0.0,0.25,0.28125
710100,416.4180348231931,0.0,0.1875,0.34375
710200,416.66131955307765,0.0,0.1875,0.265625
710300,416.8978472598343,0.0,0.125,0.3125
710400,417.0577661800412,0.0,0.1875,0.1875
710500,417.21187462982715,0.0,0.1875,0.375
710600,417.3782809019264,0.0,0.25,0.25
710700,417.4994118436216,0.0,0.1875,0.375
710800,417.7050991469751,0.0,0.1875,0.25
710900,417.81177979707394,0.0,0.25,0.265625
711000,417.86888470852364,0.0,0.1875,0.1875
711100,418.0164275140472,0.0,0.1875,0.296875
711200,418.1107914720434,0.0,0.1875,0.28125
711300,418.19339550519305,0.0,0.125,0.3125
711400,418.3667782606049,0.0,0.1875,0.34375
711500,418.5302722803457,0.0,0.25,0.28125
711600,418.59442734760523,0.0,0.125,0.25
711700,418.68689970062184,0.0,0.1875,0.359375
711800,418.8142432427578,0.0,0.125,0.328125
711900,418.9206478014221,0.0,0.1875,0.3125
712000,419.00765350233695,0.0,0.125,0.359375
712100,419.14793133673874,0.0,0.1875,0.3125
712200,419.2034110358163,0.0,0.25,0.375
712300,419.2616867263099,0.0,0.1875,0.234375
712400,419.5053254404577,0.0,0.1875,0.328125
712500,419.6253886138685,0.0,0.125,0.421875
712600,419.711167137953,0.0,0.125,0.390625
712700,419.87664319183415,0.0,0.1875,0.25
712800,419.9760554011709,0.0,0.1875,0.28125
712900,420.05240100757266,0.0,0.125,0.203125
713000,420.2361546015975,0.0,0.1875,0.40625
713100,420.4515825349908,0.0,0.125,0.3125
713200,420.5210108303321,0.0,0.1875,0.265625
713300,420.63179593838555,0.0,0.1875,0.3125
713400,420.7266901240091,0.0,0.125,0.265625
713500,420.7987132162332,0.0,0.125,0.296875
713600,420.8619545969531,0.0,0.1875,0.296875
713700,421.1029235845653,0.0,0.125,0.421875
713800,421.1618557513749,0.0,0.125,0.359375
713900,421.2904106432444,0.0,0.125,0.328125
714000,421.45347349378824,0.0,0.1875,0.359375
714100,421.6762152663655,0.0,0.125,0.328125
714200,421.9131769967361,0.0,0.125,0.421875
714300,422.0129608135448,0.0,0.125,0.328125
714400,422.0631610494323,0.0,0.125,0.265625
714500,422.2390927225286,0.0,0.25,0.359375
714600,422.33942336083004,0.0,0.125,0.3125
714700,422.3712325873188,0.0,0.1875,0.296875
714800,422.4378731114895,0.0,0.1875,0.328125
714900,422.45378648246543,0.0,0.125,0.34375
715000,422.6226847217096,0.0,0.1875,0.328125
715100,422.7020401982573,0.0,0.125,0.359375
715200,422.7391735544377,0.0,0.1875,0.234375
715300,422.8827090569959,0.0,0.1875,0.296875
715400,422.9543915227254,0.0,0.1875,0.28125
715500,423.0828560138739,0.0,0.1875,0.375
715600,423.15834668965937,0.0,0.125,0.390625
715700,423.19957202039427,0.0,0.1875,0.3125
715800,423.2438064512238,0.0,0.1875,0.34375
715900,423.3573423393017,0.0,0.125,0.296875
716000,423.427497047885,0.0,0.125,0.265625
716100,423.5175329125781,0.0,0.125,0.390625
716200,423.6200147413363,0.0,0.125,0.328125
716300,423.7014854835856,0.0,0.25,0.328125
716400,423.8100617280213,0.0,0.125,0.359375
716500,423.8896227536532,0.0,0.125,0.296875
716600,424.06856309059447,0.0,0.1875,0.40625
716700,424.26622717383316,0.0,0.125,0.34375
716800,424.3618721654342,0.0,0.1875,0.265625
716900,424.4139346823288,0.0,0.125,0.296875
717000,424.4575130452372,0.0,0.125,0.1875
717100,424.5341877925433,0.0,0.25,0.3125
717200,424.58128523605245,0.0,0.1875,0.234375
717300,424.7188432839231,0.0,0.125,0.390625
717400,424.7677211974827,0.0,0.25,0.375
717500,424.8373646294227,0.0,0.125,0.390625
717600,424.94804114016534,0.0,0.125,0.296875
717700,424.98238696002875,0.0,0.1875,0.375
717800,425.0159614413384,0.0,0.25,0.3125
717900,425.1004203114056,0.0,0.125,0.40625
718000,425.2225488697165,0.0,0.125,0.53125
718100,425.27809128647624,0.0,0.125,0.3125
718200,425.3763016661839,0.0,0.125,0.4375
718300,425.5068670063041,0.0,0.125,0.203125
718400,425.58347618049146,0.0,0.25,0.21875
718500,425.74983147812117,0.0,0.1875,0.40625
718600,425.9278689514568,0.0,0.1875,0.359375
718700,426.03473842319045,0.0,0.1875,0.375
718800,426.1490629600198,0.0,0.25,0.421875
718900,426.4399237946519,0.0,0.125,0.390625
719000,426.58526924475575,0.0,0.125,0.421875
719100,426.7208222882077,0.0,0.1875,0.359375
719200,426.7981205657954,0.0,0.1875,0.46875
719300,426.88482450667215,0.0,0.25,0.328125
719400,426.99057618886866,0.0,0.1875,0.234375
719500,427.1532720977542,0.0,0.125,0.359375
719600,427.189222681541,0.0,0.125,0.390625
719700,427.41340452784823,0.0,0.125,0.328125
719800,427.64632947377316,0.0,0.25,0.4375
719900,427.74963797317974,0.0,0.1875,0.5
720000,427.8468726302967,0.0,0.125,0.375
720100,427.9478523470767,0.0,0.1875,0.34375
720200,428.07661863044746,0.0,0.125,0.40625
720300,428.1547005400156,0.0,0.1875,0.546875
720400,428.2316648999271,0.0,0.125,0.34375
720500,429.0930006999903,0.0,0.125,0.421875
720600,429.2458538523943,0.0,0.1875,0.40625
720700,429.4111231935083,0.0,0.125,0.375
720800,429.4869669307325,0.0,0.125,0.46875
720900,429.71743159475113,0.0,0.125,0.421875
721000,429.79779445668225,0.0,0.125,0.484375
721100,429.9362863892669,0.0,0.1875,0.40625
721200,430.0557258798917,0.0,0.25,0.453125
721300,430.1409744741857,0.0,0.1875,0.4375
721400,430.23870944044614,0.0,0.125,0.375
721500,430.3596108972639,0.0,0.1875,0.4375
721600,430.41054131324313,0.0,0.1875,0.5
721700,430.51393709854193,0.0,0.125,0.4375
721800,430.6139996237026,0.0,0.1875,0.421875
721900,430.7968365852472,0.0,0.25,0.4375
722000,430.8372333200293,0.0,0.1875,0.359375
722100,430.92907130004494,0.0,0.1875,0.46875
722200,431.00484519422884,0.0,0.125,0.421875
722300,431.10789691930006,0.0,0.1875,0.375
722400,431.2432055569116,0.0,0.1875,0.4375
722500,431.2890057720635,0.0,0.125,0.359375
722600,431.59541749762,0.0,0.1875,0.453125
722700,431.7140698311247,0.0,0.1875,0.421875
722800,431.853854099514,0.0,0.1875,0.34375
722900,431.9419505250313,0.0,0.125,0.4375
723000,432.084618153597,0.0,0.125,0.375
723100,432.21487214522574,0.0,0.125,0.375
723200,432.44946957684687,0.0,0.125,0.390625
723300,432.54002189621536,0.0,0.125,0.46875
723400,432.66695537025817,0.0,0.25,0.3125
723500,432.7959392067462,0.0,0.125,0.4375
723600,432.82876062054106,0.0,0.125,0.40625
723700,433.0658826245052,0.0,0.25,0.484375
723800,433.36919389042555,0.0,0.125,0.46875
723900,433.48519075922167,0.0,0.125,0.546875
724000,433.55874077850115,0.0,0.1875,0.375
724100,433.6357095965085,0.0,0.1875,0.546875
724200,433.6740052337209,0.0,0.125,0.453125
724300,433.71892372963424,0.0,0.1875,0.5
724400,433.89309010029706,0.0,0.1875,0.484375
724500,433.95298491712816,0.0,0.1875,0.390625
724600,434.0406887275423,0.0,0.1875,0.46875
724700,434.1007459894859,0.0,0.125,0.4375
724800,434.1582556387207,0.0,0.0625,0.46875
724900,434.20095005094186,0.0,0.1875,0.53125
725000,232.98015645511498,0.0,0.125,0.375
725100,233.67307292369372,0.0,0.1875,0.453125
725200,234.33633372773988,0.0,0.125,0.578125
725300,234.79153495882093,0.0,0.125,0.4375
725400,235.3706953503857,0.0,0.125,0.3125
725500,235.8848132666943,0.0,0.1875,0.59375
725600,236.84122329783594,0.0,0.125,0.4375
725700,237.4042419874535,0.0,0.25,0.640625
725800,238.23950057045866,0.0,0.125,0.46875
725900,238.85391697753212,0.0,0.125,0.515625
726000,239.70560139547337,0.0,0.1875,0.484375
726100,240.2337837070189,0.0,0.125,0.375
726200,240.86650359167655,0.0,0.125,0.421875
726300,241.44173682386693,0.0,0.125,0.484375
726400,242.07811459010975,0.0,0.25,0.59375
726500,242.7379173118987,0.0,0.125,0.5625
726600,243.5816552109627,0.0,0.1875,0.484375
726700,244.7035327732948,0.0,0.1875,0.3125
726800,245.46313689411187,0.0,0.125,0.375
726900,246.2128770433077,0.0,0.125,0.546875
727000,247.28533960746216,0.0,0.1875,0.421875
727100,248.18312065741475,0.0,0.1875,0.59375
727200,249.3500285153093,0.0,0.1875,0.40625
727300,250.72870177500351,0.0,0.1875,0.546875
727400,251.6883453813673,0.0,0.1875,0.5
727500,252.88200009014017,0.0,0.1875,0.625
727600,254.45631903162723,0.0,0.1875,0.5
727700,255.7270053810904,0.0,0.1875,0.5625
727800,257.4053945662853,0.0,0.125,0.421875
727900,259.2133701538783,0.0,0.1875,0.375
728000,261.166373525532,0.0,0.125,0.375
728100,262.61953816577477,0.0,0.125,0.484375
728200,264.1579464187968,0.0,0.125,0.40625
728300,265.612226305499,0.0,0.1875,0.5
728400,266.90524470334145,0.0,0.25,0.640625
728500,267.64177275327717,0.0,0.1875,0.53125
728600,268.5944687247301,0.0,0.1875,0.484375
728700,269.576888460257,0.0,0.1875,0.515625
728800,270.2818609707749,0.0,0.1875,0.359375
728900,271.1063827248835,0.0,0.1875,0.5
729000,272.39496432817907,0.0,0.125,0.53125
729100,273.76280131955104,0.0,0.125,0.546875
729200,275.8322703866064,0.0,0.125,0.578125
729300,279.36987766781476,0.0,0.125,0.453125
729400,282.17044504522465,0.0,0.125,0.46875
729500,286.67410162050055,0.0,0.125,0.5625
729600,291.52385164935373,0.0,0.25,0.484375
729700,296.77674238659114,0.0,0.1875,0.578125
729800,298.9498631464096,0.0,0.25,0.40625
729900,301.69219213522393,0.0,0.25,0.515625
730000,303.8507525022462,0.0,0.25,0.515625
730100,305.6240276670138,0.0,0.125,0.453125
730200,306.52418211288744,0.0,0.125,0.359375
730300,306.97950033061767,0.0,0.125,0.421875
730400,307.5226774311789,0.0,0.125,0.46875
730500,308.0044414901179,0.0,0.1875,0.515625
730600,308.47418258834506,0.0,0.1875,0.421875
730700,309.0936611923665,0.0,0.1875,0.46875
730800,309.71947881580735,0.0,0.1875,0.46875
730900,310.18267720142296,0.0,0.1875,0.65625
731000,310.6242059840704,0.0,0.125,0.515625
731100,310.8483065824831,0.0,0.125,0.421875
731200,311.3206779835383,0.0,0.125,0.40625
731300,311.76728280450374,0.0,0.125,0.75
731400,312.2645227740117,0.0,0.125,0.546875
731500,312.61659983018114,0.0,0.1875,0.625
731600,312.98790761012,0.0,0.125,0.578125
731700,313.36247809528487,0.0,0.0625,0.515625
731800,313.7517262485105,0.0,0.25,0.359375
731900,314.1614593794686,0.0,0.1875,0.359375
732000,314.44509145479867,0.0,0.125,0.484375
732100,314.86402843119873,0.0,0.1875,0.46875
732200,315.05970687658237,0.0,0.1875,0.53125
732300,315.35466746404757,0.0,0.125,0.484375
732400,315.60383909323764,0.0,0.1875,0.5
732500,315.8752361394625,0.0,0.1875,0.5
732600,316.19736070965706,0.0,0.1875,0.53125
732700,316.4972389765832,0.0,0.1875,0.421875
732800,316.82761862770275,0.0,0.1875,0.5
732900,317.2198194801659,0.0,0.125,0.515625
733000,317.4708120011097,0.0,0.1875,0.46875
733100,317.64474261828406,0.0,0.125,0.5
733200,317.8790408278135,0.0,0.1875,0.453125
733300,318.14580154481865,0.0,0.25,0.53125
733400,318.3479645072881,0.0,0.1875,0.390625
733500,318.762319762776,0.0,0.1875,0.53125
733600,318.9416411493923,0.0,0.125,0.421875
733700,319.2601237975011,0.0,0.125,0.421875
733800,319.4347520130751,0.0,0.25,0.53125
733900,319.7739061880405,0.0,0.125,0.296875
734000,319.99317820382015,0.0,0.1875,0.484375
734100,320.39934112436976,0.0,0.125,0.484375
734200,320.88185729415005,0.0,0.1875,0.375
734300,321.1282886555154,0.0,0.125,0.453125
734400,321.45358773037066,0.0,0.1875,0.4375
734500,321.7204293793873,0.0,0.1875,0.46875
734600,322.0232173820433,0.0,0.125,0.53125
734700,322.3970185349181,0.0,0.1875,0.546875
734800,322.61348602933396,0.0,0.1875,0.5
734900,322.9610956282054,0.0,0.125,0.546875
735000,323.3786032630891,0.0,0.1875,0.515625
735100,323.75232425585244,0.0,0.1875,0.421875
735200,324.2461946441656,0.0,0.125,0.46875
735300,324.3802528300686,0.0,0.1875,0.4375
735400,324.58639515775536,0.0,0.125,0.5
735500,324.8819237651317,0.0,0.0625,0.421875
735600,325.1498394405877,0.0,0.1875,0.46875
735700,325.3636346193728,0.0,0.1875,0.53125
735800,325.69851210354915,0.0,0.125,0.5
735900,325.9059971841401,0.0,0.1875,0.421875
736000,326.09045883274877,0.0,0.25,0.421875
736100,326.2976052573026,0.0,0.25,0.484375
736200,326.54282033237854,0.0,0.1875,0.34375
736300,326.8886063142773,0.0,0.25,0.578125
736400,327.19116841968787,0.0,0.1875,0.515625
736500,327.46011601701844,0.0,0.1875,0.421875
736600,327.7243879720095,0.0,0.1875,0.375
736700,328.13244580972594,0.0,0.125,0.4375
736800,328.33108290310406,0.0,0.125,0.34375
736900,328.65448903830463,0.0,0.25,0.421875
737000,328.9813253994252,0.0,0.1875,0.40625
737100,329.26752045062665,0.0,0.1875,0.4375
737200,329.59915853951543,0.0,0.125,0.484375
737300,330.07644913383183,0.0,0.125,0.46875
737400,330.24393913643024,0.0,0.1875,0.453125
737500,330.56401106552244,0.0,0.125,0.515625
737600,330.7434371868254,0.0,0.125,0.46875
737700,331.2052217674233,0.0,0.1875,0.390625
737800,331.4558602811623,0.0,0.25,0.46875
737900,331.82206401931865,0.0,0.125,0.546875
738000,332.19476028039395,0.0,0.1875,0.40625
738100,332.3975516181876,0.0,0.125,0.359375
738200,332.6938725621715,0.0,0.1875,0.53125
738300,333.10746589784617,0.0,0.25,0.546875
738400,333.4885666841169,0.0,0.1875,0.359375
738500,333.97905898851053,0.0,0.125,0.265625
738600,334.2690159198167,0.0,0.125,0.484375
738700,334.8539981046726,0.0,0.25,0.53125
738800,335.4107343745735,0.0,0.25,0.390625
738900,335.7583774018704,0.0,0.1875,0.328125
739000,335.9069948712182,0.0,0.125,0.46875
739100,336.25706757450956,0.0,0.25,0.484375
739200,336.4945418807145,0.0,0.125,0.40625
739300,337.0438886177865,0.0,0.125,0.375
739400,337.43636850319587,0.0,0.125,0.34375
739500,337.75978097958637,0.0,0.0625,0.328125
739600,338.09401671689875,0.0,0.1875,0.375
739700,338.5445090559733,0.0,0.125,0.390625
739800,338.8873796590737,0.0,0.1875,0.375
739900,339.1655593593086,0.0,0.125,0.40625
740000,339.66600036154915,0.0,0.1875,0.40625
740100,339.88410865419576,0.0,0.25,0.453125
740200,340.3612954579941,0.0,0.125,0.359375
740300,340.73412549680984,0.0,0.1875,0.3125
740400,341.57883030832556,0.0,0.1875,0.34375
740500,341.9060953854704,0.0,0.125,0.3125
740600,342.1586407422263,0.0,0.125,0.234375
740700,342.61794226701574,0.0,0.1875,0.421875
740800,343.15026842491653,0.0,0.125,0.3125
740900,343.6535621725429,0.0,0.1875,0.40625
741000,344.1867911283311,0.0,0.1875,0.390625
741100,344.3544925516669,0.0,0.125,0.359375
741200,344.9731189544843,0.0,0.0625,0.4375
741300,345.4599085271989,0.0,0.0625,0.421875
741400,345.6815151234237,0.0,0.1875,0.40625
741500,346.1360325559691,0.0,0.0625,0.375
741600,346.661536794224,0.0,0.125,0.375
741700,347.02108869958244,0.0,0.125,0.25
741800,347.4549920545636,0.0,0.1875,0.4375
741900,347.8512115769294,0.0,0.1875,0.390625
742000,348.2167432798976,0.0,0.125,0.4375
742100,348.54036513402946,0.0,0.125,0.4375
742200,349.11684551857195,0.0,0.1875,0.390625
742300,349.7599971208574,0.0,0.25,0.46875
742400,350.2481281360578,0.0,0.1875,0.46875
742500,350.5600498909884,0.0,0.1875,0.25
742600,350.8180192545257,0.0,0.25,0.234375
742700,351.13342026221477,0.0,0.25,0.328125
742800,351.7825657035335,0.0,0.1875,0.453125
742900,352.3139173155329,0.0,0.1875,0.375
743000,352.5817801965665,0.0,0.125,0.4375
743100,352.99117269463545,0.0,0.1875,0.359375
743200,353.4965641415469,0.0,0.1875,0.390625
743300,353.78616770966136,0.0,0.1875,0.421875
743400,353.95155977966664,0.0,0.125,0.375
743500,354.22269525577786,0.0,0.1875,0.328125
743600,354.54564179005575,0.0,0.0625,0.25
743700,354.7980265775303,0.0,0.125,0.34375
743800,355.2673317068732,0.0,0.1875,0.375
743900,355.5724644542419,0.0,0.125,0.328125
744000,356.2433643616395,0.0,0.125,0.390625
744100,356.6576792945989,0.0,0.0625,0.28125
744200,357.16767432234553,0.0,0.125,0.34375
744300,357.6384834938725,0.0,0.125,0.296875
744400,357.79994736286943,0.0,0.1875,0.34375
744500,358.10723873148646,0.0,0.125,0.34375
744600,358.4167028615638,0.0,0.125,0.359375
744700,358.7911165380444,0.0,0.125,0.296875
744800,359.1207802511088,0.0,0.25,0.34375
744900,359.28505342830556,0.0,0.125,0.34375
745000,359.77141892558785,0.0,0.125,0.40625
745100,359.9759071144143,0.0,0.1875,0.421875
745200,360.2217166340307,0.0,0.1875,0.328125
745300,360.5251179979123,0.0,0.1875,0.3125
745400,360.8005344358521,0.0,0.125,0.3125
745500,361.40088304023857,0.0,0.25,0.34375
745600,361.880319842938,0.0,0.125,0.375
745700,362.2550784012909,0.0,0.1875,0.5
745800,362.7250816619982,0.0,0.1875,0.453125
745900,363.07939523882106,0.0,0.125,0.34375
746000,363.275557938019,0.0,0.1875,0.328125
746100,363.7941244752911,0.0,0.125,0.328125
746200,363.99984137654036,0.0,0.125,0.359375
746300,364.371840721306,0.0,0.1875,0.3125
746400,364.6924572311851,0.0,0.1875,0.34375
746500,365.1008789126324,0.0,0.125,0.34375
746600,365.5014012888316,0.0,0.125,0.296875
746700,366.0239069455142,0.0,0.1875,0.40625
746800,366.34638413894083,0.0,0.125,0.234375
746900,366.6749172352835,0.0,0.25,0.3125
747000,367.46386136786896,0.0,0.25,0.328125
747100,367.821082216196,0.0,0.125,0.34375
747200,368.49444087907176,0.0,0.125,0.359375
747300,368.7794583820449,0.0,0.125,0.421875
747400,369.1335443081912,0.0,0.125,0.25
747500,369.44819393940924,0.0,0.25,0.3125
747600,369.8781283978586,0.0,0.0625,0.3125
747700,370.4176141519671,0.0,0.25,0.3125
747800,370.846739779306,0.0,0.1875,0.34375
747900,371.22926471629285,0.0,0.0625,0.1875
748000,371.6492078980334,0.0,0.1875,0.265625
748100,371.93628444959904,0.0,0.125,0.359375
748200,372.3550759417032,0.0,0.125,0.328125
748300,372.8128350589704,0.0,0.1875,0.328125
748400,373.2031828192147,0.0,0.0625,0.265625
748500,373.52535906837,0.0,0.125,0.3125
748600,373.763377038874,0.0,0.125,0.328125
748700,374.0795621465242,0.0,0.125,0.40625
748800,374.5060474363578,0.0,0.1875,0.359375
748900,374.81593256123216,0.0,0.1875,0.234375
749000,375.0669170171714,0.0,0.1875,0.328125
749100,375.3412878822957,0.0,0.1875,0.3125
749200,375.637723721946,0.0,0.0625,0.21875
749300,376.01464912287906,0.0,0.1875,0.296875
749400,376.2988662103164,0.0,0.1875,0.3125
749500,376.46214342532954,0.0,0.25,0.3125
749600,376.80948525245327,0.0,0.1875,0.265625
749700,376.9962687545932,0.0,0.0625,0.34375
749800,377.25392465040295,0.0,0.1875,0.3125
749900,377.4978681301906,0.0,0.125,0.265625
750000,272.91306769804845,0.0,0.0625,0.203125
750100,274.7331495229909,0.0,0.0625,0.25
750200,277.88783610965027,0.0,0.25,0.296875
750300,279.23677024861666,0.0,0.1875,0.25
750400,280.70213790711233,0.0,0.1875,0.265625
750500,281.86925542683935,0.0,0.1875,0.296875
750600,283.94366368916013,0.0,0.0625,0.234375
750700,285.852973268825,0.0,0.1875,0.375
750800,287.4514936114858,0.0,0.1875,0.375
750900,288.42514856019426,0.0,0.1875,0.296875
751000,290.6209503077834,0.0,0.1875,0.1875
751100,291.8655015348766,0.0,0.1875,0.28125
751200,293.6875356751354,0.0,0.125,0.171875
751300,296.06954183941957,0.0,0.1875,0.28125
751400,297.8470265618728,0.0,0.1875,0.3125
751500,300.247702142929,0.0,0.125,0.328125
751600,301.8648802771011,0.0,0.1875,0.21875
751700,303.22910666308144,0.0,0.125,0.265625
751800,304.2468589630662,0.0,0.125,0.234375
751900,305.31642692056914,0.0,0.0625,0.1875
752000,306.4000331931118,0.0,0.25,0.375
752100,307.70160942146236,0.0,0.3125,0.328125
752200,308.6179577588532,0.0,0.125,0.265625
752300,309.6474714204144,0.0,0.125,0.265625
752400,310.6184655717166,0.0,0.0625,0.203125
752500,311.65282936403264,0.0,0.0625,0.3125
752600,312.0558017107454,0.0,0.125,0.296875
752700,312.5918289971136,0.0,0.1875,0.234375
752800,313.36120993198114,0.0,0.1875,0.1875
752900,314.19419639641575,0.0,0.1875,0.296875
753000,314.7844703441942,0.0,0.125,0.28125
753100,315.29409077676326,0.0,0.1875,0.28125
753200,315.84810842239216,0.0,0.1875,0.296875
753300,316.4403433808491,0.0,0.0625,0.21875
753400,316.9220054749013,0.0,0.1875,0.25
753500,317.5677155548388,0.0,0.0625,0.25
753600,318.541151819321,0.0,0.1875,0.265625
753700,319.18854812301856,0.0,0.125,0.265625
753800,319.63273621268473,0.0,0.1875,0.265625
753900,320.2893415431129,0.0,0.25,0.296875
754000,321.0648371116405,0.0,0.25,0.28125
754100,321.84002262864254,0.0,0.25,0.234375
754200,322.55743194969244,0.0,0.125,0.21875
754300,323.00542292677164,0.0,0.1875,0.34375
754400,323.2404133346937,0.0,0.1875,0.234375
754500,323.73028569600604,0.0,0.25,0.25
754600,324.0867662281677,0.0,0.1875,0.453125
754700,324.31110735215276,0.0,0.1875,0.28125
754800,324.66761978980094,0.0,0.25,0.328125
754900,325.08945555647136,0.0,0.125,0.171875
755000,325.6918249180546,0.0,0.1875,0.28125
755100,326.417604010517,0.0,0.25,0.375
755200,326.85432224505155,0.0,0.125,0.234375
755300,327.50015880859866,0.0,0.25,0.296875
755400,328.7251094974231,0.0,0.25,0.3125
755500,329.34470090323714,0.0,0.1875,0.28125
755600,329.98342933388,0.0,0.1875,0.25
755700,330.56119911948076,0.0,0.125,0.21875
755800,331.02446994167053,0.0,0.0625,0.25
755900,331.6124878194661,0.0,0.125,0.21875
756000,332.42395405843905,0.0,0.25,0.28125
756100,332.8552016563542,0.0,0.0625,0.296875
756200,333.2750527975209,0.0,0.1875,0.328125
756300,333.74085713441065,0.0,0.1875,0.265625
756400,334.1694835991842,0.0,0.125,0.21875
756500,334.5415219101431,0.0,0.125,0.234375
756600,335.11111745192204,0.0,0.1875,0.28125
756700,335.51112471210286,0.0,0.1875,0.265625
756800,335.82082668200127,0.0,0.125,0.265625
756900,336.4081918808342,0.0,0.125,0.28125
757000,337.03592059177805,0.0,0.125,0.21875
757100,337.38653954926735,0.0,0.25,0.25
757200,337.75643595881166,0.0,0.25,0.28125
757300,338.4214963581456,0.0,0.125,0.15625
757400,338.96827171253665,0.0,0.25,0.28125
757500,339.4266112346192,0.0,0.125,0.1875
757600,339.74007004426664,0.0,0.25,0.21875
757700,340.0627804729452,0.0,0.1875,0.25
757800,340.60086784059007,0.0,0.1875,0.265625
757900,341.1886730434661,0.0,0.1875,0.28125
758000,341.7186379230462,0.0,0.1875,0.234375
758100,342.1051802677494,0.0,0.1875,0.21875
758200,342.6372286896279,0.0,0.25,0.265625
758300,343.00373550923075,0.0,0.25,0.296875
758400,343.6860136018894,0.0,0.1875,0.359375
758500,344.1379771024687,0.0,0.25,0.203125
758600,344.6873439882087,0.0,0.25,0.265625
758700,344.99627399828296,0.0,0.1875,0.28125
758800,345.5384463093384,0.0,0.1875,0.25
758900,345.84198928038256,0.0,0.125,0.171875
759000,346.3878390167355,0.0,0.1875,0.328125
759100,346.8165566040519,0.0,0.25,0.296875
759200,347.0286957721269,0.0,0.125,0.265625
759300,347.50374352062596,0.0,0.125,0.203125
759400,347.7888915818757,0.0,0.1875,0.25
759500,348.89767489612314,0.0,0.125,0.234375
759600,349.271867386966,0.0,0.25,0.203125
759700,349.58397421474643,0.0,0.1875,0.21875
759800,349.8626332843959,0.0,0.25,0.21875
759900,350.20983202783526,0.0,0.25,0.234375
760000,350.6150883736819,0.0,0.25,0.234375
760100,351.11319333704716,0.0,0.1875,0.1875
760200,351.4750172234212,0.0,0.25,0.203125
760300,351.70683596297266,0.0,0.1875,0.1875
760400,352.1279923284571,0.0,0.1875,0.234375
760500,352.6573184076643,0.0,0.1875,0.140625
760600,353.07592646644486,0.0,0.25,0.203125
760700,353.44690633466763,0.0,0.1875,0.125
760800,353.7225891215409,0.0,0.25,0.25
760900,354.1459073486402,0.0,0.1875,0.265625
761000,354.4908692546933,0.0,0.125,0.21875
761100,354.72327146460196,0.0,0.1875,0.28125
761200,355.045400782564,0.0,0.25,0.234375
761300,355.2805773081314,0.0,0.25,0.234375
761400,355.6062931539522,0.0,0.125,0.109375
761500,356.0315225846594,0.0,0.1875,0.234375
761600,356.4007973015329,0.0,0.25,0.21875
761700,356.5851516815585,0.0,0.1875,0.21875
761800,356.8339772677823,0.0,0.125,0.234375
761900,357.143113488085,0.0,0.25,0.234375
762000,357.3939475944986,0.0,0.1875,0.25
762100,357.8885051249895,0.0,0.125,0.15625
762200,358.11772925671386,0.0,0.1875,0.1875
762300,358.4304847163194,0.0,0.25,0.1875
762400,358.71721516432785,0.0,0.25,0.203125
762500,358.95127540470355,0.0,0.1875,0.15625
762600,359.1930826800621,0.0,0.25,0.1875
762700,359.3748337368817,0.0,0.25,0.25
762800,359.71441425754136,0.0,0.25,0.203125
762900,359.8997240202011,0.0,0.25,0.265625
763000,360.0921739960305,0.0,0.25,0.234375
763100,360.3792822464058,0.0,0.25,0.3125
763200,360.6541904564916,0.0,0.125,0.25
763300,361.16428384136975,0.0,0.25,0.203125
763400,361.40073923809604,0.0,0.125,0.21875
763500,361.71545390683866,0.0,0.1875,0.15625
763600,361.9006128438607,0.0,0.1875,0.265625
763700,362.35666289389246,0.0,0.1875,0.21875
763800,362.59672187193405,0.0,0.1875,0.25
763900,363.3591109855254,0.0,0.1875,0.21875
764000,363.5889424812148,0.0,0.1875,0.203125
764100,363.7595590929584,0.0,0.25,0.265625
764200,363.94338683502286,0.0,0.125,0.234375
764300,364.33252635453425,0.0,0.1875,0.265625
764400,364.49447118764215,0.0,0.1875,0.1875
764500,364.80561528041835,0.0,0.125,0.203125
764600,365.0608338000783,0.0,0.1875,0.171875
764700,365.42538682787915,0.0,0.1875,0.234375
764800,365.6844412293508,0.0,0.1875,0.21875
764900,366.0326146647407,0.0,0.1875,0.21875
765000,366.3627948870271,0.0,0.125,0.15625
765100,366.54103818711394,0.0,0.125,0.25
765200,366.80318791655395,0.0,0.125,0.171875
765300,367.10168626065064,0.0,0.1875,0.1875
765400,367.2482876895307,0.0,0.125,0.21875
765500,367.62392430818585,0.0,0.125,0.21875
765600,367.81564588977307,0.0,0.1875,0.296875
765700,368.09159633595453,0.0,0.125,0.296875
765800,368.36409342606373,0.0,0.125,0.234375
765900,368.73138025015623,0.0,0.125,0.171875
766000,368.96586544594555,0.0,0.125,0.109375
766100,369.2533819037765,0.0,0.1875,0.203125
766200,369.6178866524115,0.0,0.1875,0.21875
766300,369.6964987180204,0.0,0.1875,0.28125
766400,369.76444500857707,0.0,0.1875,0.25
766500,369.94955144707467,0.0,0.125,0.25
766600,370.2787892023446,0.0,0.1875,0.296875
766700,370.3625441138206,0.0,0.25,0.265625
766800,370.5702961292131,0.0,0.1875,0.21875
766900,370.97816403794855,0.0,0.1875,0.25
767000,371.2241962807118,0.0,0.125,0.203125
767100,371.3595419457127,0.0,0.1875,0.21875
767200,371.4849371297992,0.0,0.1875,0.21875
767300,371.71675296189653,0.0,0.25,0.265625
767400,372.038069540761,0.0,0.125,0.203125
767500,372.1660355339262,0.0,0.1875,0.125
767600,372.5529534928749,0.0,0.1875,0.265625
767700,372.65084394465254,0.0,0.1875,0.265625
767800,372.8829106193654,0.0,0.1875,0.15625
767900,372.9986808863931,0.0,0.1875,0.1875
768000,373.12195135926993,0.0,0.1875,0.1875
768100,373.34678932572604,0.0,0.125,0.265625
768200,373.5033608691846,0.0,0.125,0.171875
768300,373.6458642707522,0.0,0.125,0.21875
768400,373.7981120651786,0.0,0.125,0.1875
768500,374.0298303984874,0.0,0.1875,0.21875
768600,374.22114910718034,0.0,0.125,0.09375
768700,374.38033038514186,0.0,0.1875,0.25
768800,374.65049848151756,0.0,0.125,0.171875
768900,374.79387969788235,0.0,0.1875,0.203125
769000,375.1064090783297,0.0,0.125,0.1875
769100,375.29267042233477,0.0,0.125,0.203125
769200,375.43128646146846,0.0,0.125,0.25
769300,375.57906002308266,0.0,0.125,0.1875
769400,375.8540716882912,0.0,0.1875,0.203125
769500,376.1268764275677,0.0,0.1875,0.25
769600,376.26930448401873,0.0,0.1875,0.203125
769700,376.41480371355726,0.0,0.125,0.140625
769800,376.61956111876555,0.0,0.1875,0.25
769900,377.0612054359314,0.0,0.125,0.171875
770000,377.21102538569403,0.0,0.1875,0.28125
770100,377.4080548392664,0.0,0.125,0.15625
770200,377.47656142700873,0.0,0.125,0.21875
770300,377.66010494383465,0.0,0.125,0.15625
770400,377.89415814323235,0.0,0.1875,0.296875
770500,378.1347744162581,0.0,0.125,0.203125
770600,378.2322603577636,0.0,0.125,0.25
770700,378.47613854203723,0.0,0.125,0.203125
770800,378.72293657785764,0.0,0.125,0.125
770900,378.9989935151531,0.0,0.1875,0.1875
771000,379.3044634741483,0.0,0.125,0.140625
771100,379.5303267202613,0.0,0.125,0.1875
771200,379.78860955666687,0.0,0.125,0.25
771300,380.12642026266633,0.0,0.125,0.15625
771400,380.2733015302189,0.0,0.125,0.21875
771500,380.690955860863,0.0,0.125,0.203125
771600,380.8165185204764,0.0,0.125,0.078125
771700,380.9186226192212,0.0,0.125,0.171875
771800,381.1328418441054,0.0,0.125,0.125
771900,381.2740648124101,0.0,0.125,0.21875
772000,381.59073189536036,0.0,0.1875,0.203125
772100,381.8460190984056,0.0,0.125,0.140625
772200,381.9694704144048,0.0,0.1875,0.25
772300,382.08983028100573,0.0,0.125,0.15625
772400,382.3328420269442,0.0,0.125,0.15625
772500,382.61899848681117,0.0,0.125,0.234375
772600,382.8764610809039,0.0,0.125,0.21875
772700,382.95291255810184,0.0,0.1875,0.265625
772800,383.1982595431807,0.0,0.1875,0.21875
772900,383.44401669638887,0.0,0.1875,0.15625
773000,383.6943372505183,0.0,0.1875,0.28125
773100,383.85629008613245,0.0,0.1875,0.234375
773200,384.11521457179566,0.0,0.1875,0.140625
773300,384.28082859966014,0.0,0.125,0.1875
773400,384.51209021366185,0.0,0.125,0.15625
773500,384.56422627585863,0.0,0.125,0.203125
773600,384.7257588370086,0.0,0.1875,0.28125
773700,385.02532888707776,0.0,0.125,0.25
773800,385.10771571921794,0.0,0.125,0.234375
773900,385.17775810214874,0.0,0.1875,0.15625
774000,385.4915048061398,0.0,0.125,0.21875
774100,385.6099655912064,0.0,0.1875,0.125
774200,385.8271216175906,0.0,0.125,0.1875
774300,385.98063498583997,0.0,0.125,0.109375
774400,386.05485102980583,0.0,0.125,0.203125
774500,386.13861750887105,0.0,0.125,0.203125
774600,386.29244107223593,0.0,0.1875,0.1875
774700,386.3607911595603,0.0,0.1875,0.1875
774800,386.46143955731316,0.0,0.1875,0.203125
774900,386.64275310870045,0.0,0.1875,0.140625
775000,214.4889257579323,0.0,0.125,0.1875
775100,216.81780580795458,0.0,0.125,0.296875
775200,223.45689610363584,0.0,0.1875,0.1875
775300,228.03270733774343,0.0,0.1875,0.28125
775400,232.10523420186692,0.0,0.1875,0.203125
775500,236.63210629635762,0.0,0.1875,0.203125
775600,242.60142714687444,0.0,0.125,0.21875
775700,248.8950875610536,0.0,0.1875,0.15625
775800,253.93792599438174,0.0,0.125,0.1875
775900,257.8880462158356,0.0,0.1875,0.21875
776000,260.633971188112,0.0,0.25,0.21875
776100,264.16311135376577,0.0,0.125,0.1875
776200,269.64386365179524,0.0,0.1875,0.171875
776300,273.61230238657026,0.0,0.1875,0.203125
776400,277.2852107806711,0.0,0.125,0.1875
776500,280.3834797646279,0.0,0.125,0.15625
776600,283.79486444087337,0.0,0.25,0.25
776700,287.53520457577616,0.0,0.125,0.1875
776800,289.83007731812626,0.0,0.1875,0.203125
776900,292.63318166454906,0.0,0.125,0.15625
777000,295.5266707247525,0.0,0.125,0.203125
777100,297.60865928445986,0.0,0.1875,0.21875
777200,300.09993036951136,0.0,0.1875,0.234375
777300,303.2011790747939,0.0,0.1875,0.1875
777400,305.84578898603684,0.0,0.125,0.21875
777500,308.53903285181974,0.0,0.1875,0.265625
777600,310.42869915388815,0.0,0.125,0.1875
777700,313.2827013674928,0.0,0.125,0.203125
777800,315.53940103936554,0.0,0.1875,0.296875
777900,317.8685612922519,0.0,0.125,0.171875
778000,319.94644443413654,0.0,0.1875,0.203125
778100,321.9882735545636,0.0,0.125,0.171875
778200,324.4364616487407,0.0,0.125,0.3125
778300,327.10411438531605,0.0,0.125,0.15625
778400,330.3753111344177,0.0,0.125,0.265625
778500,332.97828104394443,0.0,0.125,0.21875
778600,336.10164766593056,0.0,0.1875,0.328125
778700,339.7879798330897,0.0,0.125,0.171875
778800,343.659118320357,0.0,0.125,0.296875
778900,347.3307131339789,0.0,0.25,0.1875
779000,351.1501513403272,0.0,0.125,0.265625
779100,354.6932276913865,0.0,0.1875,0.203125
779200,357.25576515879806,0.0,0.125,0.265625
779300,359.8944876885186,0.0,0.1875,0.171875
779400,362.9407282135769,0.0,0.1875,0.203125
779500,366.97592471012916,0.0,0.125,0.171875
779600,370.3061956873316,0.0,0.1875,0.203125
779700,372.5576019980518,0.0,0.1875,0.15625
779800,374.87441491228446,0.0,0.1875,0.234375
779900,376.6969474465595,0.0,0.125,0.203125
780000,378.57278698670206,0.0,0.125,0.15625
780100,379.59863892145484,0.0,0.1875,0.234375
780200,380.3365856533559,0.0,0.125,0.15625
780300,381.24356889277215,0.0,0.1875,0.203125
780400,382.5075119828109,0.0,0.0625,0.25
780500,383.2488605733302,0.0,0.1875,0.25
780600,384.22383370775134,0.0,0.1875,0.21875
780700,384.93549602116525,0.0,0.125,0.171875
780800,385.5897479615269,0.0,0.0625,0.125
780900,386.23569329167634,0.0,0.125,0.1875
781000,387.0430800892018,0.0,0.1875,0.25
781100,387.7538583578228,0.0,0.125,0.140625
781200,388.360384221667,0.0,0.125,0.203125
781300,389.0498331754082,0.0,0.1875,0.296875
781400,389.62650524014066,0.0,0.125,0.265625
781500,390.2024641651385,0.0,0.125,0.203125
781600,391.0647205397011,0.0,0.1875,0.21875
781700,391.8259130108299,0.0,0.125,0.1875
781800,392.4966414009815,0.0,0.1875,0.1875
781900,392.9190527376655,0.0,0.125,0.265625
782000,393.2569865964736,0.0,0.1875,0.203125
782100,393.6164424734485,0.0,0.1875,0.25
782200,393.9269042120923,0.0,0.25,0.203125
782300,394.3303238658232,0.0,0.1875,0.265625
782400,394.76054800225313,0.0,0.125,0.109375
782500,394.929132773861,0.0,0.1875,0.234375
782600,395.3963372050554,0.0,0.125,0.28125
782700,395.77718912607116,0.0,0.125,0.171875
782800,396.2313576901791,0.0,0.1875,0.140625
782900,396.71524896247615,0.0,0.1875,0.1875
783000,397.1308957731533,0.0,0.1875,0.1875
783100,397.62075338956026,0.0,0.1875,0.25
783200,397.90140967534234,0.0,0.1875,0.25
783300,398.31356333292644,0.0,0.125,0.21875
783400,398.6049174075749,0.0,0.1875,0.15625
783500,398.9048253571013,0.0,0.125,0.15625
783600,399.1336491455981,0.0,0.1875,0.25
783700,399.4649103029035,0.0,0.125,0.25
783800,399.80131006467275,0.0,0.1875,0.203125
783900,400.11502633982366,0.0,0.125,0.25
784000,400.3667133336542,0.0,0.1875,0.203125
784100,400.70455576661027,0.0,0.1875,0.21875
784200,400.8785645572852,0.0,0.125,0.265625
784300,401.00286657329474,0.0,0.25,0.234375
784400,401.2674913660278,0.0,0.1875,0.265625
784500,401.4601424545072,0.0,0.125,0.15625
784600,401.7906247439809,0.0,0.1875,0.25
784700,401.9411523621971,0.0,0.1875,0.15625
784800,402.09331779355995,0.0,0.125,0.15625
784900,402.42545837466054,0.0,0.1875,0.15625
785000,402.65426742571464,0.0,0.125,0.171875
785100,402.8704775158004,0.0,0.1875,0.234375
785200,403.2305106237672,0.0,0.1875,0.203125
785300,403.42419751741477,0.0,0.125,0.265625
785400,403.5621877942753,0.0,0.125,0.203125
785500,403.79522957309274,0.0,0.125,0.15625
785600,403.96529573194215,0.0,0.125,0.25
785700,404.1294449721726,0.0,0.125,0.28125
785800,404.3506431399752,0.0,0.1875,0.3125
785900,404.46794191446253,0.0,0.25,0.28125
786000,404.81864109888573,0.0,0.1875,0.21875
786100,404.9765748787368,0.0,0.1875,0.1875
786200,405.1611750035844,0.0,0.1875,0.140625
786300,405.41130444568535,0.0,0.125,0.140625
786400,405.611012440796,0.0,0.125,0.1875
786500,405.96443054386464,0.0,0.125,0.203125
786600,406.12196521108336,0.0,0.125,0.21875
786700,406.3034625967352,0.0,0.1875,0.265625
786800,406.5246772270941,0.0,0.1875,0.203125
786900,406.62967314467807,0.0,0.1875,0.234375
787000,406.7163535919509,0.0,0.125,0.25
787100,406.9145480716512,0.0,0.1875,0.21875
787200,407.06505459654966,0.0,0.1875,0.28125
787300,407.24104172436614,0.0,0.125,0.1875
787400,407.50789480791605,0.0,0.1875,0.390625
787500,407.58658970102937,0.0,0.25,0.171875
787600,407.74054339585234,0.0,0.1875,0.21875
787700,407.76701991993735,0.0,0.1875,0.296875
787800,407.91995831322583,0.0,0.125,0.203125
787900,408.1661328777528,0.0,0.25,0.234375
788000,408.2789350012305,0.0,0.125,0.171875
788100,408.31586686042584,0.0,0.0625,0.171875
788200,408.4154070287807,0.0,0.1875,0.21875
788300,408.532621355638,0.0,0.125,0.125
788400,408.63432132445104,0.0,0.125,0.1875
788500,408.85701826856337,0.0,0.1875,0.265625
788600,409.10673279373964,0.0,0.0625,0.09375
788700,409.27382397492636,0.0,0.125,0.140625
788800,409.4244336598409,0.0,0.1875,0.21875
788900,409.51342813480704,0.0,0.1875,0.21875
789000,409.6767536304493,0.0,0.1875,0.1875
789100,409.7262529753335,0.0,0.1875,0.203125
789200,409.8495225256041,0.0,0.125,0.15625
789300,410.1422957357783,0.0,0.1875,0.34375
789400,410.2981688617772,0.0,0.1875,0.203125
789500,410.4524666301677,0.0,0.125,0.203125
789600,410.5673310251538,0.0,0.125,0.28125
789700,410.83493853759927,0.0,0.1875,0.21875
789800,410.88523189210196,0.0,0.25,0.171875
789900,410.9886773482232,0.0,0.1875,0.171875
790000,411.21168906046336,0.0,0.125,0.15625
790100,411.4342623903017,0.0,0.25,0.1875
790200,411.5432378828972,0.0,0.125,0.3125
790300,411.5792008877026,0.0,0.1875,0.21875
790400,411.84084143811236,0.0,0.125,0.109375
790500,411.99422296922125,0.0,0.1875,0.21875
790600,412.15172458091183,0.0,0.25,0.203125
790700,412.23482509155434,0.0,0.1875,0.3125
790800,412.29256610480917,0.0,0.25,0.296875
790900,412.37409443918045,0.0,0.1875,0.28125
791000,412.50590841351135,0.0,0.1875,0.171875
791100,412.69952055270903,0.0,0.1875,0.3125
791200,413.0599485866955,0.0,0.25,0.171875
791300,413.24467582412655,0.0,0.125,0.1875
791400,413.3278196322512,0.0,0.125,0.1875
791500,413.43739706950197,0.0,0.1875,0.234375
791600,413.70123867529594,0.0,0.125,0.265625
791700,413.8090813017645,0.0,0.125,0.140625
791800,413.90490384861687,0.0,0.1875,0.21875
791900,414.04731762302345,0.0,0.1875,0.28125
792000,414.20856201908003,0.0,0.25,0.28125
792100,414.35828716196,0.0,0.1875,0.171875
792200,414.4738317228853,0.0,0.125,0.171875
792300,414.6796326330339,0.0,0.25,0.1875
792400,414.83707987052145,0.0,0.0625,0.09375
792500,414.96876201832123,0.0,0.125,0.125
792600,415.09868381518083,0.0,0.25,0.296875
792700,415.2019658868018,0.0,0.25,0.21875
792800,415.3441295536671,0.0,0.1875,0.265625
792900,415.5115889319094,0.0,0.125,0.25
793000,415.5748690583766,0.0,0.25,0.3125
793100,415.79963825098974,0.0,0.1875,0.265625
793200,415.9833316018242,0.0,0.1875,0.25
793300,416.0956397065691,0.0,0.25,0.25
793400,416.21604371489775,0.0,0.1875,0.234375
793500,416.52159179292346,0.0,0.1875,0.171875
793600,416.663359803211,0.0,0.1875,0.265625
793700,416.71300215664417,0.0,0.25,0.328125
793800,416.804376981534,0.0,0.1875,0.234375
793900,416.9577693127962,0.0,0.25,0.25
794000,417.02598450270807,0.0,0.1875,0.21875
794100,417.1792515615671,0.0,0.1875,0.140625
794200,417.34039194408,0.0,0.25,0.21875
794300,417.4588973616943,0.0,0.375,0.28125
794400,417.79073480619235,0.0,0.1875,0.234375
794500,417.920374827486,0.0,0.125,0.28125
794600,418.0236249065262,0.0,0.25,0.203125
794700,418.08119525563694,0.0,0.25,0.25
794800,418.1787160464427,0.0,0.25,0.1875
794900,418.30213931492494,0.0,0.25,0.265625
795000,418.3871067118745,0.0,0.3125,0.28125
795100,418.4427807509175,0.0,0.25,0.203125
795200,418.51883224135673,0.0,0.1875,0.25
795300,418.5559276687056,0.0,0.1875,0.234375
795400,418.6633519512463,0.0,0.1875,0.203125
795500,418.77892440133076,0.0,0.25,0.125
795600,418.8769250820867,0.0,0.1875,0.234375
795700,418.9208643116084,0.0,0.125,0.21875
795800,419.09314138428414,0.0,0.25,0.25
795900,419.20478836544373,0.0,0.25,0.234375
796000,419.36399934211437,0.0,0.25,0.25
796100,419.45203368519793,0.0,0.25,0.234375
796200,419.5615976334192,0.0,0.25,0.1875
796300,419.68614820212713,0.0,0.1875,0.21875
796400,419.81081747030464,0.0,0.1875,0.140625
796500,419.95879568406974,0.0,0.125,0.15625
796600,420.0090237144521,0.0,0.25,0.296875
796700,420.0850647568127,0.0,0.125,0.171875
796800,420.20080339174734,0.0,0.25,0.359375
796900,420.35953454965954,0.0,0.1875,0.21875
797000,420.51286222095104,0.0,0.1875,0.265625
797100,420.5611980207913,0.0,0.1875,0.21875
797200,420.7347069716553,0.0,0.1875,0.28125
797300,420.87174520794656,0.0,0.1875,0.25
797400,420.98653329386826,0.0,0.125,0.234375
797500,421.0769608877051,0.0,0.1875,0.21875
797600,421.179880631578,0.0,0.1875,0.234375
797700,421.2750597929386,0.0,0.3125,0.296875
797800,421.38557793451844,0.0,0.25,0.328125
797900,421.5140976273857,0.0,0.1875,0.3125
798000,421.61193866806184,0.0,0.1875,0.28125
798100,421.69860885056255,0.0,0.25,0.28125
798200,421.8715861200026,0.0,0.1875,0.21875
798300,422.00872035944315,0.0,0.25,0.234375
798400,422.15143087799987,0.0,0.1875,0.25
798500,422.2176877476486,0.0,0.1875,0.28125
798600,422.28078850939494,0.0,0.25,0.265625
798700,422.3487807139935,0.0,0.25,0.359375
798800,422.3813112141083,0.0,0.25,0.1875
798900,422.48106882395695,0.0,0.25,0.28125
799000,422.64733834833487,0.0,0.1875,0.25
799100,422.76403232828505,0.0,0.3125,0.28125
799200,422.81004024243765,0.0,0.1875,0.25
799300,422.89079579670965,0.0,0.1875,0.296875
799400,423.00032468871615,0.0,0.25,0.296875
799500,423.07070768521754,0.0,0.125,0.203125
799600,423.2123711657723,0.0,0.125,0.265625
799700,423.31206933600515,0.0,0.3125,0.34375
799800,423.3763208070973,0.0,0.25,0.234375
799900,423.42446575009023,0.0,0.3125,0.265625
800000,226.40139792051184,0.0,0.25,0.296875
800100,227.6080839133245,0.0,0.25,0.25
800200,229.60369317758497,0.0,0.125,0.234375
800300,231.15635484128683,0.0,0.25,0.265625
800400,233.30001461918312,0.0,0.1875,0.171875
800500,234.59592435555604,0.0,0.1875,0.21875
800600,236.568266295272,0.0,0.1875,0.21875
800700,240.22630702519746,0.0,0.25,0.40625
800800,241.87260449199,0.0,0.1875,0.28125
800900,246.90521297054175,0.0,0.25,0.25
801000,249.478345098485,0.0,0.25,0.328125
801100,251.7002586488009,0.0,0.3125,0.296875
801200,254.41412832273562,0.0,0.25,0.3125
801300,257.11599201724437,0.0,0.1875,0.328125
801400,263.4799194050051,0.0,0.25,0.203125
801500,269.14010249841135,0.0,0.125,0.1875
801600,273.1613022290787,0.0,0.125,0.21875
801700,277.65112462164046,0.0,0.25,0.203125
801800,282.323127239846,0.0,0.25,0.265625
801900,289.6091634379726,0.0,0.25,0.203125
802000,293.68800994569915,0.0,0.1875,0.21875
802100,300.69908889775553,0.0,0.3125,0.21875
802200,307.44471668404344,0.0,0.125,0.28125
802300,316.02210162159565,0.0,0.1875,0.265625
802400,321.2244616820717,0.0,0.1875,0.25
802500,325.49102246136175,0.0,0.3125,0.25
802600,332.04359881253174,0.0,0.1875,0.234375
802700,338.58789754731566,0.0,0.1875,0.265625
802800,346.7225688546964,0.0,0.25,0.328125
802900,351.26091617886556,0.0,0.25,0.28125
803000,359.25858422164475,0.0,0.3125,0.28125
803100,363.8714379135634,0.0,0.25,0.21875
803200,367.12493600571963,0.0,0.25,0.296875
803300,369.130036083762,0.0,0.25,0.1875
803400,370.2618683419486,0.0,0.1875,0.203125
803500,370.96194715660465,0.0,0.25,0.28125
803600,371.6266830312339,0.0,0.25,0.3125
803700,372.22023147809557,0.0,0.3125,0.234375
803800,372.8045233068207,0.0,0.1875,0.21875
803900,373.4501466860581,0.0,0.125,0.25
804000,373.89475710358334,0.0,0.25,0.328125
804100,374.2978016018285,0.0,0.3125,0.28125
804200,374.694039994465,0.0,0.1875,0.1875
804300,375.0414740411987,0.0,0.125,0.25
804400,375.41431544868936,0.0,0.25,0.203125
804500,375.81879239968555,0.0,0.25,0.125
804600,376.28652465503706,0.0,0.25,0.375
804700,376.66752639919594,0.0,0.1875,0.234375
804800,377.0794234946535,0.0,0.25,0.25
804900,377.5059097474198,0.0,0.25,0.203125
805000,377.9723653107869,0.0,0.1875,0.234375
805100,378.38017349500024,0.0,0.1875,0.328125
805200,378.68403547858486,0.0,0.3125,0.265625
805300,378.9061551451289,0.0,0.125,0.21875
805400,379.3634179924013,0.0,0.1875,0.28125
805500,379.9061921181516,0.0,0.1875,0.21875
805600,380.3416377047477,0.0,0.25,0.265625
805700,380.87351753944847,0.0,0.1875,0.3125
805800,381.0681624379102,0.0,0.1875,0.234375
805900,381.4233775421381,0.0,0.1875,0.203125
806000,381.70899285893455,0.0,0.1875,0.265625
806100,382.10388049742096,0.0,0.25,0.296875
806200,382.4105963862319,0.0,0.25,0.125
806300,382.91818945579433,0.0,0.125,0.21875
806400,383.19204128038047,0.0,0.25,0.25
806500,383.4853463602143,0.0,0.1875,0.3125
806600,383.76760677289974,0.0,0.1875,0.1875
806700,384.15242542669165,0.0,0.1875,0.34375
806800,384.45720059635505,0.0,0.1875,0.21875
806900,384.5674932575023,0.0,0.1875,0.21875
807000,384.7657391691089,0.0,0.125,0.203125
807100,385.05346223249603,0.0,0.3125,0.21875
807200,385.29668317163123,0.0,0.125,0.171875
807300,385.54897143733405,0.0,0.25,0.203125
807400,385.8658990532692,0.0,0.1875,0.21875
807500,386.05751767600424,0.0,0.25,0.296875
807600,386.32990103343934,0.0,0.25,0.1875
807700,386.44705347209697,0.0,0.25,0.3125
807800,386.574769582094,0.0,0.3125,0.1875
807900,386.7907437496092,0.0,0.25,0.21875
808000,386.90575313129654,0.0,0.125,0.15625
808100,387.0238475748688,0.0,0.25,0.21875
808200,387.194617781999,0.0,0.25,0.234375
808300,387.36931247969756,0.0,0.25,0.25
808400,387.5495780565953,0.0,0.125,0.25
808500,387.691590514332,0.0,0.1875,0.328125
808600,387.7865674685498,0.0,0.1875,0.171875
808700,387.9861048670877,0.0,0.25,0.21875
808800,388.07799862154417,0.0,0.3125,0.328125
808900,388.1747642289179,0.0,0.25,0.234375
809000,388.3935919930916,0.0,0.1875,0.28125
809100,388.5470228375869,0.0,0.125,0.234375
809200,388.64041509572036,0.0,0.125,0.125
809300,388.9041538517598,0.0,0.1875,0.203125
809400,389.012380378391,0.0,0.25,0.203125
809500,389.14931812966717,0.0,0.25,0.234375
809600,389.34122721803897,0.0,0.125,0.1875
809700,389.57059897937256,0.0,0.1875,0.171875
809800,389.7733687897718,0.0,0.25,0.25
809900,389.9137534836653,0.0,0.125,0.21875
810000,390.0335014431303,0.0,0.1875,0.296875
810100,390.19617359933613,0.0,0.1875,0.21875
810200,390.3396496076322,0.0,0.1875,0.234375
810300,390.4767964030577,0.0,0.1875,0.21875
810400,390.67319349910287,0.0,0.1875,0.21875
810500,390.7865238161568,0.0,0.1875,0.1875
810600,390.9386108809141,0.0,0.25,0.21875
810700,391.05305061567606,0.0,0.25,0.21875
810800,391.27257246154494,0.0,0.3125,0.140625
810900,391.32441843901006,0.0,0.125,0.171875
811000,391.47029642037427,0.0,0.25,0.234375
811100,391.5566369932133,0.0,0.25,0.296875
811200,391.7140351229428,0.0,0.25,0.28125
811300,391.8516740961312,0.0,0.25,0.265625
811400,392.02665272927516,0.0,0.25,0.15625
811500,392.1250443077388,0.0,0.125,0.1875
811600,392.3212195362892,0.0,0.25,0.25
811700,392.41069446844614,0.0,0.25,0.1875
811800,392.5479391394222,0.0,0.3125,0.1875
811900,392.7343053523356,0.0,0.1875,0.171875
812000,392.8568079225628,0.0,0.25,0.203125
812100,393.0391314893211,0.0,0.25,0.234375
812200,393.19628048141385,0.0,0.125,0.25
812300,393.26593535962417,0.0,0.25,0.3125
812400,393.3486888748799,0.0,0.1875,0.203125
812500,393.4475056226382,0.0,0.1875,0.09375
812600,393.9472879070272,0.0,0.25,0.265625
812700,394.0882953132458,0.0,0.25,0.203125
812800,394.27973815197504,0.0,0.125,0.109375
812900,394.35036428831523,0.0,0.25,0.203125
813000,394.5583802596516,0.0,0.25,0.078125
813100,394.82425653273714,0.0,0.25,0.21875
813200,394.9003761535027,0.0,0.3125,0.28125
813300,395.0683398658705,0.0,0.25,0.21875
813400,395.3478056281167,0.0,0.25,0.21875
813500,395.59299036994565,0.0,0.125,0.09375
813600,395.6805513961368,0.0,0.1875,0.140625
813700,395.83969573302,0.0,0.25,0.21875
813800,396.0895866476857,0.0,0.3125,0.140625
813900,396.27723725072286,0.0,0.25,0.234375
814000,396.42425903175865,0.0,0.3125,0.234375
814100,396.50942437536696,0.0,0.25,0.078125
814200,396.6077117134623,0.0,0.25,0.21875
814300,396.68691476390796,0.0,0.25,0.25
814400,396.8416916956729,0.0,0.3125,0.234375
814500,396.9952678604123,0.0,0.3125,0.25
814600,397.20411021469255,0.0,0.25,0.109375
814700,397.4205839300846,0.0,0.25,0.171875
814800,397.51881699269137,0.0,0.125,0.140625
814900,397.5923864320127,0.0,0.1875,0.171875
815000,397.7330045044556,0.0,0.25,0.171875
815100,397.833548555676,0.0,0.1875,0.0625
815200,397.9895962628007,0.0,0.1875,0.140625
815300,398.144822016931,0.0,0.25,0.125
815400,398.3011927730101,0.0,0.1875,0.203125
815500,398.49290543067593,0.0,0.25,0.125
815600,398.6307929011562,0.0,0.1875,0.078125
815700,398.67872121766163,0.0,0.25,0.15625
815800,398.81488782515044,0.0,0.125,0.21875
815900,398.92502134910177,0.0,0.25,0.1875
816000,399.00526991197063,0.0,0.25,0.1875
816100,399.0576910592155,0.0,0.3125,0.265625
816200,399.09936457558103,0.0,0.25,0.171875
816300,399.2014223345045,0.0,0.25,0.15625
816400,399.2973338540212,0.0,0.1875,0.28125
816500,399.37344482431723,0.0,0.25,0.21875
816600,399.4774251213937,0.0,0.25,0.15625
816700,399.6371726282606,0.0,0.1875,0.203125
816800,399.7458444490673,0.0,0.1875,0.15625
816900,399.88904940497764,0.0,0.25,0.1875
817000,400.0500528557508,0.0,0.1875,0.171875
817100,400.07047266597965,0.0,0.25,0.15625
817200,400.2362477035366,0.0,0.125,0.140625
817300,400.29687210553004,0.0,0.25,0.1875
817400,400.38934757301126,0.0,0.3125,0.203125
817500,400.4556807808046,0.0,0.3125,0.1875
817600,400.4978518541945,0.0,0.25,0.21875
817700,400.592850523684,0.0,0.1875,0.171875
817800,400.7391580806289,0.0,0.3125,0.140625
817900,400.776204826779,0.0,0.1875,0.125
818000,400.9809091114896,0.0,0.25,0.203125
818100,401.15953203137207,0.0,0.25,0.140625
818200,401.361750759611,0.0,0.25,0.171875
818300,401.453379936151,0.0,0.3125,0.234375
818400,401.61274017512613,0.0,0.25,0.109375
818500,401.6626793351013,0.0,0.25,0.15625
818600,401.79612428737596,0.0,0.1875,0.109375
818700,401.8839270699343,0.0,0.1875,0.140625
818800,401.9918579623959,0.0,0.25,0.171875
818900,402.20320330810273,0.0,0.3125,0.171875
819000,402.2544016242868,0.0,0.1875,0.109375
819100,402.3923438418913,0.0,0.25,0.15625
819200,402.4851889847364,0.0,0.25,0.1875
819300,402.6019402821177,0.0,0.25,0.140625
819400,402.69267708450343,0.0,0.3125,0.140625
819500,402.865194984251,0.0,0.25,0.15625
819600,403.0221905132569,0.0,0.375,0.1875
819700,403.1349582784456,0.0,0.125,0.09375
819800,403.259723241025,0.0,0.25,0.171875
819900,403.3486950291412,0.0,0.1875,0.125
820000,403.4236870945517,0.0,0.3125,0.171875
820100,403.4781767182043,0.0,0.1875,0.09375
820200,403.64757328974537,0.0,0.375,0.1875
820300,403.74358022537905,0.0,0.125,0.09375
820400,403.8715815259835,0.0,0.25,0.15625
820500,403.9811696907156,0.0,0.1875,0.109375
820600,404.09437727597305,0.0,0.125,0.0625
820700,404.17356976357337,0.0,0.125,0.09375
820800,404.25973505123596,0.0,0.375,0.171875
820900,404.3838865673462,0.0,0.25,0.09375
821000,404.5427308229016,0.0,0.125,0.125
821100,404.6709586700639,0.0,0.3125,0.203125
821200,404.8920427550643,0.0,0.3125,0.140625
821300,405.0186917909589,0.0,0.1875,0.140625
821400,405.1541339576624,0.0,0.25,0.15625
821500,405.24676884480664,0.0,0.3125,0.171875
821600,405.323396299826,0.0,0.125,0.03125
821700,405.41893133446456,0.0,0.125,0.078125
821800,405.4970934822628,0.0,0.1875,0.125
821900,405.59709336923015,0.0,0.3125,0.15625
822000,405.82510602956967,0.0,0.3125,0.21875
822100,406.03911093270744,0.0,0.1875,0.125
822200,406.22461021081995,0.0,0.25,0.125
822300,406.3621802121213,0.0,0.3125,0.25
822400,406.52478361494997,0.0,0.25,0.09375
822500,406.5919869371747,0.0,0.25,0.109375
822600,406.7137701248238,0.0,0.25,0.109375
822700,406.74268136519856,0.0,0.25,0.171875
822800,406.8366925643993,0.0,0.1875,0.203125
822900,406.8787910245434,0.0,0.125,0.03125
823000,406.9362348641794,0.0,0.25,0.140625
823100,406.9791226411309,0.0,0.25,0.15625
823200,407.19188524596404,0.0,0.25,0.140625
823300,407.29364091434843,0.0,0.25,0.109375
823400,407.3883349292723,0.0,0.1875,0.046875
823500,407.44344598385254,0.0,0.1875,0.15625
823600,407.46895573793137,0.0,0.1875,0.109375
823700,407.53442171858336,0.0,0.1875,0.0625
823800,407.5804292152497,0.0,0.25,0.171875
823900,407.69074478723803,0.0,0.125,0.125
824000,407.7446714994334,0.0,0.25,0.078125
824100,407.8770452864077,0.0,0.125,0.03125
824200,407.96973645582614,0.0,0.125,0.0625
824300,408.00718426238166,0.0,0.1875,0.109375
824400,408.037164583061,0.0,0.1875,0.125
824500,408.1317873535887,0.0,0.25,0.171875
824600,408.17538398460385,0.0,0.25,0.140625
824700,408.33159503525343,0.0,0.25,0.15625
824800,408.4429504982274,0.0,0.1875,0.109375
824900,408.51523289829333,0.0,0.1875,0.046875
825000,269.1072335899103,0.0,0.1875,0.171875
825100,269.5374400452468,0.0,0.1875,0.09375
825200,270.2650430394604,0.0,0.1875,0.09375
825300,271.13413748811604,0.0,0.25,0.09375
825400,272.39103976199107,0.0,0.3125,0.171875
825500,273.3523987594549,0.0,0.1875,0.0625
825600,274.566488211754,0.0,0.1875,0.0625
825700,275.9957044317545,0.0,0.25,0.09375
825800,277.40906773563137,0.0,0.25,0.125
825900,278.3602365469459,0.0,0.25,0.125
826000,280.20227807478517,0.0,0.25,0.109375
826100,281.7854671504615,0.0,0.3125,0.25
826200,283.59442702428225,0.0,0.25,0.15625
826300,284.95368049261435,0.0,0.1875,0.125
826400,287.87752579958686,0.0,0.1875,0.140625
826500,289.57010997444587,0.0,0.1875,0.125
826600,292.066845677971,0.0,0.1875,0.15625
826700,295.0094391540214,0.0,0.25,0.09375
826800,296.9656382027667,0.0,0.25,0.171875
826900,298.60133319294334,0.0,0.1875,0.125
827000,299.8513950494812,0.0,0.3125,0.1875
827100,301.7231800473443,0.0,0.125,0.046875
827200,302.9704028507394,0.0,0.25,0.140625
827300,303.93805172430064,0.0,0.3125,0.28125
827400,304.97397229682514,0.0,0.1875,0.171875
827500,305.3985681837662,0.0,0.1875,0.0625
827600,305.9062618200727,0.0,0.25,0.140625
827700,306.2952892435978,0.0,0.1875,0.078125
827800,306.6373767657053,0.0,0.3125,0.234375
827900,306.9627033830963,0.0,0.125,0.0625
828000,307.1420600275719,0.0,0.125,0.09375
828100,307.58827546416956,0.0,0.1875,0.125
828200,307.84171418066035,0.0,0.25,0.140625
828300,308.2199221937243,0.0,0.1875,0.09375
828400,308.4541050847592,0.0,0.25,0.140625
828500,308.6782630802862,0.0,0.3125,0.109375
828600,308.8480477868984,0.0,0.25,0.125
828700,309.0309145839093,0.0,0.25,0.09375
828800,309.26326539578787,0.0,0.25,0.09375
828900,309.49561417320194,0.0,0.1875,0.0625
829000,309.71966383124,0.0,0.3125,0.203125
829100,309.89037699291515,0.0,0.25,0.15625
829200,310.1430002812999,0.0,0.25,0.1875
829300,310.35932198840624,0.0,0.25,0.09375
829400,310.64135554409125,0.0,0.1875,0.125
829500,310.85505463321863,0.0,0.25,0.140625
829600,311.051185649577,0.0,0.1875,0.140625
829700,311.23426202846184,0.0,0.25,0.140625
829800,311.45175393697747,0.0,0.25,0.125
829900,311.6907661271428,0.0,0.3125,0.140625
830000,311.8097283526566,0.0,0.3125,0.15625
830100,311.9305241612379,0.0,0.3125,0.171875
830200,312.1389899757442,0.0,0.25,0.125
830300,312.42760219355506,0.0,0.3125,0.15625
830400,312.5502664235265,0.0,0.25,0.171875
830500,312.71516007537247,0.0,0.25,0.1875
830600,312.8885046756948,0.0,0.125,0.09375
830700,313.0924150970813,0.0,0.25,0.15625
830800,313.21713136068513,0.0,0.25,0.15625
830900,313.3778014328596,0.0,0.1875,0.140625
831000,313.47752806310564,0.0,0.1875,0.125
831100,313.5724374614496,0.0,0.25,0.15625
831200,313.6609453506664,0.0,0.25,0.15625
831300,313.8432651775065,0.0,0.1875,0.09375
831400,313.9448242254009,0.0,0.1875,0.140625
831500,314.09084060679504,0.0,0.3125,0.125
831600,314.18037892759463,0.0,0.25,0.09375
831700,314.2938124597358,0.0,0.25,0.109375
831800,314.4338433114437,0.0,0.25,0.171875
831900,314.5040858609844,0.0,0.25,0.171875
832000,314.6122253428523,0.0,0.3125,0.1875
832100,314.76146568100154,0.0,0.1875,0.09375
832200,314.853766754502,0.0,0.25,0.234375
832300,314.98930831332297,0.0,0.125,0.078125
832400,315.2119199178084,0.0,0.1875,0.1875
832500,315.3516437980071,0.0,0.125,0.0625
832600,315.5157674755976,0.0,0.25,0.09375
832700,315.7558048626727,0.0,0.1875,0.171875
832800,315.87062233533027,0.0,0.25,0.140625
832900,316.0330265027259,0.0,0.25,0.09375
833000,316.19820941215136,0.0,0.25,0.171875
833100,316.3312065829788,0.0,0.3125,0.15625
833200,316.4344155811166,0.0,0.25,0.15625
833300,316.54424463041084,0.0,0.1875,0.15625
833400,316.82157746403215,0.0,0.1875,0.140625
833500,316.9134324506385,0.0,0.25,0.140625
833600,316.990684731724,0.0,0.25,0.21875
833700,317.0474004719852,0.0,0.1875,0.15625
833800,317.13307833935346,0.0,0.25,0.140625
833900,317.31673939353885,0.0,0.25,0.1875
834000,317.3908114446,0.0,0.1875,0.125
834100,317.60666292387924,0.0,0.125,0.140625
834200,317.6900057874198,0.0,0.25,0.140625
834300,317.82713663338575,0.0,0.3125,0.125
834400,317.98933332448127,0.0,0.25,0.109375
834500,318.0830574407508,0.0,0.25,0.171875
834600,318.25156481852605,0.0,0.25,0.140625
834700,318.3242179074883,0.0,0.1875,0.203125
834800,318.40915673887383,0.0,0.1875,0.109375
834900,318.5117592605607,0.0,0.1875,0.109375
835000,318.60221390783306,0.0,0.25,0.15625
835100,318.7522100364643,0.0,0.0625,0.015625
835200,318.7946125988687,0.0,0.25,0.15625
835300,318.9678766465307,0.0,0.25,0.1875
835400,319.0305912537258,0.0,0.125,0.078125
835500,319.1092458075489,0.0,0.1875,0.203125
835600,319.1463724699993,0.0,0.1875,0.140625
835700,319.2373070436782,0.0,0.25,0.1875
835800,319.357283472817,0.0,0.1875,0.15625
835900,319.5626355283733,0.0,0.25,0.140625
836000,319.7130215357003,0.0,0.25,0.125
836100,319.9214355003264,0.0,0.25,0.15625
836200,320.07869182122704,0.0,0.25,0.125
836300,320.182453563552,0.0,0.3125,0.171875
836400,320.252243545412,0.0,0.25,0.125
836500,320.3954088811958,0.0,0.25,0.203125
836600,320.53567820709907,0.0,0.25,0.140625
836700,320.699745502957,0.0,0.25,0.15625
836800,320.83252798260196,0.0,0.25,0.234375
836900,320.9218036440842,0.0,0.1875,0.15625
837000,321.10163907361823,0.0,0.25,0.1875
837100,321.22604902881153,0.0,0.3125,0.1875
837200,321.3832126108159,0.0,0.1875,0.1875
837300,321.4596952765797,0.0,0.1875,0.25
837400,321.59601262531186,0.0,0.25,0.171875
837500,321.67294527055344,0.0,0.125,0.09375
837600,321.80095749232635,0.0,0.25,0.15625
837700,321.88158777683276,0.0,0.25,0.15625
837800,321.97427775305243,0.0,0.25,0.203125
837900,322.0742925712272,0.0,0.25,0.28125
838000,322.1656658634155,0.0,0.25,0.171875
838100,322.27779323203987,0.0,0.25,0.25
838200,322.35653598845084,0.0,0.25,0.109375
838300,322.4757323364104,0.0,0.3125,0.109375
838400,322.5959050167479,0.0,0.25,0.21875
838500,322.740945434563,0.0,0.125,0.171875
838600,322.88805393450775,0.0,0.25,0.171875
838700,322.9937110756777,0.0,0.1875,0.171875
838800,323.11475805600395,0.0,0.1875,0.15625
838900,323.2573429793923,0.0,0.125,0.109375
839000,323.4450058380192,0.0,0.3125,0.234375
839100,323.5150251133447,0.0,0.25,0.203125
839200,323.71724129630996,0.0,0.125,0.125
839300,323.77630573586174,0.0,0.1875,0.15625
839400,323.97748618119664,0.0,0.25,0.234375
839500,324.1314433825231,0.0,0.1875,0.1875
839600,324.2670436816821,0.0,0.125,0.140625
839700,324.3941946862914,0.0,0.25,0.15625
839800,324.48197082193184,0.0,0.3125,0.25
839900,324.67658736703044,0.0,0.1875,0.21875
840000,324.7959974809818,0.0,0.25,0.15625
840100,324.94679114006306,0.0,0.25,0.171875
840200,325.1099977875275,0.0,0.1875,0.234375
840300,325.2218037762841,0.0,0.25,0.171875
840400,325.3095071881087,0.0,0.125,0.109375
840500,325.4994398582102,0.0,0.3125,0.234375
840600,325.59969413187935,0.0,0.1875,0.15625
840700,325.71741441337787,0.0,0.125,0.125
840800,325.8700469712686,0.0,0.25,0.21875
840900,325.94433062175153,0.0,0.25,0.203125
841000,326.07834897750814,0.0,0.1875,0.125
841100,326.21099251677157,0.0,0.1875,0.1875
841200,326.34011255557107,0.0,0.25,0.1875
841300,326.4675443855615,0.0,0.25,0.171875
841400,326.741522388084,0.0,0.3125,0.203125
841500,326.9004195049452,0.0,0.25,0.171875
841600,327.02120266448634,0.0,0.25,0.25
841700,327.1757842881074,0.0,0.25,0.265625
841800,327.3185407768257,0.0,0.125,0.15625
841900,327.4340622316875,0.0,0.25,0.234375
842000,327.64220777985236,0.0,0.25,0.140625
842100,327.78361240210364,0.0,0.3125,0.1875
842200,327.9524800648395,0.0,0.3125,0.21875
842300,328.15353809794715,0.0,0.25,0.140625
842400,328.43146971853474,0.0,0.25,0.203125
842500,328.57127275697337,0.0,0.25,0.140625
842600,328.7205925684091,0.0,0.1875,0.15625
842700,328.8755446939807,0.0,0.3125,0.15625
842800,328.9802450033265,0.0,0.125,0.09375
842900,329.1856453217179,0.0,0.25,0.25
843000,329.32021562929964,0.0,0.3125,0.203125
843100,329.42048135849956,0.0,0.1875,0.171875
843200,329.56325925700156,0.0,0.3125,0.21875
843300,329.93093277677855,0.0,0.1875,0.234375
843400,330.1189504350772,0.0,0.25,0.265625
843500,330.3360606648286,0.0,0.25,0.15625
843600,330.527781971302,0.0,0.25,0.234375
843700,330.7572157014207,0.0,0.3125,0.265625
843800,330.96846737336557,0.0,0.25,0.1875
843900,331.14586792722287,0.0,0.25,0.21875
844000,331.3507430156983,0.0,0.1875,0.21875
844100,331.5211947117325,0.0,0.25,0.1875
844200,331.68420639730914,0.0,0.1875,0.171875
844300,331.90106132411944,0.0,0.25,0.15625
844400,332.01584534502643,0.0,0.3125,0.28125
844500,332.1839495858669,0.0,0.25,0.1875
844600,332.37471036963876,0.0,0.25,0.171875
844700,332.5790679190981,0.0,0.1875,0.265625
844800,332.89775565153525,0.0,0.1875,0.125
844900,333.21368395535535,0.0,0.25,0.21875
845000,333.49232331002685,0.0,0.1875,0.125
845100,333.6905145149655,0.0,0.1875,0.15625
845200,333.94635433364846,0.0,0.1875,0.203125
845300,334.11726193876467,0.0,0.3125,0.1875
845400,334.3728880504249,0.0,0.25,0.1875
845500,334.5519115692102,0.0,0.1875,0.140625
845600,334.76052545336245,0.0,0.1875,0.15625
845700,334.9741393398532,0.0,0.25,0.1875
845800,335.3456143634182,0.0,0.1875,0.1875
845900,335.5580603437852,0.0,0.1875,0.1875
846000,335.85908162816975,0.0,0.25,0.171875
846100,336.0725899484741,0.0,0.25,0.21875
846200,336.43957297110774,0.0,0.25,0.328125
846300,336.89019469819846,0.0,0.25,0.21875
846400,337.10123909515596,0.0,0.3125,0.25
846500,337.3809437339055,0.0,0.25,0.28125
846600,337.76028950704176,0.0,0.1875,0.140625
846700,338.15819015984,0.0,0.25,0.171875
846800,338.5189450892679,0.0,0.25,0.28125
846900,338.80545750755454,0.0,0.25,0.3125
847000,339.136746051852,0.0,0.3125,0.234375
847100,339.4906134415355,0.0,0.1875,0.15625
847200,339.8557566803781,0.0,0.1875,0.25
847300,340.234363262284,0.0,0.1875,0.234375
847400,340.7020847118646,0.0,0.3125,0.203125
847500,341.0340117096907,0.0,0.1875,0.21875
847600,341.6257372548121,0.0,0.25,0.234375
847700,342.0077223695336,0.0,0.3125,0.1875
847800,342.5882810675035,0.0,0.25,0.234375
847900,343.0038826368231,0.0,0.25,0.140625
848000,343.4000767727278,0.0,0.25,0.21875
848100,344.08035780501757,0.0,0.125,0.203125
848200,344.436988030213,0.0,0.1875,0.171875
848300,344.72355135983963,0.0,0.1875,0.1875
848400,345.3381355856197,0.0,0.25,0.234375
848500,345.6528377606109,0.0,0.25,0.203125
848600,346.1127371979298,0.0,0.3125,0.3125
848700,346.5271307639074,0.0,0.3125,0.171875
848800,346.98952688817485,0.0,0.25,0.1875
848900,347.4125991696096,0.0,0.25,0.203125
849000,347.663896919224,0.0,0.25,0.125
849100,348.03830232581333,0.0,0.25,0.265625
849200,348.38126256443246,0.0,0.25,0.125
849300,348.76019651567117,0.0,0.125,0.171875
849400,349.48187561475953,0.0,0.3125,0.21875
849500,349.9613293999599,0.0,0.1875,0.171875
849600,350.55406510209843,0.0,0.1875,0.1875
849700,351.00273683971847,0.0,0.1875,0.171875
849800,351.5699322105054,0.0,0.25,0.21875
849900,352.0125486508459,0.0,0.25,0.140625
850000,244.1974376568498,0.0,0.1875,0.265625
850100,262.7195064061791,0.0,0.1875,0.171875
850200,272.6546962119318,0.0,0.3125,0.203125
850300,279.2223839082442,0.0,0.25,0.1875
850400,283.4558319698198,0.0,0.25,0.1875
850500,287.87226189467697,0.0,0.25,0.296875
850600,291.11033029186217,0.0,0.25,0.25
850700,293.64720118131066,0.0,0.25,0.15625
850800,295.967878518276,0.0,0.1875,0.171875
850900,298.37631146563405,0.0,0.1875,0.1875
851000,300.2142757020464,0.0,0.125,0.171875
851100,302.52155925900644,0.0,0.1875,0.15625
851200,303.98475781467374,0.0,0.1875,0.125
851300,305.55813004613117,0.0,0.25,0.1875
851400,306.92849013825384,0.0,0.1875,0.203125
851500,308.8928009843512,0.0,0.25,0.25
851600,310.0148115979787,0.0,0.25,0.25
851700,311.20285659469835,0.0,0.1875,0.15625
851800,312.29404549447713,0.0,0.3125,0.234375
851900,313.39745252015877,0.0,0.1875,0.171875
852000,314.50729837622634,0.0,0.3125,0.265625
852100,315.5385103726126,0.0,0.25,0.1875
852200,316.47354939059267,0.0,0.1875,0.234375
852300,317.5042103223628,0.0,0.25,0.234375
852400,318.5314630966458,0.0,0.25,0.265625
852500,320.1077995698869,0.0,0.1875,0.21875
852600,320.92730863531995,0.0,0.1875,0.28125
852700,321.87284921765627,0.0,0.1875,0.21875
852800,323.26365101923636,0.0,0.1875,0.1875
852900,324.29723550398813,0.0,0.25,0.28125
853000,325.1524792993641,0.0,0.3125,0.28125
853100,326.6915157913471,0.0,0.1875,0.15625
853200,328.6539783010542,0.0,0.25,0.1875
853300,330.30363873089794,0.0,0.1875,0.171875
853400,332.5077936495709,0.0,0.1875,0.15625
853500,334.1154534097546,0.0,0.1875,0.09375
853600,335.8236500638603,0.0,0.25,0.1875
853700,337.8793667972855,0.0,0.1875,0.140625
853800,339.1427617782547,0.0,0.1875,0.203125
853900,340.0619868882463,0.0,0.1875,0.1875
854000,341.1275396893664,0.0,0.25,0.25
854100,342.23191367175315,0.0,0.25,0.234375
854200,343.3842494688084,0.0,0.25,0.234375
854300,344.30870847968987,0.0,0.1875,0.25
854400,345.321985519204,0.0,0.125,0.109375
854500,346.0140575033756,0.0,0.25,0.125
854600,346.6903506954861,0.0,0.25,0.1875
854700,347.7062950030102,0.0,0.125,0.15625
854800,348.48777383211666,0.0,0.1875,0.171875
854900,349.51615177619635,0.0,0.125,0.109375
855000,350.5528359736163,0.0,0.1875,0.234375
855100,351.58839938146946,0.0,0.25,0.1875
855200,352.36350485077435,0.0,0.25,0.234375
855300,353.0212703789036,0.0,0.25,0.21875
855400,353.8092618386163,0.0,0.25,0.28125
855500,354.60241246316866,0.0,0.1875,0.109375
855600,355.448473487557,0.0,0.25,0.234375
855700,356.33582637671185,0.0,0.25,0.234375
855800,356.93905283998174,0.0,0.25,0.140625
855900,357.64112810772093,0.0,0.25,0.15625
856000,358.42045402653264,0.0,0.25,0.234375
856100,358.8700651218554,0.0,0.1875,0.140625
856200,359.63943319393616,0.0,0.1875,0.203125
856300,360.1932915330257,0.0,0.25,0.203125
856400,360.55888944161023,0.0,0.25,0.21875
856500,361.27168784276836,0.0,0.25,0.234375
856600,361.840813475918,0.0,0.125,0.109375
856700,362.3894752562879,0.0,0.1875,0.109375
856800,362.9233617773679,0.0,0.25,0.15625
856900,363.55510331390735,0.0,0.25,0.15625
857000,364.325945968345,0.0,0.25,0.3125
857100,365.06624964607244,0.0,0.25,0.140625
857200,365.5221568280803,0.0,0.1875,0.171875
857300,366.1216209531481,0.0,0.25,0.203125
857400,366.97747166558054,0.0,0.1875,0.140625
857500,367.4697635031196,0.0,0.25,0.203125
857600,367.8710431608466,0.0,0.1875,0.171875
857700,368.48315231024895,0.0,0.25,0.21875
857800,368.8321450361905,0.0,0.1875,0.140625
857900,369.3587036602503,0.0,0.25,0.171875
858000,369.90647028023426,0.0,0.1875,0.171875
858100,370.4091917152379,0.0,0.1875,0.265625
858200,370.7783793575862,0.0,0.25,0.171875
858300,371.05864029389,0.0,0.25,0.234375
858400,371.4439665665621,0.0,0.1875,0.265625
858500,371.68516675427117,0.0,0.25,0.265625
858600,372.0168991063092,0.0,0.25,0.15625
858700,372.4886846764579,0.0,0.1875,0.140625
858800,373.16419967600604,0.0,0.1875,0.1875
858900,373.5740705763465,0.0,0.25,0.1875
859000,373.9260767403596,0.0,0.1875,0.140625
859100,375.2691816729309,0.0,0.25,0.203125
859200,375.60796846051113,0.0,0.1875,0.15625
859300,376.1108162923986,0.0,0.125,0.1875
859400,376.3846938822984,0.0,0.3125,0.1875
859500,376.7092518612582,0.0,0.25,0.1875
859600,377.0576457194052,0.0,0.1875,0.140625
859700,377.46773550487734,0.0,0.25,0.25
859800,377.8075524047223,0.0,0.1875,0.265625
859900,378.42777679032025,0.0,0.25,0.15625
860000,379.53707532532724,0.0,0.25,0.171875
860100,379.9478205207515,0.0,0.25,0.25
860200,380.28468320555714,0.0,0.1875,0.25
860300,380.55792577860313,0.0,0.1875,0.15625
860400,380.79576323267656,0.0,0.25,0.1875
860500,381.18459279474354,0.0,0.25,0.21875
860600,381.5833234431089,0.0,0.25,0.28125
860700,381.9309249467449,0.0,0.25,0.296875
860800,382.1796957403917,0.0,0.1875,0.15625
860900,382.51373468383605,0.0,0.25,0.140625
861000,382.90398451513516,0.0,0.125,0.203125
861100,383.26659431448,0.0,0.125,0.203125
861200,383.7777778971596,0.0,0.1875,0.140625
861300,384.1096077000842,0.0,0.1875,0.140625
861400,384.25641494309866,0.0,0.25,0.171875
861500,384.39576318221503,0.0,0.1875,0.125
861600,384.65022729593255,0.0,0.25,0.203125
861700,384.8998126757801,0.0,0.125,0.140625
861800,385.25953809175996,0.0,0.25,0.21875
861900,385.5949065796747,0.0,0.1875,0.234375
862000,385.9382919397878,0.0,0.25,0.15625
862100,386.1563063226192,0.0,0.25,0.25
862200,386.4381047994045,0.0,0.1875,0.078125
862300,386.66956552758467,0.0,0.25,0.171875
862400,387.05468181816167,0.0,0.25,0.25
862500,387.3522597303218,0.0,0.25,0.203125
862600,387.7250521219243,0.0,0.1875,0.1875
862700,388.0720101804781,0.0,0.1875,0.15625
862800,388.32345237599355,0.0,0.1875,0.171875
862900,388.68742172066436,0.0,0.25,0.1875
863000,388.9830936895755,0.0,0.25,0.203125
863100,389.2318799829336,0.0,0.25,0.140625
863200,389.6193184246875,0.0,0.1875,0.15625
863300,389.82065881673844,0.0,0.25,0.203125
863400,390.0697606856651,0.0,0.25,0.203125
863500,390.4475910098779,0.0,0.25,0.296875
863600,390.7234718140338,0.0,0.1875,0.171875
863700,391.10850384731225,0.0,0.1875,0.15625
863800,391.3977735828254,0.0,0.1875,0.1875
863900,391.6090302533854,0.0,0.1875,0.140625
864000,391.8848391544757,0.0,0.25,0.203125
864100,392.18517365670914,0.0,0.25,0.3125
864200,392.5157072164712,0.0,0.1875,0.09375
864300,392.8828425444124,0.0,0.25,0.25
864400,393.2683584277789,0.0,0.25,0.234375
864500,393.4344570989034,0.0,0.25,0.21875
864600,393.8087666985066,0.0,0.25,0.21875
864700,394.1630228022009,0.0,0.25,0.15625
864800,394.3929519430823,0.0,0.25,0.265625
864900,394.5762675434873,0.0,0.25,0.15625
865000,394.7260064629346,0.0,0.25,0.28125
865100,394.95891418674984,0.0,0.1875,0.140625
865200,395.0935702134862,0.0,0.25,0.1875
865300,395.46699536658974,0.0,0.125,0.140625
865400,395.88038413751514,0.0,0.25,0.1875
865500,396.30198642388194,0.0,0.25,0.203125
865600,396.54269024026456,0.0,0.25,0.1875
865700,396.9563368933853,0.0,0.1875,0.140625
865800,397.2356186799401,0.0,0.1875,0.140625
865900,397.51930740731405,0.0,0.25,0.203125
866000,397.6812447157071,0.0,0.1875,0.203125
866100,397.88083571329645,0.0,0.25,0.15625
866200,398.1793934780994,0.0,0.25,0.171875
866300,398.6192480674717,0.0,0.1875,0.1875
866400,398.80060577585203,0.0,0.1875,0.15625
866500,399.1926398396407,0.0,0.1875,0.234375
866600,399.3438910171754,0.0,0.1875,0.1875
866700,399.551754200802,0.0,0.1875,0.25
866800,399.7172857283701,0.0,0.1875,0.1875
866900,400.0146389346367,0.0,0.25,0.265625
867000,400.51117317175,0.0,0.1875,0.140625
867100,400.6369417889553,0.0,0.25,0.15625
867200,400.7579816927788,0.0,0.25,0.1875
867300,400.901995258728,0.0,0.1875,0.28125
867400,401.2007721678141,0.0,0.1875,0.25
867500,401.3744522171878,0.0,0.25,0.171875
867600,401.6917293797581,0.0,0.1875,0.171875
867700,402.0509990651556,0.0,0.25,0.28125
867800,402.2441494481742,0.0,0.25,0.203125
867900,402.5210988087294,0.0,0.25,0.15625
868000,402.71676874264546,0.0,0.1875,0.15625
868100,402.7969849869615,0.0,0.125,0.203125
868200,402.9377016941813,0.0,0.25,0.171875
868300,403.16881911748743,0.0,0.1875,0.140625
868400,403.37361216818505,0.0,0.25,0.21875
868500,403.5569961465401,0.0,0.25,0.15625
868600,403.7126804824787,0.0,0.125,0.09375
868700,404.03120128502223,0.0,0.25,0.1875
868800,404.3039588284307,0.0,0.125,0.234375
868900,404.35912245818207,0.0,0.25,0.25
869000,404.6024859597711,0.0,0.1875,0.1875
869100,404.83906503257896,0.0,0.1875,0.15625
869200,405.04504496623764,0.0,0.25,0.25
869300,405.24317163354004,0.0,0.1875,0.25
869400,405.37733217948,0.0,0.1875,0.203125
869500,405.5461961020816,0.0,0.1875,0.25
869600,405.7480813693527,0.0,0.25,0.1875
869700,405.8678732598638,0.0,0.1875,0.203125
869800,406.0421571503289,0.0,0.1875,0.234375
869900,406.2664189194267,0.0,0.25,0.234375
870000,406.4463812564019,0.0,0.25,0.1875
870100,406.5810755489706,0.0,0.3125,0.234375
870200,406.767471440579,0.0,0.25,0.203125
870300,406.98925259549003,0.0,0.25,0.1875
870400,407.2159729446154,0.0,0.25,0.203125
870500,407.3272781384666,0.0,0.25,0.15625
870600,407.57335968585136,0.0,0.25,0.203125
870700,407.74146513552915,0.0,0.25,0.25
870800,407.8949060154407,0.0,0.25,0.359375
870900,408.13501504429536,0.0,0.125,0.203125
871000,408.4236344530492,0.0,0.25,0.234375
871100,408.5542824398337,0.0,0.125,0.15625
871200,408.7705803477047,0.0,0.25,0.21875
871300,409.00123436971364,0.0,0.25,0.234375
871400,409.2643630881234,0.0,0.25,0.234375
871500,409.61355667664145,0.0,0.1875,0.1875
871600,409.69491569122243,0.0,0.125,0.234375
871700,409.8903011065361,0.0,0.25,0.234375
871800,410.11519027622796,0.0,0.1875,0.15625
871900,410.23027656726754,0.0,0.25,0.203125
872000,410.4160084623039,0.0,0.1875,0.203125
872100,410.57005783795904,0.0,0.25,0.1875
872200,410.6519879187544,0.0,0.1875,0.171875
872300,410.81484016605316,0.0,0.25,0.234375
872400,410.8736483432459,0.0,0.1875,0.234375
872500,411.07941130118644,0.0,0.1875,0.15625
872600,411.21779400357553,0.0,0.25,0.15625
872700,411.4497787618674,0.0,0.1875,0.15625
872800,411.59052570979327,0.0,0.3125,0.234375
872900,411.7941712762925,0.0,0.1875,0.203125
873000,411.94441207800287,0.0,0.25,0.25
873100,412.1301640894326,0.0,0.25,0.15625
873200,412.2662983048239,0.0,0.25,0.203125
873300,412.41365257794763,0.0,0.1875,0.21875
873400,412.5610967973018,0.0,0.1875,0.28125
873500,412.8424966173801,0.0,0.25,0.171875
873600,413.03486984821325,0.0,0.25,0.1875
873700,413.1765622535004,0.0,0.1875,0.203125
873800,413.3122197484544,0.0,0.25,0.203125
873900,413.5453945034655,0.0,0.1875,0.1875
874000,413.71046592617085,0.0,0.25,0.1875
874100,413.8710561232769,0.0,0.25,0.21875
874200,413.963301519583,0.0,0.125,0.171875
874300,414.1799570775082,0.0,0.25,0.203125
874400,414.46570916571994,0.0,0.25,0.234375
874500,414.67315950532026,0.0,0.3125,0.234375
874600,414.8232484853249,0.0,0.25,0.1875
874700,415.13896800321044,0.0,0.1875,0.203125
874800,415.2635910450105,0.0,0.3125,0.15625
874900,415.449444682481,0.0,0.25,0.21875
875000,168.01882821273782,0.0,0.1875,0.234375
875100,190.34530432292308,0.0,0.125,0.171875
875200,205.72633343756257,0.0,0.25,0.21875
875300,213.089393792471,0.0,0.1875,0.265625
875400,224.757634534898,0.0,0.3125,0.28125
875500,236.44557346884687,0.0,0.3125,0.171875
875600,249.32562471933196,0.0,0.25,0.296875
875700,257.42516026347863,0.0,0.25,0.171875
875800,261.87455079596214,0.0,0.125,0.171875
875900,263.9965513381863,0.0,0.1875,0.21875
876000,267.1438071142163,0.0,0.1875,0.203125
876100,269.59285686988994,0.0,0.125,0.140625
876200,271.56857733947726,0.0,0.125,0.140625
876300,273.3721517118169,0.0,0.375,0.203125
876400,275.2586987812437,0.0,0.25,0.21875
876500,276.5280012932338,0.0,0.1875,0.1875
876600,277.68382134474814,0.0,0.25,0.109375
876700,279.3239406774076,0.0,0.3125,0.265625
876800,280.5445441932947,0.0,0.25,0.265625
876900,281.921005147092,0.0,0.1875,0.1875
877000,282.8847153432939,0.0,0.25,0.140625
877100,283.73105202284296,0.0,0.0625,0.140625
877200,285.1513058877222,0.0,0.1875,0.234375
877300,286.1407102565119,0.0,0.1875,0.171875
877400,287.29219114495265,0.0,0.3125,0.25
877500,288.4529723054225,0.0,0.25,0.125
877600,289.5054274846005,0.0,0.1875,0.21875
877700,290.18886926497555,0.0,0.25,0.34375
877800,291.17618319455045,0.0,0.1875,0.203125
877900,291.8615305656119,0.0,0.25,0.1875
878000,292.5945034998712,0.0,0.1875,0.234375
878100,293.0576601552856,0.0,0.25,0.234375
878200,293.6847690359374,0.0,0.3125,0.234375
878300,294.2171489292777,0.0,0.1875,0.203125
878400,295.0198303894775,0.0,0.125,0.21875
878500,295.49558292225345,0.0,0.125,0.15625
878600,296.150652906685,0.0,0.125,0.234375
878700,296.70989047617684,0.0,0.3125,0.1875
878800,297.0626778334203,0.0,0.25,0.21875
878900,297.64569851285466,0.0,0.25,0.234375
879000,298.3093062254343,0.0,0.1875,0.234375
879100,298.868823903707,0.0,0.3125,0.140625
879200,299.3628305545967,0.0,0.25,0.1875
879300,299.8951916824163,0.0,0.125,0.125
879400,300.2535395921547,0.0,0.1875,0.203125
879500,300.7767459269766,0.0,0.25,0.265625
879600,301.1809693794377,0.0,0.1875,0.203125
879700,301.4987114857772,0.0,0.25,0.171875
879800,301.8947946393127,0.0,0.25,0.234375
879900,302.35865369232926,0.0,0.25,0.171875
880000,302.538280477988,0.0,0.3125,0.296875
880100,302.86728811993447,0.0,0.3125,0.15625
880200,303.40592810608376,0.0,0.1875,0.28125
880300,303.80261393332705,0.0,0.3125,0.3125
880400,304.1528571371594,0.0,0.1875,0.21875
880500,304.67850144589687,0.0,0.25,0.1875
880600,305.02761229785926,0.0,0.25,0.1875
880700,305.3353576382289,0.0,0.125,0.203125
880800,305.7477692586656,0.0,0.25,0.171875
880900,306.13239507063787,0.0,0.25,0.171875
881000,306.4675723716877,0.0,0.3125,0.21875
881100,306.8125705748332,0.0,0.25,0.203125
881200,307.0586439747732,0.0,0.3125,0.140625
881300,307.265749858542,0.0,0.3125,0.203125
881400,307.5538943222698,0.0,0.25,0.234375
881500,307.72126042871685,0.0,0.25,0.1875
881600,308.0693182037133,0.0,0.1875,0.15625
881700,308.516020044775,0.0,0.3125,0.25
881800,308.80363391811073,0.0,0.25,0.140625
881900,309.07744494075126,0.0,0.1875,0.34375
882000,309.23255886698985,0.0,0.25,0.203125
882100,309.4662572586721,0.0,0.1875,0.171875
882200,309.6329912148443,0.0,0.125,0.1875
882300,309.86656492666583,0.0,0.25,0.234375
882400,310.0915985591058,0.0,0.25,0.21875
882500,310.36771403419,0.0,0.25,0.234375
882600,310.5130137427611,0.0,0.25,0.171875
882700,310.6356572628986,0.0,0.1875,0.203125
882800,310.7697643561429,0.0,0.1875,0.171875
882900,310.93063279010266,0.0,0.25,0.21875
883000,311.14188167844054,0.0,0.3125,0.171875
883100,311.30160074244753,0.0,0.25,0.1875
883200,311.5538524693479,0.0,0.25,0.21875
883300,311.7501354439149,0.0,0.25,0.234375
883400,311.8177126116736,0.0,0.25,0.21875
883500,312.069760671679,0.0,0.25,0.234375
883600,312.20074058941213,0.0,0.125,0.1875
883700,312.3598491564367,0.0,0.25,0.21875
883800,312.5382315148366,0.0,0.25,0.390625
883900,312.62804977464776,0.0,0.3125,0.234375
884000,312.89021498938166,0.0,0.25,0.15625
884100,313.21178039740505,0.0,0.25,0.265625
884200,313.40290483308934,0.0,0.3125,0.203125
884300,313.8111945212723,0.0,0.25,0.203125
884400,314.02675112706254,0.0,0.25,0.171875
884500,314.23342245575014,0.0,0.1875,0.296875
884600,314.37918082925165,0.0,0.3125,0.265625
884700,314.51206809501656,0.0,0.3125,0.171875
884800,314.64122344296675,0.0,0.3125,0.171875
884900,314.76141280424594,0.0,0.3125,0.296875
885000,314.86808147804584,0.0,0.25,0.21875
885100,315.17984616772304,0.0,0.25,0.203125
885200,315.2868203456877,0.0,0.3125,0.171875
885300,315.4098969957055,0.0,0.25,0.21875
885400,315.59182900148573,0.0,0.25,0.296875
885500,315.74601242438246,0.0,0.3125,0.21875
885600,315.88655021202106,0.0,0.3125,0.296875
885700,315.99771359677567,0.0,0.1875,0.265625
885800,316.0628477598977,0.0,0.25,0.1875
885900,316.16936412496653,0.0,0.25,0.296875
886000,316.3216222429232,0.0,0.25,0.21875
886100,316.42995342686766,0.0,0.125,0.125
886200,316.577074863151,0.0,0.1875,0.109375
886300,316.72664037638276,0.0,0.25,0.21875
886400,316.8375613282692,0.0,0.25,0.25
886500,317.00243047955263,0.0,0.1875,0.265625
886600,317.1374466835749,0.0,0.1875,0.296875
886700,317.2276879391545,0.0,0.375,0.234375
886800,317.3983245007754,0.0,0.25,0.25
886900,317.7421945128705,0.0,0.25,0.21875
887000,317.84898339807484,0.0,0.3125,0.265625
887100,317.96475925483435,0.0,0.25,0.140625
887200,318.106732493496,0.0,0.25,0.359375
887300,318.18672244806146,0.0,0.1875,0.265625
887400,318.42081291672235,0.0,0.25,0.203125
887500,318.5604978420316,0.0,0.1875,0.140625
887600,318.7607650025845,0.0,0.1875,0.1875
887700,318.8734573513609,0.0,0.25,0.296875
887800,319.0666496846711,0.0,0.3125,0.1875
887900,319.1939970673523,0.0,0.25,0.265625
888000,319.41120560641605,0.0,0.3125,0.3125
888100,319.5959393881632,0.0,0.3125,0.25
888200,319.68802639296274,0.0,0.25,0.234375
888300,319.79641577001456,0.0,0.3125,0.25
888400,319.93805158325426,0.0,0.3125,0.21875
888500,320.036394200144,0.0,0.25,0.203125
888600,320.1832697817737,0.0,0.3125,0.265625
888700,320.26060180379255,0.0,0.25,0.15625
888800,320.40156625129356,0.0,0.1875,0.203125
888900,320.62963479710373,0.0,0.25,0.25
889000,320.70678196838463,0.0,0.1875,0.265625
889100,320.80275059124574,0.0,0.25,0.203125
889200,320.96757076694723,0.0,0.25,0.265625
889300,321.1107200204634,0.0,0.1875,0.21875
889400,321.16313320017923,0.0,0.1875,0.21875
889500,321.2555794199585,0.0,0.1875,0.3125
889600,321.3381563623214,0.0,0.25,0.28125
889700,321.4049458688099,0.0,0.1875,0.21875
889800,321.490273044235,0.0,0.25,0.234375
889900,321.5693119528948,0.0,0.25,0.296875
890000,321.61821826551136,0.0,0.25,0.28125
890100,321.7707277671644,0.0,0.25,0.265625
890200,321.8761316799593,0.0,0.25,0.25
890300,321.9938515678344,0.0,0.25,0.203125
890400,322.21003693867607,0.0,0.25,0.25
890500,322.34513722612894,0.0,0.25,0.296875
890600,322.4287797883515,0.0,0.25,0.28125
890700,322.5913693733161,0.0,0.25,0.25
890800,322.66281052877906,0.0,0.25,0.28125
890900,322.7715490908117,0.0,0.25,0.328125
891000,322.89715264043116,0.0,0.1875,0.25
891100,323.0491587254501,0.0,0.1875,0.3125
891200,323.20990149547293,0.0,0.25,0.25
891300,323.293876820873,0.0,0.25,0.1875
891400,323.43772703633914,0.0,0.25,0.375
891500,323.568044303649,0.0,0.25,0.328125
891600,323.7457300445328,0.0,0.25,0.328125
891700,323.83022329651334,0.0,0.1875,0.21875
891800,324.01867260594224,0.0,0.25,0.234375
891900,324.10038354684247,0.0,0.25,0.296875
892000,324.24682826169993,0.0,0.25,0.359375
892100,324.3383418379727,0.0,0.25,0.296875
892200,324.4177086849974,0.0,0.25,0.3125
892300,324.51520181713136,0.0,0.25,0.25
892400,324.57037899143927,0.0,0.25,0.265625
892500,324.70988693183034,0.0,0.25,0.265625
892600,324.84022987017534,0.0,0.1875,0.3125
892700,324.92186429047206,0.0,0.1875,0.265625
892800,325.00090459682747,0.0,0.25,0.296875
892900,325.12743678144744,0.0,0.25,0.421875
893000,325.3177596297945,0.0,0.25,0.25
893100,325.4352376844792,0.0,0.25,0.25
893200,325.54114002796194,0.0,0.25,0.296875
893300,325.647207897728,0.0,0.1875,0.3125
893400,325.7408843358862,0.0,0.25,0.265625
893500,325.82018359650846,0.0,0.25,0.203125
893600,325.8900268862256,0.0,0.25,0.328125
893700,326.05613937207363,0.0,0.25,0.28125
893800,326.1104505181576,0.0,0.25,0.375
893900,326.14250344649906,0.0,0.25,0.296875
894000,326.2240862119474,0.0,0.25,0.25
894100,326.4171431931988,0.0,0.25,0.34375
894200,326.4984866247883,0.0,0.25,0.328125
894300,326.5739143679535,0.0,0.25,0.328125
894400,326.62350995116793,0.0,0.1875,0.328125
894500,326.7034855320999,0.0,0.25,0.40625
894600,326.8200983652647,0.0,0.25,0.296875
894700,326.95149015418536,0.0,0.1875,0.40625
894800,327.0543189707168,0.0,0.25,0.28125
894900,327.1451369056665,0.0,0.1875,0.328125
895000,327.30012563673574,0.0,0.1875,0.3125
895100,327.48944699780196,0.0,0.25,0.453125
895200,327.57425325908935,0.0,0.25,0.25
895300,327.60593770090753,0.0,0.25,0.296875
895400,327.71059884603017,0.0,0.1875,0.390625
895500,327.811202582172,0.0,0.25,0.296875
895600,327.95946980670493,0.0,0.25,0.203125
895700,328.05702855674457,0.0,0.25,0.3125
895800,328.1523450636852,0.0,0.1875,0.265625
895900,328.20371883197856,0.0,0.25,0.3125
896000,328.2624481379572,0.0,0.1875,0.296875
896100,328.38710875022895,0.0,0.1875,0.28125
896200,328.4843441179842,0.0,0.375,0.296875
896300,328.64341952050154,0.0,0.25,0.328125
896400,328.7214451739665,0.0,0.1875,0.28125
896500,328.8571183768457,0.0,0.25,0.28125
896600,329.01778434875433,0.0,0.3125,0.25
896700,329.0998973875069,0.0,0.1875,0.265625
896800,329.253562851168,0.0,0.25,0.25
896900,329.3570534803577,0.0,0.1875,0.25
897000,329.5143788840977,0.0,0.25,0.34375
897100,329.5991644569623,0.0,0.25,0.328125
897200,329.7956753630091,0.0,0.25,0.3125
897300,329.98552791422657,0.0,0.25,0.296875
897400,330.08836839338534,0.0,0.25,0.25
897500,330.2185096162416,0.0,0.25,0.265625
897600,330.33940491387835,0.0,0.125,0.265625
897700,330.4542228957224,0.0,0.25,0.25
897800,330.61013904554517,0.0,0.25,0.21875
897900,330.66223626012203,0.0,0.25,0.25
898000,330.74883939139573,0.0,0.25,0.21875
898100,330.83628526449553,0.0,0.1875,0.328125
898200,330.9196584357292,0.0,0.25,0.34375
898300,330.99053187117744,0.0,0.25,0.34375
898400,331.0629343190397,0.0,0.1875,0.3125
898500,331.27212757627075,0.0,0.1875,0.21875
898600,331.4504596358099,0.0,0.1875,0.28125
898700,331.59946094656283,0.0,0.25,0.28125
898800,331.67701647573745,0.0,0.1875,0.234375
898900,331.7219219397698,0.0,0.1875,0.265625
899000,331.8822261420058,0.0,0.25,0.375
899100,332.003663144445,0.0,0.25,0.21875
899200,332.1565414445326,0.0,0.1875,0.25
899300,332.36483115069296,0.0,0.25,0.3125
899400,332.4760490865184,0.0,0.1875,0.265625
899500,332.5749359095969,0.0,0.1875,0.28125
899600,332.6336792300489,0.0,0.25,0.34375
899700,332.72824430115674,0.0,0.1875,0.4375
899800,332.83504007598594,0.0,0.1875,0.34375
899900,332.9169031255798,0.0,0.25,0.328125
900000,329.526181704899,0.0,0.25,0.234375
900100,331.69807786407773,0.0,0.25,0.28125
900200,333.3456180536644,0.0,0.25,0.390625
900300,334.682758845612,0.0,0.25,0.296875
900400,336.8703532277899,0.0,0.25,0.34375
900500,337.58850298458646,0.0,0.25,0.328125
900600,338.81101770961703,0.0,0.25,0.28125
900700,339.34385748243415,0.0,0.3125,0.3125
900800,340.91998233392343,0.0,0.1875,0.296875
900900,342.91382005985014,0.0,0.1875,0.359375
901000,343.8238021649283,0.0,0.25,0.328125
901100,345.23149338440555,0.0,0.1875,0.34375
901200,346.59483975597965,0.0,0.1875,0.296875
901300,349.8170024907452,0.0,0.25,0.40625
901400,351.25589583126145,0.0,0.25,0.328125
901500,353.3086167103174,0.0,0.25,0.328125
901600,355.46256483444614,0.0,0.25,0.25
901700,358.20358127323357,0.0,0.1875,0.203125
901800,360.44498441031527,0.0,0.25,0.28125
901900,363.26086489274604,0.0,0.1875,0.296875
902000,366.53620613310954,0.0,0.25,0.34375
902100,371.03497176577525,0.0,0.25,0.328125
902200,375.83461767821115,0.0,0.25,0.28125
902300,379.5769650039054,0.0,0.25,0.359375
902400,384.84643026748347,0.0,0.25,0.28125
902500,388.32837820457297,0.0,0.25,0.25
902600,391.0677691342535,0.0,0.1875,0.40625
902700,393.27063601538316,0.0,0.1875,0.359375
902800,395.165326992241,0.0,0.25,0.1875
902900,397.12409562239617,0.0,0.1875,0.265625
903000,397.96197400425393,0.0,0.25,0.28125
903100,398.59955178868756,0.0,0.25,0.390625
903200,399.7777229916347,0.0,0.1875,0.328125
903300,401.15459480680465,0.0,0.1875,0.265625
903400,402.2770348470029,0.0,0.25,0.34375
903500,402.89669681166725,0.0,0.25,0.296875
903600,404.2346244060819,0.0,0.25,0.28125
903700,404.99043538273366,0.0,0.25,0.328125
903800,405.914838555218,0.0,0.1875,0.3125
903900,406.67313530006993,0.0,0.1875,0.21875
904000,407.4341170477024,0.0,0.25,0.3125
904100,408.0703724456099,0.0,0.25,0.28125
904200,408.96819744407804,0.0,0.25,0.296875
904300,409.5596193574213,0.0,0.25,0.265625
904400,410.18648708223515,0.0,0.25,0.296875
904500,410.6346786451212,0.0,0.25,0.375
904600,411.489965102047,0.0,0.25,0.28125
904700,411.9910171595626,0.0,0.25,0.28125
904800,412.66252932598763,0.0,0.1875,0.265625
904900,413.1068634999617,0.0,0.25,0.4375
905000,413.81050830081585,0.0,0.25,0.375
905100,414.210580059051,0.0,0.1875,0.515625
905200,414.80927432730743,0.0,0.1875,0.21875
905300,415.05607621759674,0.0,0.1875,0.1875
905400,415.41331797880696,0.0,0.1875,0.421875
905500,415.7515316019842,0.0,0.25,0.28125
905600,416.18118845242964,0.0,0.25,0.296875
905700,416.5426459701128,0.0,0.1875,0.296875
905800,416.90333419280694,0.0,0.25,0.34375
905900,417.1407686590529,0.0,0.1875,0.296875
906000,417.56472702223556,0.0,0.25,0.28125
906100,417.90126159936176,0.0,0.1875,0.234375
906200,418.3277905230089,0.0,0.25,0.34375
906300,418.82013497998753,0.0,0.25,0.28125
906400,419.14888365100114,0.0,0.25,0.3125
906500,419.44956384444333,0.0,0.25,0.34375
906600,419.6443587839731,0.0,0.25,0.25
906700,419.84508470226643,0.0,0.1875,0.359375
906800,420.22944621167034,0.0,0.25,0.375
906900,420.4583090922719,0.0,0.25,0.375
907000,420.71654192695945,0.0,0.25,0.359375
907100,421.1699965190801,0.0,0.25,0.34375
907200,421.40445674456777,0.0,0.1875,0.390625
907300,421.523189002643,0.0,0.25,0.328125
907400,421.7034223222212,0.0,0.25,0.296875
907500,421.804425871561,0.0,0.25,0.328125
907600,421.9804861301766,0.0,0.25,0.390625
907700,422.12159084646714,0.0,0.1875,0.375
907800,422.370787150975,0.0,0.1875,0.390625
907900,422.6121657559363,0.0,0.1875,0.40625
908000,422.8483395652397,0.0,0.25,0.375
908100,423.05615684865455,0.0,0.1875,0.3125
908200,423.17889862939,0.0,0.1875,0.34375
908300,423.31393529376464,0.0,0.25,0.390625
908400,423.4833682984238,0.0,0.1875,0.28125
908500,423.6500234138614,0.0,0.25,0.34375
908600,423.7537405528026,0.0,0.25,0.40625
908700,423.87333784715304,0.0,0.25,0.25
908800,423.98170576767257,0.0,0.1875,0.34375
908900,424.18525615900415,0.0,0.1875,0.3125
909000,424.28596962208354,0.0,0.25,0.375
909100,424.4133167090564,0.0,0.25,0.265625
909200,424.5237187510121,0.0,0.1875,0.21875
909300,424.67131854807155,0.0,0.25,0.375
909400,424.78044138208105,0.0,0.3125,0.421875
909500,424.85523539517555,0.0,0.25,0.296875
909600,425.09340743676205,0.0,0.25,0.390625
909700,425.21545813746366,0.0,0.125,0.25
909800,425.3863728066145,0.0,0.125,0.25
909900,425.47715186929213,0.0,0.25,0.3125
910000,425.6230150649449,0.0,0.1875,0.34375
910100,425.82029419819656,0.0,0.1875,0.375
910200,425.9393803933602,0.0,0.25,0.375
910300,426.1355634469583,0.0,0.1875,0.265625
910400,426.2295831001286,0.0,0.25,0.375
910500,426.33969270041905,0.0,0.3125,0.359375
910600,426.6395917411079,0.0,0.3125,0.359375
910700,426.79296426055754,0.0,0.25,0.390625
910800,426.8532383565526,0.0,0.25,0.40625
910900,427.051009809895,0.0,0.1875,0.296875
911000,427.1619659453423,0.0,0.25,0.265625
911100,427.32643167740497,0.0,0.1875,0.28125
911200,427.37392413423953,0.0,0.3125,0.390625
911300,427.570289387641,0.0,0.1875,0.359375
911400,427.65808166160906,0.0,0.25,0.34375
911500,427.8009420033888,0.0,0.3125,0.359375
911600,427.97099061825884,0.0,0.1875,0.328125
911700,428.0332270319535,0.0,0.1875,0.28125
911800,428.21628227801716,0.0,0.3125,0.3125
911900,428.40554415793713,0.0,0.25,0.328125
912000,428.48487388221497,0.0,0.25,0.328125
912100,428.6275411279064,0.0,0.1875,0.328125
912200,428.7736871506932,0.0,0.25,0.328125
912300,428.84320148117547,0.0,0.1875,0.40625
912400,428.88558821531626,0.0,0.25,0.34375
912500,428.9275819288119,0.0,0.1875,0.25
912600,429.0356325159276,0.0,0.25,0.4375
912700,429.1977920781076,0.0,0.25,0.34375
912800,429.32055579761357,0.0,0.1875,0.296875
912900,429.354249178477,0.0,0.1875,0.34375
913000,429.43894967570884,0.0,0.25,0.328125
913100,429.52842959471144,0.0,0.25,0.296875
913200,429.7556487812065,0.0,0.25,0.28125
913300,429.8091145346277,0.0,0.25,0.34375
913400,429.8896648538609,0.0,0.1875,0.328125
913500,429.99597228572486,0.0,0.1875,0.296875
913600,430.19006278177983,0.0,0.25,0.28125
913700,430.24109731299933,0.0,0.25,0.390625
913800,430.33354349487763,0.0,0.1875,0.28125
913900,430.40389274160356,0.0,0.25,0.375
914000,430.5650658486184,0.0,0.1875,0.4375
914100,430.6031617570564,0.0,0.25,0.390625
914200,430.69975756824886,0.0,0.25,0.3125
914300,430.8819117659465,0.0,0.1875,0.34375
914400,430.9292499804731,0.0,0.25,0.421875
914500,431.1102102098543,0.0,0.1875,0.28125
914600,431.16557378289957,0.0,0.25,0.28125
914700,431.31847207604585,0.0,0.1875,0.3125
914800,431.38124425277516,0.0,0.25,0.40625
914900,431.41505686880254,0.0,0.25,0.453125
915000,431.56604696183723,0.0,0.25,0.375
915100,431.7180493253046,0.0,0.25,0.359375
915200,431.754790943436,0.0,0.25,0.359375
915300,431.785347915495,0.0,0.3125,0.328125
915400,431.87936186666707,0.0,0.25,0.359375
915500,432.03283142716583,0.0,0.25,0.34375
915600,432.0967756879863,0.0,0.25,0.359375
915700,432.19417073274985,0.0,0.25,0.21875
915800,432.3104917496294,0.0,0.25,0.375
915900,432.5545340985855,0.0,0.1875,0.234375
916000,432.59601711230414,0.0,0.125,0.375
916100,432.6447298473716,0.0,0.25,0.359375
916200,432.6813002097037,0.0,0.25,0.3125
916300,432.72102639526065,0.0,0.125,0.34375
916400,432.76935736307746,0.0,0.3125,0.296875
916500,432.8208242689902,0.0,0.1875,0.40625
916600,432.9991023454261,0.0,0.1875,0.390625
916700,433.09184188268057,0.0,0.25,0.421875
916800,433.23872792741787,0.0,0.3125,0.390625
916900,433.32098515977236,0.0,0.1875,0.34375
917000,433.4593349663689,0.0,0.125,0.421875
917100,433.52003350651347,0.0,0.1875,0.28125
917200,433.5497161216351,0.0,0.25,0.40625
917300,433.6277916059779,0.0,0.1875,0.375
917400,433.6688754627774,0.0,0.1875,0.28125
917500,433.73691956630176,0.0,0.125,0.375
917600,433.7741777099374,0.0,0.375,0.453125
917700,433.8172867411412,0.0,0.25,0.40625
917800,433.8545502262888,0.0,0.3125,0.296875
917900,433.9127448410381,0.0,0.125,0.34375
918000,434.0160928284463,0.0,0.1875,0.46875
918100,434.06529475070573,0.0,0.3125,0.359375
918200,434.11927257315745,0.0,0.3125,0.390625
918300,434.15602849574486,0.0,0.1875,0.390625
918400,434.2009852685506,0.0,0.125,0.4375
918500,434.39969547949835,0.0,0.1875,0.375
918600,434.46764394116985,0.0,0.125,0.34375
918700,434.52306895559593,0.0,0.25,0.359375
918800,434.5872221546016,0.0,0.25,0.515625
918900,434.75215724310783,0.0,0.25,0.5
919000,434.83020364257646,0.0,0.25,0.390625
919100,435.06438332092404,0.0,0.25,0.34375
919200,435.13712812371244,0.0,0.1875,0.46875
919300,435.19724773391516,0.0,0.1875,0.34375
919400,435.2533259185923,0.0,0.1875,0.34375
919500,435.3962481490812,0.0,0.1875,0.34375
919600,435.4542116632294,0.0,0.25,0.328125
919700,435.5005632962768,0.0,0.25,0.4375
919800,435.53778880577096,0.0,0.1875,0.5
919900,435.5873884408911,0.0,0.1875,0.421875
920000,435.72867068670513,0.0,0.25,0.40625
920100,435.76789539852615,0.0,0.25,0.46875
920200,435.80600586185716,0.0,0.25,0.359375
920300,435.8700969120578,0.0,0.1875,0.328125
920400,435.8931341596968,0.0,0.25,0.375
920500,435.972327347223,0.0,0.25,0.4375
920600,436.00473544635315,0.0,0.25,0.5
920700,436.0822725198992,0.0,0.1875,0.34375
920800,436.2351325667322,0.0,0.1875,0.34375
920900,436.3800939999678,0.0,0.1875,0.453125
921000,436.47782598319407,0.0,0.25,0.375
921100,436.57286868768864,0.0,0.25,0.28125
921200,436.6059936758876,0.0,0.1875,0.421875
921300,436.6726773332192,0.0,0.25,0.40625
921400,436.72005508239164,0.0,0.1875,0.375
921500,436.7485011836747,0.0,0.25,0.40625
921600,436.7709061254763,0.0,0.25,0.375
921700,436.79032890292785,0.0,0.1875,0.375
921800,436.9100003719766,0.0,0.1875,0.359375
921900,436.9805771742579,0.0,0.3125,0.421875
922000,437.0042815875142,0.0,0.1875,0.390625
922100,437.0307692052066,0.0,0.1875,0.453125
922200,437.0678826575776,0.0,0.25,0.40625
922300,437.2281355155754,0.0,0.3125,0.4375
922400,437.2544266239015,0.0,0.125,0.453125
922500,437.28037493846324,0.0,0.1875,0.3125
922600,437.3537284883091,0.0,0.25,0.4375
922700,437.4354215566581,0.0,0.25,0.40625
922800,437.6040221551157,0.0,0.1875,0.375
922900,437.67095713985236,0.0,0.125,0.359375
923000,437.7453823899229,0.0,0.1875,0.5
923100,437.8228981530535,0.0,0.25,0.40625
923200,437.89476164208116,0.0,0.25,0.359375
923300,438.0236946038757,0.0,0.3125,0.5
923400,438.1098212970789,0.0,0.1875,0.328125
923500,438.1949405435821,0.0,0.25,0.375
923600,438.2496646548165,0.0,0.25,0.421875
923700,438.3827694305116,0.0,0.125,0.34375
923800,438.51268213692776,0.0,0.125,0.328125
923900,438.62899745290355,0.0,0.1875,0.46875
924000,438.68888809223256,0.0,0.1875,0.390625
924100,438.84275342626546,0.0,0.25,0.46875
924200,438.8815552859146,0.0,0.1875,0.40625
924300,438.9459810928166,0.0,0.125,0.25
924400,439.01037722896615,0.0,0.25,0.4375
924500,439.2969516396576,0.0,0.125,0.46875
924600,439.408649238451,0.0,0.1875,0.375
924700,439.45608473800104,0.0,0.25,0.40625
924800,439.562322509208,0.0,0.125,0.40625
924900,439.6006047123716,0.0,0.125,0.28125
925000,241.67362761481428,0.0,0.125,0.453125
925100,261.5774223890349,0.0,0.25,0.328125
925200,273.09975826374864,0.0,0.1875,0.421875
925300,278.6437885055262,0.0,0.1875,0.53125
925400,283.26843867410184,0.0,0.25,0.421875
925500,287.24777479125817,0.0,0.125,0.359375
925600,290.66764912726956,0.0,0.1875,0.40625
925700,292.92292337703583,0.0,0.25,0.390625
925800,294.66322183874917,0.0,0.25,0.515625
925900,296.91103576206547,0.0,0.25,0.5
926000,298.9085657379543,0.0,0.3125,0.375
926100,300.34159194591814,0.0,0.25,0.390625
926200,301.9289575350375,0.0,0.125,0.421875
926300,302.8601959010065,0.0,0.1875,0.515625
926400,303.76045608677924,0.0,0.1875,0.5
926500,305.0559145425176,0.0,0.1875,0.421875
926600,305.5961864133639,0.0,0.125,0.359375
926700,306.53504619325304,0.0,0.1875,0.421875
926800,307.10543340350506,0.0,0.25,0.375
926900,308.24200318833005,0.0,0.125,0.421875
927000,308.7104762676925,0.0,0.1875,0.359375
927100,309.4878657609963,0.0,0.125,0.421875
927200,310.1038621090661,0.0,0.1875,0.4375
927300,310.8062866825438,0.0,0.25,0.59375
927400,311.25201929191957,0.0,0.25,0.3125
927500,311.90765789672656,0.0,0.125,0.40625
927600,312.4270512130009,0.0,0.1875,0.484375
927700,313.01096604260687,0.0,0.25,0.5
927800,313.5994459327888,0.0,0.25,0.390625
927900,314.1528639688304,0.0,0.3125,0.53125
928000,314.58338718943116,0.0,0.25,0.375
928100,315.1711173269078,0.0,0.3125,0.421875
928200,315.50292295387845,0.0,0.25,0.4375
928300,316.3537220129615,0.0,0.1875,0.40625
928400,316.765784678105,0.0,0.1875,0.34375
928500,317.15537691529585,0.0,0.1875,0.34375
928600,317.45944055920927,0.0,0.1875,0.34375
928700,317.84413061840104,0.0,0.1875,0.375
928800,318.13884389977846,0.0,0.25,0.4375
928900,318.4157539796082,0.0,0.1875,0.484375
929000,318.7288491649793,0.0,0.1875,0.5625
929100,319.13480899637466,0.0,0.1875,0.453125
929200,319.51149274933664,0.0,0.25,0.453125
929300,319.918401603901,0.0,0.25,0.421875
929400,320.1850432698492,0.0,0.3125,0.390625
929500,320.47605563080424,0.0,0.125,0.53125
929600,320.703016492855,0.0,0.1875,0.453125
929700,321.04613380657975,0.0,0.1875,0.390625
929800,321.3603400789703,0.0,0.25,0.578125
929900,321.6169857043398,0.0,0.1875,0.46875
930000,321.9506184943808,0.0,0.125,0.375
930100,322.1540717411373,0.0,0.1875,0.40625
930200,322.4042024738651,0.0,0.125,0.390625
930300,322.69790989389736,0.0,0.25,0.390625
930400,322.9396298097459,0.0,0.1875,0.453125
930500,323.0856685842578,0.0,0.3125,0.390625
930600,323.43247332287393,0.0,0.3125,0.453125
930700,323.6231644775898,0.0,0.1875,0.40625
930800,323.8980250801597,0.0,0.1875,0.421875
930900,324.0458225340632,0.0,0.25,0.359375
931000,324.3181656249832,0.0,0.3125,0.390625
931100,324.49862598377007,0.0,0.1875,0.5
931200,324.68395764980505,0.0,0.1875,0.40625
931300,324.9243926217965,0.0,0.25,0.390625
931400,325.0950373487981,0.0,0.1875,0.390625
931500,325.2665115813666,0.0,0.125,0.359375
931600,325.4894900596196,0.0,0.25,0.546875
931700,325.8229716623184,0.0,0.125,0.46875
931800,326.0651224988421,0.0,0.1875,0.40625
931900,326.3241335822066,0.0,0.1875,0.3125
932000,326.55000392749184,0.0,0.1875,0.328125
932100,326.69545026456103,0.0,0.1875,0.421875
932200,326.9379741838246,0.0,0.25,0.484375
932300,327.24380602285567,0.0,0.25,0.4375
932400,327.44332474466796,0.0,0.25,0.5625
932500,327.6503299928836,0.0,0.25,0.328125
932600,327.82223323813867,0.0,0.25,0.5
932700,328.07622881867815,0.0,0.1875,0.359375
932800,328.3099239078667,0.0,0.25,0.546875
932900,328.62260967877404,0.0,0.25,0.359375
933000,328.79226274480493,0.0,0.1875,0.40625
933100,329.05963989098206,0.0,0.25,0.421875
933200,329.25436130281895,0.0,0.1875,0.4375
933300,329.46942820149394,0.0,0.1875,0.3125
933400,329.61253865205515,0.0,0.3125,0.515625
933500,329.8193078262689,0.0,0.25,0.546875
933600,330.0893964045395,0.0,0.1875,0.53125
933700,330.2756259544647,0.0,0.25,0.46875
933800,330.49647623535736,0.0,0.25,0.40625
933900,330.77237640283516,0.0,0.3125,0.5
934000,331.1791192097536,0.0,0.1875,0.40625
934100,331.4466496435791,0.0,0.1875,0.453125
934200,331.7207820076535,0.0,0.1875,0.453125
934300,331.9981841020727,0.0,0.1875,0.53125
934400,332.3644434340944,0.0,0.1875,0.484375
934500,332.6280247959216,0.0,0.25,0.390625
934600,333.0451443475168,0.0,0.125,0.515625
934700,333.289829490935,0.0,0.25,0.453125
934800,333.7263488995947,0.0,0.3125,0.375
934900,334.1867315140633,0.0,0.1875,0.34375
935000,334.7510016227531,0.0,0.25,0.53125
935100,335.49518820031005,0.0,0.3125,0.390625
935200,336.3297180167926,0.0,0.3125,0.421875
935300,336.70575948750155,0.0,0.1875,0.4375
935400,337.5079246022407,0.0,0.1875,0.46875
935500,338.0268653265649,0.0,0.25,0.375
935600,338.7744164685156,0.0,0.25,0.53125
935700,339.3754959379691,0.0,0.125,0.515625
935800,339.6415663005545,0.0,0.1875,0.40625
935900,340.2716544415432,0.0,0.125,0.390625
936000,340.64279510315816,0.0,0.1875,0.453125
936100,341.3232429532981,0.0,0.3125,0.375
936200,342.1989708318157,0.0,0.25,0.5
936300,342.67972073135746,0.0,0.1875,0.3125
936400,343.3944680058772,0.0,0.1875,0.40625
936500,344.1658838500266,0.0,0.25,0.515625
936600,344.4374179555561,0.0,0.125,0.40625
936700,344.8507164558643,0.0,0.25,0.421875
936800,345.27803656850006,0.0,0.1875,0.46875
936900,345.4925600733056,0.0,0.25,0.484375
937000,346.07719832784284,0.0,0.25,0.375
937100,346.8065571271433,0.0,0.3125,0.421875
937200,347.2128492534634,0.0,0.25,0.421875
937300,347.70396691812033,0.0,0.1875,0.359375
937400,348.16954257629067,0.0,0.25,0.4375
937500,348.55101398053705,0.0,0.25,0.46875
937600,348.8788380284342,0.0,0.25,0.421875
937700,349.5089748392685,0.0,0.1875,0.359375
937800,349.91570564920096,0.0,0.1875,0.40625
937900,350.41219066161426,0.0,0.3125,0.40625
938000,351.10322312718273,0.0,0.25,0.359375
938100,351.37212848425946,0.0,0.3125,0.46875
938200,351.7749951264883,0.0,0.1875,0.28125
938300,352.3641300449609,0.0,0.25,0.453125
938400,352.79546240273186,0.0,0.25,0.453125
938500,353.32884963795004,0.0,0.1875,0.4375
938600,353.6366968075587,0.0,0.125,0.484375
938700,354.168580899232,0.0,0.25,0.421875
938800,354.72079096864667,0.0,0.1875,0.390625
938900,355.08064321639944,0.0,0.375,0.4375
939000,355.3190810307417,0.0,0.125,0.296875
939100,355.76220535769045,0.0,0.1875,0.40625
939200,356.0368459206294,0.0,0.25,0.5
939300,356.5836494022754,0.0,0.125,0.296875
939400,356.8694983954564,0.0,0.1875,0.234375
939500,357.43388599430756,0.0,0.25,0.34375
939600,357.9025305539532,0.0,0.1875,0.28125
939700,358.2742756277475,0.0,0.1875,0.4375
939800,358.99363331353453,0.0,0.25,0.40625
939900,359.46595960358127,0.0,0.1875,0.34375
940000,359.8444017611557,0.0,0.1875,0.40625
940100,360.3730097634707,0.0,0.25,0.453125
940200,360.82300081348063,0.0,0.25,0.375
940300,361.20762490687264,0.0,0.25,0.34375
940400,361.64458352153554,0.0,0.1875,0.359375
940500,361.92228215390566,0.0,0.1875,0.4375
940600,362.0007832410576,0.0,0.25,0.421875
940700,362.37570927569396,0.0,0.1875,0.515625
940800,362.78261813288105,0.0,0.25,0.40625
940900,363.2165112771822,0.0,0.1875,0.34375
941000,363.63715767866836,0.0,0.25,0.484375
941100,364.14918663659074,0.0,0.1875,0.34375
941200,364.38631894208453,0.0,0.25,0.359375
941300,364.65379518749256,0.0,0.25,0.375
941400,365.09570032463375,0.0,0.1875,0.25
941500,365.585950295986,0.0,0.25,0.421875
941600,365.78457438735654,0.0,0.1875,0.421875
941700,366.3510233912937,0.0,0.25,0.296875
941800,366.81772383870276,0.0,0.25,0.359375
941900,367.17289306024105,0.0,0.1875,0.328125
942000,367.776514582941,0.0,0.1875,0.328125
942100,367.99267117837223,0.0,0.1875,0.359375
942200,368.3349171203569,0.0,0.25,0.421875
942300,368.6604876778607,0.0,0.3125,0.3125
942400,368.8996346854285,0.0,0.25,0.390625
942500,369.3072141935175,0.0,0.25,0.453125
942600,369.90547979632674,0.0,0.25,0.46875
942700,370.45372153531457,0.0,0.3125,0.453125
942800,370.7748261305387,0.0,0.25,0.328125
942900,371.1274411023854,0.0,0.25,0.53125
943000,371.50500301001455,0.0,0.1875,0.390625
943100,371.83647407606975,0.0,0.25,0.40625
943200,372.1556753658131,0.0,0.125,0.4375
943300,372.44212621188797,0.0,0.1875,0.375
943400,372.65091366670254,0.0,0.25,0.4375
943500,372.947352836184,0.0,0.25,0.390625
943600,373.305173203923,0.0,0.3125,0.3125
943700,373.6659931892971,0.0,0.25,0.328125
943800,373.9598544884721,0.0,0.25,0.359375
943900,374.32828970879973,0.0,0.1875,0.359375
944000,374.6437793404925,0.0,0.1875,0.359375
944100,375.2560037252871,0.0,0.1875,0.40625
944200,375.44267537470114,0.0,0.25,0.28125
944300,375.933508754881,0.0,0.1875,0.3125
944400,376.22859384771715,0.0,0.1875,0.34375
944500,377.14149085257134,0.0,0.25,0.40625
944600,377.4314028449988,0.0,0.1875,0.328125
944700,377.78310481075584,0.0,0.1875,0.328125
944800,377.9563653173091,0.0,0.25,0.375
944900,378.3622595235147,0.0,0.25,0.34375
945000,378.68078892594497,0.0,0.1875,0.359375
945100,379.0208125772677,0.0,0.25,0.375
945200,379.25621985268526,0.0,0.125,0.265625
945300,379.8583286879912,0.0,0.25,0.4375
945400,380.2524561945058,0.0,0.3125,0.4375
945500,380.5629926868832,0.0,0.1875,0.421875
945600,380.8614131756151,0.0,0.1875,0.359375
945700,381.2341623878193,0.0,0.25,0.546875
945800,381.4852138150736,0.0,0.25,0.296875
945900,381.8488681541286,0.0,0.25,0.328125
946000,382.05416859086364,0.0,0.25,0.28125
946100,382.42106259136364,0.0,0.1875,0.421875
946200,382.7726869058818,0.0,0.25,0.265625
946300,383.0236448961105,0.0,0.25,0.375
946400,383.3536210631906,0.0,0.1875,0.375
946500,383.5431230708313,0.0,0.1875,0.3125
946600,383.66488894906814,0.0,0.1875,0.328125
946700,384.0178407709504,0.0,0.1875,0.3125
946800,384.25826880051574,0.0,0.25,0.296875
946900,384.6436403247108,0.0,0.25,0.296875
947000,384.9519629598569,0.0,0.25,0.390625
947100,385.3742220189091,0.0,0.1875,0.453125
947200,385.62254993388143,0.0,0.25,0.25
947300,385.8536379311326,0.0,0.1875,0.34375
947400,386.36759626648393,0.0,0.25,0.28125
947500,386.6975808791992,0.0,0.25,0.3125
947600,387.0204286157812,0.0,0.3125,0.390625
947700,387.22695825856675,0.0,0.1875,0.359375
947800,387.43809895992354,0.0,0.1875,0.265625
947900,387.7951935081581,0.0,0.25,0.328125
948000,388.0356279532326,0.0,0.25,0.25
948100,388.1665128257968,0.0,0.25,0.359375
948200,388.4338423234522,0.0,0.1875,0.28125
948300,388.54023594552103,0.0,0.25,0.328125
948400,389.0042253793735,0.0,0.25,0.25
948500,389.36295447831975,0.0,0.1875,0.21875
948600,389.6159324303251,0.0,0.1875,0.328125
948700,389.9455415671115,0.0,0.1875,0.421875
948800,390.10154335236723,0.0,0.3125,0.390625
948900,390.28065920633304,0.0,0.25,0.3125
949000,390.4890559168855,0.0,0.125,0.3125
949100,390.7685052191597,0.0,0.25,0.234375
949200,390.9716119655943,0.0,0.25,0.3125
949300,391.3383025142029,0.0,0.1875,0.328125
949400,391.5679596626081,0.0,0.25,0.3125
949500,391.69999152173085,0.0,0.25,0.296875
949600,392.0321543356935,0.0,0.1875,0.390625
949700,392.45171806864727,0.0,0.25,0.4375
949800,392.97017904816425,0.0,0.1875,0.34375
949900,393.12378496742565,0.0,0.125,0.265625
950000,262.6479462011238,0.0,0.125,0.234375
950100,264.8029400577278,0.0,0.25,0.234375
950200,266.2968935708615,0.0,0.25,0.359375
950300,268.0240545392042,0.0,0.1875,0.296875
950400,270.060883698793,0.0,0.1875,0.3125
950500,271.1618341215936,0.0,0.25,0.296875
950600,272.9462277614641,0.0,0.125,0.25
950700,275.7229240909504,0.0,0.1875,0.34375
950800,278.10076977675044,0.0,0.25,0.296875
950900,279.9400298639116,0.0,0.25,0.234375
951000,282.6939444038533,0.0,0.25,0.3125
951100,285.08581423750155,0.0,0.25,0.359375
951200,287.73090743199003,0.0,0.125,0.296875
951300,292.01084892019986,0.0,0.25,0.34375
951400,294.4374042506329,0.0,0.1875,0.359375
951500,298.3077279094867,0.0,0.1875,0.25
951600,306.9383729246069,0.0,0.1875,0.28125
951700,309.69872046219353,0.0,0.25,0.296875
951800,311.7409888707602,0.0,0.25,0.28125
951900,314.0009030570604,0.0,0.25,0.328125
952000,315.5526200006875,0.0,0.25,0.28125
952100,317.2498275393075,0.0,0.25,0.328125
952200,318.38175970350704,0.0,0.1875,0.265625
952300,319.3274179693908,0.0,0.25,0.375
952400,320.33289045868713,0.0,0.1875,0.34375
952500,321.18479228954567,0.0,0.1875,0.390625
952600,322.0189762709114,0.0,0.1875,0.21875
952700,322.919686088651,0.0,0.1875,0.296875
952800,323.8674003955898,0.0,0.1875,0.234375
952900,325.0848258219532,0.0,0.25,0.375
953000,325.78563243616355,0.0,0.3125,0.390625
953100,326.53480470237787,0.0,0.25,0.28125
953200,327.14875879585844,0.0,0.25,0.34375
953300,327.79182264054873,0.0,0.125,0.234375
953400,328.8578563531803,0.0,0.3125,0.28125
953500,329.6413974788162,0.0,0.25,0.3125
953600,330.55813327126793,0.0,0.25,0.234375
953700,332.0094990460251,0.0,0.25,0.234375
953800,332.7021024676146,0.0,0.25,0.359375
953900,333.72467667174004,0.0,0.25,0.359375
954000,334.3111450247945,0.0,0.1875,0.3125
954100,334.769295743313,0.0,0.25,0.40625
954200,335.46038581413745,0.0,0.25,0.3125
954300,335.8993907554815,0.0,0.25,0.421875
954400,336.4895056478601,0.0,0.1875,0.328125
954500,337.35970089656536,0.0,0.25,0.40625
954600,337.8473501034716,0.0,0.25,0.359375
954700,338.4056132573208,0.0,0.1875,0.140625
954800,339.0345053697087,0.0,0.25,0.3125
954900,339.660096382668,0.0,0.25,0.28125
955000,340.623364998232,0.0,0.25,0.203125
955100,341.4909144534393,0.0,0.25,0.328125
955200,342.1051591938955,0.0,0.125,0.3125
955300,342.6194849681989,0.0,0.25,0.234375
955400,343.1016771590192,0.0,0.25,0.34375
955500,343.6056377844295,0.0,0.25,0.34375
955600,344.54194237356086,0.0,0.1875,0.15625
955700,345.1933755590772,0.0,0.125,0.3125
955800,345.7562613850972,0.0,0.25,0.359375
955900,346.4572025093801,0.0,0.25,0.3125
956000,347.36871413598124,0.0,0.25,0.21875
956100,348.0947010353378,0.0,0.1875,0.15625
956200,348.6581567516449,0.0,0.25,0.34375
956300,349.28592320232525,0.0,0.25,0.390625
956400,349.77329455815885,0.0,0.1875,0.1875
956500,350.3269150330229,0.0,0.25,0.234375
956600,350.98216882082306,0.0,0.1875,0.203125
956700,351.438599595498,0.0,0.25,0.40625
956800,352.1813130082392,0.0,0.125,0.328125
956900,352.58802898828776,0.0,0.25,0.390625
957000,353.08262876488584,0.0,0.25,0.375
957100,353.66418703541,0.0,0.1875,0.265625
957200,354.1826078514895,0.0,0.1875,0.28125
957300,354.61101656894317,0.0,0.25,0.25
957400,355.3025400768868,0.0,0.1875,0.25
957500,355.6817907879917,0.0,0.25,0.34375
957600,356.41418395512795,0.0,0.25,0.15625
957700,357.07908887470717,0.0,0.1875,0.25
957800,357.6197700189324,0.0,0.25,0.265625
957900,357.84182753923125,0.0,0.25,0.203125
958000,358.20414986642606,0.0,0.25,0.1875
958100,358.4688912219733,0.0,0.1875,0.234375
958200,359.09004098964385,0.0,0.125,0.21875
958300,359.32428732922415,0.0,0.1875,0.28125
958400,359.582330424565,0.0,0.25,0.3125
958500,360.2359562083975,0.0,0.1875,0.359375
958600,360.46002318247093,0.0,0.125,0.296875
958700,360.7676887012909,0.0,0.25,0.375
958800,361.29114847962677,0.0,0.25,0.34375
958900,361.58357324909844,0.0,0.1875,0.3125
959000,361.85709801238494,0.0,0.25,0.328125
959100,362.05708993095163,0.0,0.1875,0.296875
959200,362.2457089729347,0.0,0.125,0.234375
959300,362.3963073423935,0.0,0.1875,0.3125
959400,362.72575352970944,0.0,0.1875,0.359375
959500,363.2158052854905,0.0,0.1875,0.28125
959600,363.71726632769406,0.0,0.25,0.203125
959700,364.0615983328263,0.0,0.25,0.359375
959800,364.3938726129721,0.0,0.1875,0.359375
959900,364.66678679086675,0.0,0.25,0.265625
960000,365.03725749630496,0.0,0.25,0.234375
960100,365.2983866856311,0.0,0.1875,0.296875
960200,365.7876108802417,0.0,0.1875,0.25
960300,366.25977697803995,0.0,0.25,0.3125
960400,366.6369695915308,0.0,0.1875,0.21875
960500,366.79697262402925,0.0,0.1875,0.234375
960600,367.0009957793652,0.0,0.1875,0.28125
960700,367.39313316364036,0.0,0.1875,0.328125
960800,367.5774955839567,0.0,0.25,0.3125
960900,367.98481570710555,0.0,0.1875,0.421875
961000,368.19157335363514,0.0,0.25,0.296875
961100,368.4042507667158,0.0,0.125,0.359375
961200,368.70312174775916,0.0,0.25,0.28125
961300,368.89127792821733,0.0,0.25,0.3125
961400,369.17476954572294,0.0,0.3125,0.25
961500,369.4532207540868,0.0,0.1875,0.390625
961600,369.65018565891614,0.0,0.25,0.3125
961700,369.9048401243384,0.0,0.1875,0.296875
961800,370.1722478347133,0.0,0.1875,0.28125
961900,370.49963671969164,0.0,0.1875,0.234375
962000,370.60422183748534,0.0,0.1875,0.25
962100,370.75495093153484,0.0,0.25,0.390625
962200,371.0634898922812,0.0,0.25,0.28125
962300,371.2263070881401,0.0,0.1875,0.25
962400,371.35372686716863,0.0,0.1875,0.3125
962500,371.53966775735233,0.0,0.125,0.234375
962600,371.780046226868,0.0,0.25,0.328125
962700,372.0016935307915,0.0,0.1875,0.140625
962800,372.23983147387844,0.0,0.125,0.359375
962900,372.4600415947197,0.0,0.25,0.1875
963000,372.6791835030576,0.0,0.25,0.234375
963100,372.9470436439916,0.0,0.1875,0.28125
963200,373.18860718207895,0.0,0.1875,0.265625
963300,373.2537745700703,0.0,0.125,0.234375
963400,373.39470184026186,0.0,0.1875,0.3125
963500,373.58916728935293,0.0,0.125,0.203125
963600,373.74514092061435,0.0,0.125,0.25
963700,373.8259437708998,0.0,0.1875,0.34375
963800,374.0225590764856,0.0,0.25,0.296875
963900,374.178128960759,0.0,0.25,0.25
964000,374.3245182263843,0.0,0.1875,0.25
964100,374.93342244787704,0.0,0.125,0.1875
964200,375.18990710411543,0.0,0.1875,0.28125
964300,375.34171670444283,0.0,0.25,0.28125
964400,375.61410627896936,0.0,0.1875,0.359375
964500,375.6993212349479,0.0,0.1875,0.265625
964600,375.8353482281375,0.0,0.1875,0.3125
964700,375.9345918017674,0.0,0.1875,0.25
964800,376.2555529795769,0.0,0.1875,0.1875
964900,376.4573183609679,0.0,0.125,0.203125
965000,376.71394023348296,0.0,0.125,0.234375
965100,376.8430185202976,0.0,0.1875,0.203125
965200,376.9393113870409,0.0,0.3125,0.28125
965300,377.17360262481367,0.0,0.1875,0.28125
965400,377.19888780894485,0.0,0.1875,0.28125
965500,377.4602673622152,0.0,0.1875,0.234375
965600,377.56423509695617,0.0,0.1875,0.28125
965700,377.7350645316358,0.0,0.25,0.328125
965800,378.02805580670184,0.0,0.125,0.203125
965900,378.08900675089615,0.0,0.125,0.265625
966000,378.2487617626454,0.0,0.25,0.25
966100,378.44767598116783,0.0,0.125,0.21875
966200,378.56302553044867,0.0,0.25,0.3125
966300,378.72640868618583,0.0,0.125,0.328125
966400,378.94864166427305,0.0,0.25,0.296875
966500,379.34710847976305,0.0,0.125,0.234375
966600,379.3723924976864,0.0,0.125,0.25
966700,379.5794202429211,0.0,0.25,0.359375
966800,379.8020767444533,0.0,0.25,0.28125
966900,379.9673775124937,0.0,0.1875,0.171875
967000,380.12942439528774,0.0,0.1875,0.25
967100,380.33334518677447,0.0,0.125,0.1875
967200,380.57359536499047,0.0,0.1875,0.359375
967300,380.6873381141142,0.0,0.1875,0.296875
967400,380.8902610694687,0.0,0.25,0.25
967500,381.0533774561678,0.0,0.1875,0.296875
967600,381.17284933932194,0.0,0.1875,0.328125
967700,381.3569576534874,0.0,0.125,0.359375
967800,381.41811518593136,0.0,0.1875,0.265625
967900,381.51432120222563,0.0,0.1875,0.296875
968000,381.61985498888725,0.0,0.1875,0.203125
968100,381.78612787359344,0.0,0.1875,0.28125
968200,381.91281943090985,0.0,0.25,0.203125
968300,382.0044133770504,0.0,0.1875,0.265625
968400,382.15361976903347,0.0,0.1875,0.390625
968500,382.28410104078455,0.0,0.125,0.25
968600,382.4007228193735,0.0,0.1875,0.28125
968700,382.48467622457457,0.0,0.125,0.25
968800,382.6924384274636,0.0,0.25,0.171875
968900,382.8592209724888,0.0,0.1875,0.328125
969000,382.9939254074928,0.0,0.1875,0.3125
969100,383.128691327832,0.0,0.125,0.140625
969200,383.27137741648363,0.0,0.1875,0.203125
969300,383.4202394766107,0.0,0.1875,0.25
969400,383.6473657994948,0.0,0.1875,0.3125
969500,383.7557709223303,0.0,0.1875,0.28125
969600,383.98887171643634,0.0,0.1875,0.203125
969700,384.15628200991154,0.0,0.25,0.15625
969800,384.3626077247881,0.0,0.1875,0.359375
969900,384.61787423663,0.0,0.1875,0.328125
970000,384.75223447981625,0.0,0.1875,0.265625
970100,385.0413280758036,0.0,0.25,0.3125
970200,385.2377993397881,0.0,0.1875,0.25
970300,385.61246395569054,0.0,0.25,0.265625
970400,385.7883384297017,0.0,0.25,0.296875
970500,385.8893239684303,0.0,0.1875,0.296875
970600,386.0231329582499,0.0,0.1875,0.203125
970700,386.1281182854533,0.0,0.1875,0.1875
970800,386.1711414371136,0.0,0.1875,0.21875
970900,386.2087992594323,0.0,0.1875,0.265625
971000,386.38503076692496,0.0,0.1875,0.234375
971100,386.59332946674397,0.0,0.25,0.21875
971200,386.64875178267954,0.0,0.25,0.25
971300,386.81686949467286,0.0,0.25,0.375
971400,387.15030069091995,0.0,0.1875,0.265625
971500,387.29145514321795,0.0,0.25,0.25
971600,387.4170964787983,0.0,0.25,0.171875
971700,387.55223586312474,0.0,0.1875,0.3125
971800,387.73706938802815,0.0,0.25,0.390625
971900,387.7839842502474,0.0,0.1875,0.234375
972000,388.06042452020216,0.0,0.1875,0.234375
972100,388.24716789200863,0.0,0.1875,0.234375
972200,388.3993248310514,0.0,0.25,0.203125
972300,388.51479766873564,0.0,0.3125,0.25
972400,388.6060756511392,0.0,0.1875,0.21875
972500,388.91100921358515,0.0,0.25,0.25
972600,389.0214890239558,0.0,0.1875,0.234375
972700,389.0651888341795,0.0,0.1875,0.171875
972800,389.3056336588079,0.0,0.1875,0.28125
972900,389.40753207971926,0.0,0.125,0.234375
973000,389.58283577466636,0.0,0.1875,0.390625
973100,389.7079347331594,0.0,0.125,0.171875
973200,389.81612548763763,0.0,0.25,0.328125
973300,389.94622441827863,0.0,0.1875,0.28125
973400,390.0247030081497,0.0,0.1875,0.234375
973500,390.2075421388438,0.0,0.25,0.34375
973600,390.3355428607734,0.0,0.1875,0.265625
973700,390.4730168641916,0.0,0.1875,0.140625
973800,390.66241789073524,0.0,0.25,0.234375
973900,390.9957962533918,0.0,0.125,0.25
974000,391.05737038067025,0.0,0.125,0.1875
974100,391.1968864349232,0.0,0.1875,0.296875
974200,391.30936055105826,0.0,0.25,0.234375
974300,391.64679697926925,0.0,0.1875,0.296875
974400,391.6706806763327,0.0,0.125,0.21875
974500,391.74338293217113,0.0,0.25,0.3125
974600,391.9542137152129,0.0,0.25,0.328125
974700,392.0410814898401,0.0,0.25,0.390625
974800,392.13154737137,0.0,0.1875,0.28125
974900,392.2452069862525,0.0,0.25,0.21875
975000,211.92085050344554,0.0,0.25,0.25
975100,216.2470271132267,0.0,0.1875,0.1875
975200,221.64720510426343,0.0,0.25,0.21875
975300,226.0617618626785,0.0,0.25,0.265625
975400,229.29661091061845,0.0,0.1875,0.3125
975500,236.25573099569473,0.0,0.1875,0.1875
975600,243.45776230344657,0.0,0.1875,0.21875
975700,247.19738196381314,0.0,0.125,0.125
975800,253.33387577991186,0.0,0.3125,0.25
975900,258.81412556433673,0.0,0.25,0.21875
976000,263.7129333902525,0.0,0.25,0.25
976100,271.4080031434588,0.0,0.125,0.203125
976200,273.406568098234,0.0,0.1875,0.171875
976300,277.873952412834,0.0,0.1875,0.390625
976400,282.2989553129312,0.0,0.125,0.296875
976500,285.27791441882465,0.0,0.1875,0.234375
976600,288.85542159128255,0.0,0.25,0.359375
976700,292.28736067577006,0.0,0.1875,0.265625
976800,295.58409452737953,0.0,0.1875,0.296875
976900,298.5799454612586,0.0,0.125,0.28125
977000,303.6518810211682,0.0,0.125,0.296875
977100,305.4607623269506,0.0,0.1875,0.28125
977200,308.228980912238,0.0,0.25,0.203125
977300,311.02936579991416,0.0,0.1875,0.265625
977400,313.16834546230075,0.0,0.1875,0.359375
977500,314.75737196839395,0.0,0.25,0.25
977600,316.49549261588544,0.0,0.1875,0.328125
977700,318.8775960447458,0.0,0.1875,0.3125
977800,320.2456514048598,0.0,0.1875,0.28125
977900,322.57831265450346,0.0,0.25,0.203125
978000,323.75315131742764,0.0,0.1875,0.328125
978100,326.4702218173676,0.0,0.125,0.265625
978200,329.1542395909593,0.0,0.1875,0.296875
978300,331.04752854240104,0.0,0.1875,0.265625
978400,332.1728148536761,0.0,0.1875,0.203125
978500,333.5539044767681,0.0,0.1875,0.203125
978600,335.4592793593553,0.0,0.125,0.234375
978700,337.78274916524333,0.0,0.1875,0.265625
978800,340.53734081307175,0.0,0.25,0.25
978900,342.100190015033,0.0,0.125,0.328125
979000,344.63941180161993,0.0,0.1875,0.28125
979100,347.7622656752587,0.0,0.1875,0.28125
979200,349.9279785015078,0.0,0.25,0.234375
979300,352.54761832843053,0.0,0.1875,0.21875
979400,354.8664105582282,0.0,0.1875,0.203125
979500,357.7639018804513,0.0,0.1875,0.21875
979600,361.70967193535074,0.0,0.25,0.34375
979700,364.5342906559905,0.0,0.1875,0.296875
979800,368.88671132707316,0.0,0.1875,0.1875
979900,371.93506260296704,0.0,0.25,0.21875
980000,376.5941020890456,0.0,0.25,0.296875
980100,381.13201929803097,0.0,0.1875,0.265625
980200,384.92521070772716,0.0,0.1875,0.265625
980300,388.3046164280566,0.0,0.1875,0.25
980400,390.0156784428105,0.0,0.1875,0.3125
980500,391.31727726815285,0.0,0.25,0.328125
980600,392.0044247040151,0.0,0.1875,0.25
980700,392.8710488166004,0.0,0.125,0.25
980800,393.5878800410279,0.0,0.1875,0.296875
980900,394.15345179470785,0.0,0.1875,0.203125
981000,394.69068652120274,0.0,0.1875,0.203125
981100,395.3820539895693,0.0,0.25,0.265625
981200,396.2018563634209,0.0,0.1875,0.296875
981300,396.57736128703635,0.0,0.125,0.234375
981400,396.9774659565247,0.0,0.1875,0.359375
981500,397.8719488174911,0.0,0.1875,0.328125
981600,398.3360043634946,0.0,0.1875,0.28125
981700,398.7440739560528,0.0,0.1875,0.328125
981800,399.17381828902774,0.0,0.125,0.1875
981900,399.6156893627524,0.0,0.125,0.1875
982000,400.06936314607907,0.0,0.1875,0.296875
982100,400.5818987107719,0.0,0.1875,0.28125
982200,400.8900377317518,0.0,0.25,0.25
982300,401.33330370927416,0.0,0.1875,0.234375
982400,401.79372245695527,0.0,0.1875,0.25
982500,402.1774711111518,0.0,0.1875,0.421875
982600,402.5733506865177,0.0,0.25,0.203125
982700,402.8927143139063,0.0,0.25,0.3125
982800,403.36833949608405,0.0,0.25,0.140625
982900,403.7138030437889,0.0,0.1875,0.21875
983000,403.9111716478823,0.0,0.1875,0.25
983100,404.0984317409532,0.0,0.125,0.21875
983200,404.5590937629071,0.0,0.25,0.21875
983300,404.84454376790455,0.0,0.25,0.25
983400,405.07453505919915,0.0,0.25,0.296875
983500,406.1814354865285,0.0,0.25,0.328125
983600,406.4993116479269,0.0,0.25,0.234375
983700,406.85357490759554,0.0,0.1875,0.3125
983800,407.10884312007295,0.0,0.25,0.1875
983900,407.24786615806323,0.0,0.125,0.25
984000,407.4638368795999,0.0,0.1875,0.25
984100,407.81445096349825,0.0,0.1875,0.1875
984200,408.1025168141126,0.0,0.25,0.265625
984300,408.490027605956,0.0,0.25,0.125
984400,408.7773496089041,0.0,0.1875,0.203125
984500,409.07817292201366,0.0,0.3125,0.28125
984600,409.2990434612742,0.0,0.1875,0.140625
984700,409.4242573541195,0.0,0.1875,0.28125
984800,409.5681026322927,0.0,0.1875,0.15625
984900,409.80744460744194,0.0,0.25,0.265625
985000,409.98956373793243,0.0,0.25,0.296875
985100,410.19696599549695,0.0,0.25,0.234375
985200,410.3096108175853,0.0,0.1875,0.1875
985300,410.430233135789,0.0,0.25,0.21875
985400,410.51478624414506,0.0,0.1875,0.09375
985500,410.6751502128602,0.0,0.1875,0.171875
985600,410.7904705562371,0.0,0.25,0.3125
985700,411.3765832246506,0.0,0.3125,0.296875
985800,411.55174137203926,0.0,0.1875,0.234375
985900,411.69068170686137,0.0,0.1875,0.203125
986000,411.89805227962484,0.0,0.25,0.265625
986100,412.16565813316464,0.0,0.25,0.390625
986200,412.3364880845409,0.0,0.1875,0.25
986300,412.40033103353863,0.0,0.3125,0.296875
986400,412.44986460409217,0.0,0.25,0.21875
986500,412.5692371180717,0.0,0.1875,0.328125
986600,412.6333818901195,0.0,0.25,0.1875
986700,412.6996066554123,0.0,0.1875,0.21875
986800,412.81629761183024,0.0,0.3125,0.28125
986900,413.0942720372994,0.0,0.1875,0.34375
987000,413.2879452510587,0.0,0.3125,0.234375
987100,413.5245548972307,0.0,0.3125,0.25
987200,413.6563969058118,0.0,0.125,0.265625
987300,413.7299472283932,0.0,0.1875,0.3125
987400,413.8525964962224,0.0,0.25,0.25
987500,413.9181849653862,0.0,0.25,0.265625
987600,414.05645776612226,0.0,0.25,0.234375
987700,414.19571557442373,0.0,0.3125,0.234375
987800,414.34351328764853,0.0,0.1875,0.3125
987900,414.7014296019096,0.0,0.1875,0.171875
988000,414.74125228646915,0.0,0.25,0.265625
988100,414.80601275270527,0.0,0.1875,0.28125
988200,414.87704407301885,0.0,0.1875,0.21875
988300,415.03699165226794,0.0,0.375,0.21875
988400,415.13063635612286,0.0,0.1875,0.203125
988500,415.27606900317784,0.0,0.25,0.234375
988600,415.38986444114107,0.0,0.3125,0.28125
988700,415.64531618794837,0.0,0.1875,0.28125
988800,415.7518422856313,0.0,0.1875,0.234375
988900,415.8027277052014,0.0,0.375,0.28125
989000,416.0286312047036,0.0,0.1875,0.296875
989100,416.28597773724783,0.0,0.3125,0.265625
989200,416.47607570786823,0.0,0.25,0.1875
989300,416.57501291577324,0.0,0.25,0.296875
989400,416.6784228407547,0.0,0.3125,0.171875
989500,416.88905767242375,0.0,0.25,0.296875
989600,416.98557045175187,0.0,0.375,0.234375
989700,417.18237111460644,0.0,0.3125,0.140625
989800,417.2877518736352,0.0,0.25,0.265625
989900,417.43270435224616,0.0,0.1875,0.15625
990000,417.6295196378375,0.0,0.25,0.1875
990100,417.84774337601107,0.0,0.3125,0.125
990200,417.92228277664634,0.0,0.3125,0.34375
990300,418.05236397808096,0.0,0.25,0.25
990400,418.1540491918135,0.0,0.25,0.28125
990500,418.2131941518608,0.0,0.375,0.203125
990600,418.3094043697466,0.0,0.25,0.265625
990700,418.44632041234433,0.0,0.3125,0.265625
990800,418.533558225377,0.0,0.25,0.25
990900,418.71505504144847,0.0,0.375,0.28125
991000,418.83618455764173,0.0,0.1875,0.203125
991100,418.8630450250325,0.0,0.25,0.234375
991200,418.88977250459646,0.0,0.25,0.25
991300,419.00567030400003,0.0,0.375,0.3125
991400,419.1532197689105,0.0,0.3125,0.15625
991500,419.16484084823225,0.0,0.375,0.359375
991600,419.3437476862573,0.0,0.3125,0.328125
991700,419.48949610679296,0.0,0.3125,0.359375
991800,419.6184283560199,0.0,0.25,0.3125
991900,419.66674256307624,0.0,0.1875,0.3125
992000,419.75473500012146,0.0,0.375,0.3125
992100,419.87887389285476,0.0,0.25,0.25
992200,420.0227697280009,0.0,0.125,0.25
992300,420.0568255200514,0.0,0.1875,0.234375
992400,420.11261071655673,0.0,0.25,0.265625
992500,420.2801097987931,0.0,0.3125,0.34375
992600,420.3828367561312,0.0,0.3125,0.234375
992700,420.5078671714246,0.0,0.3125,0.4375
992800,420.58741477374434,0.0,0.25,0.234375
992900,420.7500916985583,0.0,0.3125,0.296875
993000,420.85326376774935,0.0,0.3125,0.28125
993100,420.96169002269016,0.0,0.3125,0.28125
993200,421.0646597999746,0.0,0.375,0.296875
993300,421.2091372156785,0.0,0.25,0.265625
993400,421.2552723098325,0.0,0.3125,0.296875
993500,421.4201610053121,0.0,0.3125,0.328125
993600,421.5814248367808,0.0,0.3125,0.296875
993700,421.73046097661916,0.0,0.3125,0.296875
993800,421.7764513440804,0.0,0.25,0.25
993900,421.84091431799527,0.0,0.25,0.265625
994000,421.9738247121643,0.0,0.3125,0.3125
994100,422.04613841615225,0.0,0.3125,0.28125
994200,422.1946444893033,0.0,0.25,0.265625
994300,422.4734518318162,0.0,0.25,0.28125
994400,422.65848625195895,0.0,0.3125,0.328125
994500,422.7435383044449,0.0,0.25,0.203125
994600,422.8516740941396,0.0,0.1875,0.3125
994700,423.0842025338363,0.0,0.25,0.21875
994800,423.2646061189356,0.0,0.25,0.25
994900,423.31191182318514,0.0,0.0625,0.3125
995000,423.467166404384,0.0,0.25,0.25
995100,423.5269093091977,0.0,0.25,0.234375
995200,423.64932986222175,0.0,0.3125,0.296875
995300,423.75389826283606,0.0,0.25,0.15625
995400,423.8396797210663,0.0,0.3125,0.296875
995500,423.89651700651564,0.0,0.1875,0.375
995600,424.00150826510156,0.0,0.3125,0.328125
995700,424.0492300214066,0.0,0.25,0.3125
995800,424.1081115242613,0.0,0.25,0.25
995900,424.20395820570633,0.0,0.1875,0.203125
996000,424.2635644489855,0.0,0.3125,0.25
996100,424.27948787470626,0.0,0.3125,0.359375
996200,424.3689831076529,0.0,0.25,0.3125
996300,424.4549327831516,0.0,0.3125,0.3125
996400,424.63747740129656,0.0,0.25,0.21875
996500,424.71430073603256,0.0,0.25,0.328125
996600,424.8335333030038,0.0,0.25,0.25
996700,424.85564633713875,0.0,0.3125,0.328125
996800,424.971228471697,0.0,0.1875,0.3125
996900,425.09397255490285,0.0,0.25,0.34375
997000,425.1642666882438,0.0,0.375,0.25
997100,425.28727827332773,0.0,0.1875,0.28125
997200,425.3515957657038,0.0,0.3125,0.359375
997300,425.4386492102622,0.0,0.3125,0.15625
997400,425.51197640513226,0.0,0.25,0.28125
997500,425.6449600046239,0.0,0.3125,0.34375
997600,425.69781164556383,0.0,0.25,0.265625
997700,425.88337517557596,0.0,0.25,0.25
997800,425.9572215437307,0.0,0.3125,0.28125
997900,426.18840973343436,0.0,0.375,0.296875
998000,426.21728258849834,0.0,0.3125,0.203125
998100,426.25106325942255,0.0,0.1875,0.15625
998200,426.2837266704317,0.0,0.125,0.203125
998300,426.38344475275125,0.0,0.3125,0.3125
998400,426.5860735766403,0.0,0.1875,0.265625
998500,426.67786115617184,0.0,0.3125,0.265625
998600,426.6978388851835,0.0,0.3125,0.390625
998700,426.8345838368022,0.0,0.3125,0.25
998800,426.9564780106917,0.0,0.25,0.3125
998900,427.02775009461874,0.0,0.375,0.390625
999000,427.0652228407377,0.0,0.3125,0.25
999100,427.2634192587735,0.0,0.3125,0.3125
999200,427.34166574738373,0.0,0.3125,0.28125
999300,427.4338837765139,0.0,0.3125,0.203125
999400,427.57188467316615,0.0,0.25,0.28125
999500,427.64187218204785,0.0,0.25,0.171875
999600,427.65660212150635,0.0,0.3125,0.265625
999700,427.6929666269838,0.0,0.3125,0.296875
999800,427.90293771031895,0.0,0.25,0.34375
999900,427.9682431336286,0.0,0.375,0.296875
1000000,228.1452138970762,0.0,0.3125,0.234375
1000100,229.53045777917194,0.0,0.25,0.390625
1000200,230.88496796159245,0.0,0.3125,0.28125
1000300,233.8508501877503,0.0,0.3125,0.28125
1000400,235.8551396750179,0.0,0.3125,0.21875
1000500,237.31318738223706,0.0,0.25,0.234375
1000600,239.87045033758756,0.0,0.125,0.15625
1000700,243.04089839877196,0.0,0.25,0.25
1000800,245.13297462999867,0.0,0.375,0.390625
1000900,247.84263224366873,0.0,0.3125,0.25
1001000,252.61643900597167,0.0,0.25,0.265625
1001100,256.5358788111215,0.0,0.25,0.296875
1001200,261.22447246308286,0.0,0.3125,0.28125
1001300,266.40953002875443,0.0,0.3125,0.203125
1001400,271.21272230041944,0.0,0.3125,0.390625
1001500,275.2787634686429,0.0,0.1875,0.203125
1001600,281.99267726035185,0.0,0.3125,0.25
1001700,288.8526673923556,0.0,0.3125,0.1875
1001800,301.79982067069795,0.0,0.3125,0.234375
1001900,310.4816089652494,0.0,0.375,0.234375
1002000,314.6968138742145,0.0,0.25,0.3125
1002100,323.4173102969197,0.0,0.25,0.234375
1002200,331.27067200161366,0.0,0.1875,0.25
1002300,339.0255956717448,0.0,0.25,0.3125
1002400,346.32027590602627,0.0,0.3125,0.296875
1002500,350.43576857396806,0.0,0.1875,0.171875
1002600,356.0182877677282,0.0,0.3125,0.296875
1002700,363.0348872924367,0.0,0.25,0.296875
1002800,368.0135401920266,0.0,0.1875,0.25
1002900,373.6108182912571,0.0,0.3125,0.1875
1003000,376.7693934230103,0.0,0.3125,0.28125
1003100,378.3148204395184,0.0,0.3125,0.28125
1003200,378.86541417819956,0.0,0.3125,0.265625
1003300,379.21701211806004,0.0,0.375,0.28125
1003400,379.5985032682689,0.0,0.3125,0.3125
1003500,380.0289593590104,0.0,0.375,0.171875
1003600,380.2922052987316,0.0,0.375,0.375
1003700,380.5487434544358,0.0,0.375,0.359375
1003800,380.8198065624276,0.0,0.25,0.25
1003900,381.15500514963065,0.0,0.25,0.296875
1004000,381.6996259229883,0.0,0.375,0.265625
1004100,382.1449161508188,0.0,0.3125,0.296875
1004200,382.496068361833,0.0,0.3125,0.3125
1004300,382.92997777556633,0.0,0.1875,0.25
1004400,383.25882632135057,0.0,0.3125,0.234375
1004500,383.5726408591416,0.0,0.25,0.234375
1004600,383.8973900288371,0.0,0.3125,0.21875
1004700,384.1537817954749,0.0,0.3125,0.3125
1004800,384.47603003175175,0.0,0.25,0.234375
1004900,384.78058214307805,0.0,0.375,0.3125
1005000,385.0462791314736,0.0,0.3125,0.1875
1005100,385.30724074505406,0.0,0.3125,0.1875
1005200,385.61558431551657,0.0,0.3125,0.265625
1005300,385.97214784717437,0.0,0.3125,0.265625
1005400,386.18767472772385,0.0,0.3125,0.234375
1005500,386.40764266014713,0.0,0.3125,0.203125
1005600,386.5115426891915,0.0,0.3125,0.234375
1005700,386.6997988465883,0.0,0.3125,0.296875
1005800,386.8565191827018,0.0,0.3125,0.25
1005900,387.1105152082918,0.0,0.25,0.28125
1006000,387.3655088962966,0.0,0.1875,0.203125
1006100,387.52427445368255,0.0,0.3125,0.3125
1006200,387.77722651014386,0.0,0.3125,0.28125
1006300,387.933158786288,0.0,0.3125,0.28125
1006400,388.0734788682588,0.0,0.3125,0.234375
1006500,388.17525967137715,0.0,0.3125,0.25
1006600,388.3621137177054,0.0,0.3125,0.203125
1006700,388.6580140545462,0.0,0.375,0.28125
1006800,388.80563284321545,0.0,0.1875,0.203125
1006900,389.2039848858533,0.0,0.25,0.171875
1007000,389.4645439893764,0.0,0.25,0.171875
1007100,389.6849565995632,0.0,0.3125,0.203125
1007200,389.8867610611674,0.0,0.3125,0.234375
1007300,390.2526494921835,0.0,0.375,0.3125
1007400,390.4255105485767,0.0,0.3125,0.21875
1007500,390.4973354422355,0.0,0.3125,0.34375
1007600,390.722014854534,0.0,0.3125,0.21875
1007700,390.94258534075277,0.0,0.3125,0.28125
1007800,391.06351864902206,0.0,0.3125,0.21875
1007900,391.1215677575807,0.0,0.3125,0.234375
1008000,391.3703634831384,0.0,0.375,0.296875
1008100,391.50079643856236,0.0,0.1875,0.15625
1008200,391.63192747855663,0.0,0.3125,0.375
1008300,391.80868338418463,0.0,0.1875,0.203125
1008400,392.0385358218255,0.0,0.25,0.28125
1008500,392.1065675040934,0.0,0.1875,0.15625
1008600,392.35342038137105,0.0,0.3125,0.21875
1008700,392.5586159336856,0.0,0.3125,0.265625
1008800,392.6679339079395,0.0,0.25,0.1875
1008900,392.8715303278729,0.0,0.3125,0.25
1009000,392.9768134409592,0.0,0.375,0.28125
1009100,393.0494311416961,0.0,0.3125,0.328125
1009200,393.1971055061527,0.0,0.25,0.265625
1009300,393.29249137365423,0.0,0.25,0.25
1009400,393.4265120529502,0.0,0.3125,0.21875
1009500,393.4729699385103,0.0,0.25,0.234375
1009600,393.5770070521001,0.0,0.3125,0.328125
1009700,393.75434925601087,0.0,0.25,0.203125
1009800,393.8448339649982,0.0,0.25,0.21875
1009900,394.0208539636374,0.0,0.25,0.203125
1010000,394.1141299468099,0.0,0.25,0.171875
1010100,394.2146999178958,0.0,0.25,0.1875
1010200,394.24274747556774,0.0,0.375,0.28125
1010300,394.4409658942834,0.0,0.3125,0.296875
1010400,394.50794852271866,0.0,0.3125,0.1875
1010500,394.6173992406917,0.0,0.375,0.203125
1010600,394.7124440428485,0.0,0.3125,0.234375
1010700,394.8864704816239,0.0,0.375,0.296875
1010800,395.04655753403887,0.0,0.3125,0.265625
1010900,395.14455051779487,0.0,0.3125,0.21875
1011000,395.1898730568258,0.0,0.25,0.265625
1011100,395.36479484833944,0.0,0.3125,0.140625
1011200,395.4677047238281,0.0,0.1875,0.1875
1011300,395.60230927117937,0.0,0.25,0.125
1011400,395.75680550222637,0.0,0.3125,0.21875
1011500,396.0397136778016,0.0,0.3125,0.109375
1011600,396.0947573535979,0.0,0.3125,0.1875
1011700,396.21166954954504,0.0,0.3125,0.265625
1011800,396.34878479410935,0.0,0.375,0.34375
1011900,396.39440556841146,0.0,0.4375,0.234375
1012000,396.4459138429848,0.0,0.375,0.203125
1012100,396.5057476262921,0.0,0.375,0.171875
1012200,396.5735815458603,0.0,0.25,0.15625
1012300,396.72408664354845,0.0,0.3125,0.21875
1012400,396.83796969478675,0.0,0.3125,0.21875
1012500,396.93020686147963,0.0,0.3125,0.203125
1012600,397.000940437813,0.0,0.3125,0.171875
1012700,397.16911113262506,0.0,0.3125,0.203125
1012800,397.3977502167317,0.0,0.25,0.3125
1012900,397.6303086133931,0.0,0.3125,0.203125
1013000,397.72587017367323,0.0,0.375,0.25
1013100,397.76192499027906,0.0,0.3125,0.28125
1013200,397.862487798234,0.0,0.375,0.171875
1013300,397.90762160044625,0.0,0.3125,0.21875
1013400,398.00080173367905,0.0,0.25,0.265625
1013500,398.1105152186808,0.0,0.3125,0.15625
1013600,398.28903554318714,0.0,0.3125,0.171875
1013700,398.3507510399712,0.0,0.3125,0.171875
1013800,398.4423251163505,0.0,0.4375,0.203125
1013900,398.5040129709461,0.0,0.3125,0.265625
1014000,398.681243261279,0.0,0.375,0.28125
1014100,398.76018953547185,0.0,0.1875,0.15625
1014200,398.81802605934234,0.0,0.3125,0.3125
1014300,398.8549420424393,0.0,0.3125,0.25
1014400,398.98117013696225,0.0,0.4375,0.3125
1014500,399.1173070288191,0.0,0.3125,0.25
1014600,399.1305760684987,0.0,0.3125,0.21875
1014700,399.1471428474677,0.0,0.3125,0.25
1014800,399.2682898471547,0.0,0.25,0.15625
1014900,399.32287950339327,0.0,0.3125,0.296875
1015000,399.4440562715787,0.0,0.375,0.171875
1015100,399.60454665148995,0.0,0.3125,0.234375
1015200,399.6864687634909,0.0,0.3125,0.21875
1015300,399.8618679573765,0.0,0.3125,0.3125
1015400,399.9169495839522,0.0,0.25,0.203125
1015500,400.0875291665872,0.0,0.375,0.1875
1015600,400.1387144987286,0.0,0.25,0.125
1015700,400.30403910962946,0.0,0.25,0.140625
1015800,400.37967583462813,0.0,0.3125,0.1875
1015900,400.52258590716633,0.0,0.375,0.125
1016000,400.6673090879746,0.0,0.25,0.25
1016100,400.7878404708493,0.0,0.3125,0.140625
1016200,400.90018803320714,0.0,0.3125,0.203125
1016300,400.96388611444604,0.0,0.25,0.125
1016400,401.0983416075137,0.0,0.25,0.21875
1016500,401.21933240100475,0.0,0.3125,0.171875
1016600,401.2715593466999,0.0,0.25,0.21875
1016700,401.3421213263147,0.0,0.375,0.296875
1016800,401.45397094672194,0.0,0.25,0.28125
1016900,401.56720448245574,0.0,0.375,0.265625
1017000,401.66988775214804,0.0,0.25,0.21875
1017100,401.76371032743293,0.0,0.3125,0.234375
1017200,401.87318197596073,0.0,0.3125,0.25
1017300,401.90876091114524,0.0,0.3125,0.1875
1017400,402.0116243949199,0.0,0.375,0.171875
1017500,402.08105015904204,0.0,0.25,0.296875
1017600,402.13711657663725,0.0,0.25,0.15625
1017700,402.20407206442013,0.0,0.3125,0.25
1017800,402.3473419908184,0.0,0.375,0.28125
1017900,402.5042223796266,0.0,0.3125,0.171875
1018000,402.5307460874446,0.0,0.3125,0.203125
1018100,402.5722657948688,0.0,0.25,0.09375
1018200,402.66633344351175,0.0,0.3125,0.21875
1018300,402.74779317212494,0.0,0.3125,0.109375
1018400,402.79558133756706,0.0,0.3125,0.21875
1018500,402.8964300165808,0.0,0.375,0.296875
1018600,402.90749641911634,0.0,0.3125,0.203125
1018700,403.0503116904606,0.0,0.25,0.1875
1018800,403.09013909529295,0.0,0.375,0.203125
1018900,403.1847797121557,0.0,0.3125,0.203125
1019000,403.2947021064752,0.0,0.3125,0.140625
1019100,403.4328285673467,0.0,0.3125,0.25
1019200,403.4828326983771,0.0,0.25,0.25
1019300,403.57653850398214,0.0,0.375,0.140625
1019400,403.70803550800287,0.0,0.25,0.140625
1019500,403.7430682222296,0.0,0.375,0.171875
1019600,403.95450730230283,0.0,0.1875,0.125
1019700,404.0395536793935,0.0,0.4375,0.234375
1019800,404.1376786736726,0.0,0.25,0.203125
1019900,404.2339619351734,0.0,0.3125,0.1875
1020000,404.2875835148867,0.0,0.25,0.296875
1020100,404.4490412304446,0.0,0.25,0.140625
1020200,404.5206358507885,0.0,0.3125,0.265625
1020300,404.646670802353,0.0,0.3125,0.125
1020400,404.67638926352174,0.0,0.3125,0.234375
1020500,404.7866944670822,0.0,0.3125,0.296875
1020600,404.82971169396166,0.0,0.3125,0.15625
1020700,404.89372172954495,0.0,0.25,0.234375
1020800,405.0995201793041,0.0,0.25,0.15625
1020900,405.19518432761066,0.0,0.25,0.25
1021000,405.27590392444284,0.0,0.25,0.15625
1021100,405.3884226907262,0.0,0.3125,0.203125
1021200,405.48241607063017,0.0,0.3125,0.25
1021300,405.57747454576645,0.0,0.3125,0.203125
1021400,405.6637674974125,0.0,0.25,0.171875
1021500,405.7653026445093,0.0,0.25,0.203125
1021600,405.80706595280276,0.0,0.25,0.203125
1021700,405.9299385882965,0.0,0.3125,0.140625
1021800,405.98739800581774,0.0,0.375,0.28125
1021900,406.13317337838873,0.0,0.3125,0.203125
1022000,406.18870171160137,0.0,0.25,0.140625
1022100,406.2542449229215,0.0,0.3125,0.15625
1022200,406.38317996490525,0.0,0.3125,0.1875
1022300,406.4731245019923,0.0,0.3125,0.296875
1022400,406.56186325189674,0.0,0.25,0.171875
1022500,406.7122382569791,0.0,0.3125,0.203125
1022600,406.8401604750642,0.0,0.375,0.1875
1022700,406.85903729212504,0.0,0.3125,0.15625
1022800,407.0406219229805,0.0,0.25,0.171875
1022900,407.06179010962114,0.0,0.25,0.21875
1023000,407.1128512966424,0.0,0.3125,0.171875
1023100,407.1517996945007,0.0,0.25,0.171875
1023200,407.19781480853095,0.0,0.25,0.171875
1023300,407.2742714874357,0.0,0.375,0.265625
1023400,407.30993701277066,0.0,0.25,0.125
1023500,407.3906183870652,0.0,0.3125,0.21875
1023600,407.5358513581462,0.0,0.3125,0.15625
1023700,407.5879145756994,0.0,0.1875,0.140625
1023800,407.64845131353877,0.0,0.3125,0.125
1023900,407.6783399485998,0.0,0.375,0.1875
1024000,407.73748861311606,0.0,0.3125,0.21875
1024100,407.96805625422616,0.0,0.25,0.171875
1024200,408.064319638725,0.0,0.3125,0.171875
1024300,408.2149126733974,0.0,0.375,0.25
1024400,408.24304907770687,0.0,0.3125,0.203125
1024500,408.4176613553913,0.0,0.25,0.1875
1024600,408.4425927489425,0.0,0.3125,0.203125
1024700,408.4647197617339,0.0,0.25,0.171875
1024800,408.55211469974694,0.0,0.3125,0.234375
1024900,408.60919697218077,0.0,0.3125,0.25
1025000,271.7441908698538,0.0,0.3125,0.1875
1025100,272.14302127000053,0.0,0.3125,0.1875
1025200,272.7988423030595,0.0,0.375,0.28125
1025300,273.3815559055886,0.0,0.25,0.171875
1025400,274.0701757614513,0.0,0.375,0.203125
1025500,275.3320271679043,0.0,0.375,0.25
1025600,276.5138093868296,0.0,0.3125,0.28125
1025700,277.7650862197742,0.0,0.25,0.1875
1025800,278.8904965700949,0.0,0.3125,0.265625
1025900,279.98900540254283,0.0,0.3125,0.234375
1026000,281.88543595279253,0.0,0.3125,0.25
1026100,283.6608529454088,0.0,0.25,0.203125
1026200,285.4976043477014,0.0,0.25,0.3125
1026300,287.22538679027906,0.0,0.3125,0.28125
1026400,289.412176195262,0.0,0.3125,0.15625
1026500,291.82724252629924,0.0,0.3125,0.203125
1026600,294.8631512229998,0.0,0.25,0.203125
1026700,296.582199291834,0.0,0.25,0.21875
1026800,299.56509192863405,0.0,0.3125,0.15625
1026900,301.64178447843403,0.0,0.3125,0.25
1027000,304.0761800468029,0.0,0.25,0.1875
1027100,306.9475515937447,0.0,0.3125,0.171875
1027200,309.42573968146417,0.0,0.25,0.203125
1027300,310.767291804705,0.0,0.3125,0.265625
1027400,312.11389360298386,0.0,0.3125,0.171875
1027500,313.096501725314,0.0,0.25,0.140625
1027600,314.2622502216006,0.0,0.25,0.203125
1027700,314.70773529295417,0.0,0.3125,0.296875
1027800,315.04385577083417,0.0,0.3125,0.21875
1027900,315.39328922159353,0.0,0.3125,0.265625
1028000,315.71735098668876,0.0,0.25,0.171875
1028100,316.04171161089295,0.0,0.3125,0.15625
1028200,316.32810639838925,0.0,0.3125,0.234375
1028300,316.61532387964576,0.0,0.3125,0.21875
1028400,316.91186843335026,0.0,0.3125,0.21875
1028500,317.453336005631,0.0,0.375,0.15625
1028600,317.7000785482605,0.0,0.25,0.1875
1028700,317.91349403817486,0.0,0.25,0.109375
1028800,318.18004352407024,0.0,0.25,0.203125
1028900,318.3930999729077,0.0,0.3125,0.3125
1029000,318.5698859772121,0.0,0.3125,0.171875
1029100,318.77503021857376,0.0,0.3125,0.265625
1029200,319.0024813907166,0.0,0.3125,0.21875
1029300,319.2800718375258,0.0,0.3125,0.203125
1029400,319.5206026218066,0.0,0.3125,0.28125
1029500,319.80528367619723,0.0,0.3125,0.1875
1029600,319.9819199263972,0.0,0.3125,0.203125
1029700,320.16284697083694,0.0,0.3125,0.21875
1029800,320.4745184424809,0.0,0.3125,0.171875
1029900,320.65879238459553,0.0,0.3125,0.171875
1030000,320.7919279544082,0.0,0.25,0.3125
1030100,320.97408660580334,0.0,0.3125,0.234375
1030200,321.1178698284759,0.0,0.3125,0.234375
1030300,321.3625035089603,0.0,0.25,0.1875
1030400,321.53883747785926,0.0,0.3125,0.203125
1030500,321.72606681936844,0.0,0.25,0.203125
1030600,321.82724079994375,0.0,0.25,0.171875
1030700,321.9926987173805,0.0,0.25,0.1875
1030800,322.20627378147503,0.0,0.3125,0.296875
1030900,322.29588505152145,0.0,0.25,0.1875
1031000,322.40154497243867,0.0,0.25,0.3125
1031100,322.5598658500317,0.0,0.25,0.234375
1031200,322.8044370808139,0.0,0.3125,0.28125
1031300,322.9967886437803,0.0,0.3125,0.265625
1031400,323.13774108675784,0.0,0.25,0.109375
1031500,323.36828640179834,0.0,0.25,0.1875
1031600,323.5444517502189,0.0,0.25,0.203125
1031700,323.7121602251502,0.0,0.3125,0.171875
1031800,323.83340739186696,0.0,0.3125,0.21875
1031900,324.04273320138026,0.0,0.25,0.1875
1032000,324.1542958715168,0.0,0.3125,0.1875
1032100,324.32771703623837,0.0,0.25,0.234375
1032200,324.4794423657318,0.0,0.25,0.234375
1032300,324.62010704953747,0.0,0.3125,0.140625
1032400,324.72546952793897,0.0,0.3125,0.296875
1032500,324.88910373237144,0.0,0.25,0.234375
1032600,325.0583475163962,0.0,0.375,0.3125
1032700,325.20475943029555,0.0,0.3125,0.28125
1032800,325.36032854475883,0.0,0.25,0.28125
1032900,325.4425515894769,0.0,0.25,0.15625
1033000,325.5469568431128,0.0,0.25,0.234375
1033100,325.7303514598181,0.0,0.375,0.1875
1033200,325.8655639445376,0.0,0.3125,0.234375
1033300,325.94854603734746,0.0,0.1875,0.171875
1033400,326.04790160233887,0.0,0.3125,0.203125
1033500,326.13037337962595,0.0,0.25,0.25
1033600,326.25310431777376,0.0,0.3125,0.203125
1033700,326.374593949032,0.0,0.3125,0.25
1033800,326.4828370906894,0.0,0.25,0.1875
1033900,326.5899796759242,0.0,0.1875,0.21875
1034000,326.70012157129867,0.0,0.25,0.234375
1034100,326.861163732995,0.0,0.25,0.25
1034200,326.97770603235284,0.0,0.25,0.265625
1034300,327.1027626211251,0.0,0.375,0.28125
1034400,327.27103469716815,0.0,0.3125,0.25
1034500,327.4808090155833,0.0,0.1875,0.203125
1034600,327.6375279791309,0.0,0.3125,0.375
1034700,327.8142138322732,0.0,0.25,0.140625
1034800,327.9285473389024,0.0,0.25,0.203125
1034900,328.0037644551713,0.0,0.3125,0.265625
1035000,328.0746941933147,0.0,0.3125,0.359375
1035100,328.2374133723081,0.0,0.3125,0.3125
1035200,328.4025957756217,0.0,0.25,0.21875
1035300,328.5437942774463,0.0,0.25,0.234375
1035400,328.687941592046,0.0,0.3125,0.140625
1035500,328.9298838075902,0.0,0.1875,0.296875
1035600,329.0763754777779,0.0,0.25,0.34375
1035700,329.6082398750244,0.0,0.3125,0.21875
1035800,329.6953361379844,0.0,0.3125,0.21875
1035900,329.8055792835788,0.0,0.3125,0.265625
1036000,330.0023411718725,0.0,0.25,0.21875
1036100,330.16085912830994,0.0,0.25,0.21875
1036200,330.3473899850642,0.0,0.25,0.3125
1036300,330.5853919501444,0.0,0.25,0.140625
1036400,330.81508174078954,0.0,0.25,0.28125
1036500,330.98880845593953,0.0,0.3125,0.28125
1036600,331.1879761393553,0.0,0.25,0.234375
1036700,331.3455722870952,0.0,0.25,0.1875
1036800,331.44784333772566,0.0,0.3125,0.265625
1036900,331.5846183693776,0.0,0.25,0.375
1037000,331.7541933621541,0.0,0.3125,0.203125
1037100,332.02357487051523,0.0,0.3125,0.3125
1037200,332.3178976351521,0.0,0.25,0.296875
1037300,332.47518369701805,0.0,0.375,0.28125
1037400,332.7309945745098,0.0,0.25,0.265625
1037500,332.99771907728325,0.0,0.25,0.296875
1037600,333.1453147157383,0.0,0.3125,0.21875
1037700,333.4731642526029,0.0,0.25,0.3125
1037800,333.7954738630807,0.0,0.1875,0.234375
1037900,334.2145132680593,0.0,0.25,0.28125
1038000,334.3616745722311,0.0,0.25,0.234375
1038100,334.75261414303486,0.0,0.3125,0.265625
1038200,334.98662451761675,0.0,0.25,0.234375
1038300,335.2228566317826,0.0,0.3125,0.21875
1038400,335.5256234577176,0.0,0.25,0.1875
1038500,335.8229349172142,0.0,0.25,0.296875
1038600,336.2573526466268,0.0,0.3125,0.203125
1038700,336.7374405301099,0.0,0.25,0.234375
1038800,337.0828632400191,0.0,0.3125,0.359375
1038900,337.5578114609822,0.0,0.25,0.328125
1039000,338.1215788863646,0.0,0.25,0.25
1039100,338.3928024074382,0.0,0.25,0.1875
1039200,338.8931133491148,0.0,0.25,0.328125
1039300,339.50023431611834,0.0,0.25,0.3125
1039400,340.4835499825782,0.0,0.25,0.328125
1039500,341.4015446562962,0.0,0.25,0.28125
1039600,341.86998590818047,0.0,0.25,0.28125
1039700,342.334429702742,0.0,0.25,0.25
1039800,343.1150167026594,0.0,0.25,0.328125
1039900,344.00609652397907,0.0,0.25,0.40625
1040000,345.01628666761144,0.0,0.25,0.234375
1040100,345.44713225153896,0.0,0.25,0.390625
1040200,346.45768458123933,0.0,0.25,0.328125
1040300,346.9976901680936,0.0,0.25,0.25
1040400,347.3154963763059,0.0,0.25,0.28125
1040500,347.9021281845568,0.0,0.25,0.34375
1040600,348.45543608603947,0.0,0.25,0.21875
1040700,348.8855587465329,0.0,0.25,0.265625
1040800,349.1412882839734,0.0,0.25,0.296875
1040900,349.7817834132095,0.0,0.25,0.328125
1041000,350.5129734700691,0.0,0.25,0.1875
1041100,351.10547207272083,0.0,0.25,0.21875
1041200,351.53687309587974,0.0,0.25,0.296875
1041300,351.892133948,0.0,0.3125,0.3125
1041400,352.22636716082246,0.0,0.25,0.234375
1041500,352.75404995303916,0.0,0.25,0.25
1041600,353.3614131992649,0.0,0.25,0.203125
1041700,354.571259038898,0.0,0.25,0.234375
1041800,355.104881052895,0.0,0.25,0.21875
1041900,355.48109211413515,0.0,0.3125,0.265625
1042000,356.11993093302885,0.0,0.25,0.3125
1042100,356.8105706231234,0.0,0.25,0.3125
1042200,357.3914540144071,0.0,0.25,0.3125
1042300,358.0017464522299,0.0,0.3125,0.296875
1042400,358.6423256254106,0.0,0.25,0.3125
1042500,359.0753279165667,0.0,0.25,0.203125
1042600,359.2845902464013,0.0,0.25,0.328125
1042700,359.7165220035939,0.0,0.3125,0.28125
1042800,360.66092551592243,0.0,0.3125,0.3125
1042900,361.10706158101505,0.0,0.25,0.328125
1043000,361.5500979600517,0.0,0.25,0.203125
1043100,361.8893867813327,0.0,0.25,0.375
1043200,362.55558794694105,0.0,0.3125,0.296875
1043300,363.15213131273674,0.0,0.3125,0.296875
1043400,363.47036563075415,0.0,0.25,0.21875
1043500,363.66062229701237,0.0,0.3125,0.359375
1043600,363.9754953945592,0.0,0.25,0.265625
1043700,364.4919800199018,0.0,0.25,0.203125
1043800,364.7680697351032,0.0,0.1875,0.296875
1043900,365.2602959125212,0.0,0.25,0.28125
1044000,365.79258499156566,0.0,0.3125,0.28125
1044100,366.171944743843,0.0,0.25,0.1875
1044200,366.8097478981312,0.0,0.25,0.3125
1044300,367.2600822434373,0.0,0.25,0.265625
1044400,367.40953391240663,0.0,0.25,0.25
1044500,367.6592519167144,0.0,0.3125,0.265625
1044600,368.0252781710777,0.0,0.25,0.3125
1044700,368.24020954643385,0.0,0.25,0.234375
1044800,368.522338731479,0.0,0.3125,0.265625
1044900,368.9341022393019,0.0,0.25,0.265625
1045000,369.5154383205044,0.0,0.25,0.234375
1045100,370.1585248233342,0.0,0.25,0.265625
1045200,370.38939444575044,0.0,0.1875,0.1875
1045300,371.01961506788894,0.0,0.25,0.296875
1045400,371.67036463195905,0.0,0.25,0.265625
1045500,372.0331912306431,0.0,0.25,0.375
1045600,372.49731206567054,0.0,0.25,0.203125
1045700,372.8507930273217,0.0,0.25,0.328125
1045800,373.2660384221554,0.0,0.25,0.40625
1045900,373.56181921076416,0.0,0.3125,0.390625
1046000,373.9377320659339,0.0,0.3125,0.28125
1046100,374.27841754512013,0.0,0.25,0.3125
1046200,374.7740924086279,0.0,0.25,0.34375
1046300,375.25531552208065,0.0,0.25,0.234375
1046400,375.64726291398716,0.0,0.25,0.40625
1046500,376.11245256532817,0.0,0.25,0.328125
1046600,376.26041478157174,0.0,0.1875,0.265625
1046700,376.7507966258154,0.0,0.25,0.359375
1046800,377.55799873732894,0.0,0.25,0.328125
1046900,377.98903686985466,0.0,0.25,0.296875
1047000,378.32768323252935,0.0,0.25,0.25
1047100,378.6652650534693,0.0,0.25,0.328125
1047200,379.06461193065763,0.0,0.3125,0.296875
1047300,379.51804931898084,0.0,0.25,0.34375
1047400,379.9226355781976,0.0,0.1875,0.25
1047500,380.4774981901954,0.0,0.1875,0.234375
1047600,380.8914141636793,0.0,0.3125,0.328125
1047700,381.03738298189876,0.0,0.25,0.296875
1047800,381.56315736723224,0.0,0.25,0.21875
1047900,381.90060781713026,0.0,0.25,0.3125
1048000,382.1132552525062,0.0,0.25,0.25
1048100,382.3150662465713,0.0,0.25,0.3125
1048200,382.7338711082363,0.0,0.25,0.234375
1048300,382.94527120037117,0.0,0.1875,0.265625
1048400,383.2654687619722,0.0,0.25,0.359375
1048500,383.6379657522433,0.0,0.25,0.34375
1048600,383.9970115800364,0.0,0.25,0.40625
1048700,384.51246305086613,0.0,0.25,0.234375
1048800,384.6729052930679,0.0,0.25,0.3125
1048900,385.00143397351223,0.0,0.1875,0.3125
1049000,385.22516561227985,0.0,0.1875,0.390625
1049100,385.38966723171046,0.0,0.3125,0.390625
1049200,385.6929675699935,0.0,0.1875,0.296875
1049300,385.9756260267452,0.0,0.1875,0.25
1049400,386.3193694889754,0.0,0.25,0.296875
1049500,386.79403754180277,0.0,0.25,0.421875
1049600,387.04516076529,0.0,0.1875,0.421875
1049700,387.384351709716,0.0,0.25,0.4375
1049800,387.6172686001721,0.0,0.25,0.421875
1049900,387.9039738167385,0.0,0.25,0.265625
1050000,243.30039114873966,0.0,0.25,0.265625
1050100,293.59952471739405,0.0,0.25,0.234375
1050200,302.7263495835852,0.0,0.25,0.359375
1050300,307.70336969753174,0.0,0.125,0.1875
1050400,311.1647659902275,0.0,0.25,0.34375
1050500,314.8548088888048,0.0,0.375,0.359375
1050600,317.95107763464796,0.0,0.25,0.296875
1050700,319.8073337973267,0.0,0.1875,0.328125
1050800,324.91418620842404,0.0,0.25,0.171875
1050900,327.0586454981288,0.0,0.1875,0.265625
1051000,331.7696922704617,0.0,0.3125,0.34375
1051100,339.14472036651176,0.0,0.25,0.359375
1051200,347.8418871455384,0.0,0.25,0.296875
1051300,352.2766666076482,0.0,0.1875,0.328125
1051400,354.99974430627304,0.0,0.25,0.234375
1051500,357.02873617306903,0.0,0.25,0.234375
1051600,358.2011756423923,0.0,0.25,0.203125
1051700,359.99838804393477,0.0,0.1875,0.28125
1051800,361.6877131537524,0.0,0.1875,0.3125
1051900,363.63592248836284,0.0,0.25,0.40625
1052000,365.33132638877134,0.0,0.25,0.265625
1052100,367.0125500478812,0.0,0.25,0.359375
1052200,368.41579959385393,0.0,0.25,0.265625
1052300,370.2553833664245,0.0,0.125,0.28125
1052400,371.28145219653067,0.0,0.3125,0.28125
1052500,372.6408625527211,0.0,0.1875,0.1875
1052600,374.1483329945311,0.0,0.25,0.296875
1052700,375.4245870817604,0.0,0.25,0.25
1052800,376.73933536831885,0.0,0.25,0.296875
1052900,378.1027987555137,0.0,0.25,0.265625
1053000,379.06090459107867,0.0,0.25,0.421875
1053100,380.4030001639418,0.0,0.25,0.328125
1053200,381.3156145962111,0.0,0.25,0.25
1053300,382.1497525429769,0.0,0.3125,0.296875
1053400,383.22997688474123,0.0,0.25,0.21875
1053500,384.32472692051175,0.0,0.1875,0.328125
1053600,385.08600316029816,0.0,0.1875,0.28125
1053700,386.0446934832307,0.0,0.375,0.375
1053800,387.11636642978647,0.0,0.25,0.34375
1053900,387.9747978065708,0.0,0.3125,0.34375
1054000,388.4583204451587,0.0,0.25,0.234375
1054100,388.87860867393175,0.0,0.25,0.3125
1054200,389.6301676326635,0.0,0.25,0.421875
1054300,390.6450791714326,0.0,0.3125,0.359375
1054400,391.3752207177275,0.0,0.25,0.28125
1054500,392.0337934338505,0.0,0.1875,0.390625
1054600,392.77363215676087,0.0,0.25,0.390625
1054700,393.28861087821633,0.0,0.25,0.359375
1054800,393.9508238777962,0.0,0.25,0.265625
1054900,394.4915204731739,0.0,0.25,0.34375
1055000,394.96892061137004,0.0,0.25,0.3125
1055100,395.6074283987844,0.0,0.1875,0.265625
1055200,396.3307413204711,0.0,0.25,0.375
1055300,397.13690811157653,0.0,0.25,0.328125
1055400,397.72350843904286,0.0,0.25,0.296875
1055500,398.3029573574194,0.0,0.25,0.21875
1055600,398.85817783796807,0.0,0.25,0.265625
1055700,399.2337907860038,0.0,0.25,0.296875
1055800,399.5507143141372,0.0,0.1875,0.234375
1055900,400.03631912589486,0.0,0.25,0.296875
1056000,400.60428766319,0.0,0.25,0.34375
1056100,400.948824734548,0.0,0.25,0.234375
1056200,401.41637214982273,0.0,0.25,0.265625
1056300,401.68087184364106,0.0,0.25,0.28125
1056400,402.0909676899306,0.0,0.125,0.296875
1056500,402.5373132504173,0.0,0.25,0.4375
1056600,402.8808212877002,0.0,0.25,0.3125
1056700,403.3023303204059,0.0,0.1875,0.265625
1056800,403.8451188961887,0.0,0.3125,0.28125
1056900,404.2214996850016,0.0,0.25,0.234375
1057000,404.43407219373404,0.0,0.25,0.25
1057100,404.77370811315535,0.0,0.25,0.40625
1057200,405.1338575355539,0.0,0.25,0.34375
1057300,405.44416090664424,0.0,0.1875,0.328125
1057400,405.7287061203833,0.0,0.25,0.34375
1057500,406.28587822168765,0.0,0.1875,0.3125
1057600,406.55834885980306,0.0,0.1875,0.40625
1057700,406.9264809644536,0.0,0.25,0.296875
1057800,407.1360802932164,0.0,0.25,0.3125
1057900,407.3028793994378,0.0,0.25,0.3125
1058000,407.5841776138324,0.0,0.25,0.359375
1058100,407.8167556922999,0.0,0.25,0.390625
1058200,408.11601133857454,0.0,0.25,0.296875
1058300,408.62232325174324,0.0,0.1875,0.375
1058400,408.90521167165036,0.0,0.3125,0.28125
1058500,409.06517372468164,0.0,0.25,0.328125
1058600,409.27031016523824,0.0,0.25,0.40625
1058700,409.5977708154105,0.0,0.25,0.328125
1058800,409.87295184315246,0.0,0.25,0.421875
1058900,410.0286624651851,0.0,0.25,0.296875
1059000,410.3143423547116,0.0,0.1875,0.28125
1059100,410.5782350532738,0.0,0.25,0.296875
1059200,410.77426889901596,0.0,0.3125,0.296875
1059300,412.1950145005656,0.0,0.25,0.296875
1059400,412.4991244425169,0.0,0.1875,0.296875
1059500,412.7012523327046,0.0,0.25,0.1875
1059600,412.8748940906028,0.0,0.25,0.234375
1059700,412.98122802581884,0.0,0.1875,0.453125
1059800,413.2263114387696,0.0,0.25,0.3125
1059900,413.4411598142648,0.0,0.1875,0.328125
1060000,413.5705525200016,0.0,0.25,0.375
1060100,413.68887954621516,0.0,0.25,0.328125
1060200,413.94496417289207,0.0,0.25,0.328125
1060300,414.1164136715998,0.0,0.1875,0.375
1060400,414.2817959058665,0.0,0.25,0.421875
1060500,414.39332699235786,0.0,0.125,0.171875
1060600,414.56549116642117,0.0,0.25,0.390625
1060700,414.72490747717694,0.0,0.25,0.203125
1060800,414.9713300133711,0.0,0.3125,0.234375
1060900,415.05127304969903,0.0,0.25,0.3125
1061000,415.2830367603503,0.0,0.25,0.265625
1061100,415.44485815447183,0.0,0.25,0.3125
1061200,415.76485058948003,0.0,0.25,0.375
1061300,415.9692727555235,0.0,0.25,0.421875
1061400,416.1800280705491,0.0,0.25,0.375
1061500,416.2851687162078,0.0,0.25,0.375
1061600,416.48822042320603,0.0,0.25,0.328125
1061700,416.6053263667385,0.0,0.3125,0.296875
1061800,416.9407140082821,0.0,0.25,0.40625
1061900,417.0431683957311,0.0,0.25,0.265625
1062000,417.21021779197815,0.0,0.25,0.3125
1062100,417.46436694634286,0.0,0.25,0.265625
1062200,417.544405114397,0.0,0.3125,0.328125
1062300,417.6310474179924,0.0,0.25,0.421875
1062400,417.6992290074276,0.0,0.25,0.296875
1062500,417.84700507520967,0.0,0.3125,0.296875
1062600,418.0732659485078,0.0,0.25,0.4375
1062700,418.204406767793,0.0,0.25,0.328125
1062800,418.36393959109665,0.0,0.375,0.3125
1062900,418.44944448579844,0.0,0.25,0.375
1063000,418.5797512307865,0.0,0.25,0.390625
1063100,418.69971546831545,0.0,0.25,0.28125
1063200,418.81531581007107,0.0,0.25,0.390625
1063300,418.91285912234315,0.0,0.3125,0.390625
1063400,419.07931904017363,0.0,0.1875,0.421875
1063500,419.25125424610314,0.0,0.25,0.296875
1063600,419.44425851648515,0.0,0.3125,0.34375
1063700,419.631129260507,0.0,0.25,0.375
1063800,419.7214461026122,0.0,0.25,0.203125
1063900,419.90665113892004,0.0,0.1875,0.328125
1064000,420.10059229930135,0.0,0.25,0.3125
1064100,420.3056261614098,0.0,0.25,0.375
1064200,420.4500314731713,0.0,0.25,0.28125
1064300,420.56127434785003,0.0,0.25,0.375
1064400,420.63167540503696,0.0,0.25,0.328125
1064500,420.71530132109143,0.0,0.3125,0.328125
1064600,420.8641615455807,0.0,0.25,0.453125
1064700,420.99884537999577,0.0,0.25,0.390625
1064800,421.2164711941716,0.0,0.25,0.390625
1064900,421.3800578907495,0.0,0.3125,0.3125
1065000,421.49966571351047,0.0,0.25,0.375
1065100,421.601079344207,0.0,0.25,0.3125
1065200,421.73178821823126,0.0,0.3125,0.265625
1065300,421.9592683403748,0.0,0.3125,0.390625
1065400,422.1399698510544,0.0,0.25,0.34375
1065500,422.26553198444645,0.0,0.25,0.3125
1065600,422.4350287011413,0.0,0.25,0.375
1065700,422.5993658654913,0.0,0.3125,0.3125
1065800,422.6792453336944,0.0,0.25,0.296875
1065900,422.74942721144566,0.0,0.25,0.375
1066000,422.8728823413808,0.0,0.25,0.4375
1066100,422.91502564513195,0.0,0.3125,0.328125
1066200,423.14956654402175,0.0,0.3125,0.3125
1066300,423.32955360408084,0.0,0.25,0.328125
1066400,423.51021917925823,0.0,0.1875,0.328125
1066500,423.77138341196525,0.0,0.25,0.375
1066600,423.8528705209891,0.0,0.25,0.328125
1066700,423.94404163477304,0.0,0.25,0.390625
1066800,424.02934052729955,0.0,0.3125,0.34375
1066900,424.12514755070805,0.0,0.1875,0.390625
1067000,424.30898831057686,0.0,0.25,0.34375
1067100,424.48256365946736,0.0,0.3125,0.421875
1067200,424.6547349195595,0.0,0.3125,0.265625
1067300,424.82282041700233,0.0,0.3125,0.296875
1067400,424.9942441911463,0.0,0.25,0.359375
1067500,425.10486556890373,0.0,0.3125,0.328125
1067600,425.2538415425308,0.0,0.25,0.28125
1067700,425.3318187172443,0.0,0.3125,0.28125
1067800,425.5007351857558,0.0,0.25,0.40625
1067900,425.5915423227484,0.0,0.3125,0.40625
1068000,425.7106053925898,0.0,0.3125,0.375
1068100,425.81575587418763,0.0,0.1875,0.34375
1068200,425.87865372216766,0.0,0.1875,0.328125
1068300,426.0667233236901,0.0,0.25,0.390625
1068400,426.1393560909694,0.0,0.3125,0.390625
1068500,426.21841521206557,0.0,0.25,0.328125
1068600,426.3151070386966,0.0,0.3125,0.359375
1068700,426.4405542631767,0.0,0.3125,0.453125
1068800,426.5590039075741,0.0,0.25,0.390625
1068900,426.5797197528462,0.0,0.3125,0.328125
1069000,426.6394984948441,0.0,0.3125,0.40625
1069100,426.7075816441688,0.0,0.25,0.28125
1069200,426.79734197812655,0.0,0.3125,0.421875
1069300,426.8532951288851,0.0,0.25,0.34375
1069400,427.0243030744237,0.0,0.25,0.328125
1069500,427.06432272468356,0.0,0.3125,0.390625
1069600,427.2355263009452,0.0,0.3125,0.359375
1069700,427.29797459788966,0.0,0.25,0.328125
1069800,427.4447530767897,0.0,0.25,0.28125
1069900,427.54468263669804,0.0,0.25,0.25
1070000,427.6109350513257,0.0,0.25,0.390625
1070100,427.6614804683448,0.0,0.3125,0.34375
1070200,427.83368872745115,0.0,0.25,0.390625
1070300,427.9854432422682,0.0,0.3125,0.421875
1070400,428.11684440771296,0.0,0.3125,0.265625
1070500,428.2906818957873,0.0,0.25,0.421875
1070600,428.4006671031387,0.0,0.3125,0.390625
1070700,428.4814024866436,0.0,0.3125,0.34375
1070800,428.61009262303685,0.0,0.3125,0.34375
1070900,428.7022191877013,0.0,0.25,0.390625
1071000,428.78141334839466,0.0,0.3125,0.359375
1071100,428.9680221982268,0.0,0.3125,0.390625
1071200,428.99445336601883,0.0,0.25,0.34375
1071300,429.05951033539566,0.0,0.25,0.375
1071400,429.0762173281133,0.0,0.25,0.1875
1071500,429.14776546554384,0.0,0.3125,0.3125
1071600,429.2127261027479,0.0,0.25,0.21875
1071700,429.41659867318157,0.0,0.3125,0.40625
1071800,429.4678676329057,0.0,0.3125,0.484375
1071900,429.5802109219379,0.0,0.3125,0.34375
1072000,429.66737052994233,0.0,0.3125,0.375
1072100,429.73115993292,0.0,0.3125,0.328125
1072200,429.74917686456877,0.0,0.3125,0.28125
1072300,429.8094818671502,0.0,0.3125,0.375
1072400,429.9478272851967,0.0,0.25,0.234375
1072500,430.00334536161796,0.0,0.3125,0.4375
1072600,430.05318125954244,0.0,0.25,0.390625
1072700,430.10747521775437,0.0,0.3125,0.40625
1072800,430.2528168250612,0.0,0.3125,0.4375
1072900,430.3522192018395,0.0,0.25,0.328125
1073000,430.42884606732594,0.0,0.3125,0.40625
1073100,430.4984981228004,0.0,0.3125,0.359375
1073200,430.55424517262924,0.0,0.25,0.296875
1073300,430.751006001469,0.0,0.3125,0.25
1073400,430.7720161392602,0.0,0.25,0.421875
1073500,430.88689710802305,0.0,0.25,0.359375
1073600,431.02116786165953,0.0,0.3125,0.328125
1073700,431.1424467353281,0.0,0.3125,0.265625
1073800,431.1912568199102,0.0,0.3125,0.25
1073900,431.33337755649535,0.0,0.25,0.359375
1074000,431.39530415823856,0.0,0.25,0.265625
1074100,431.49494884789294,0.0,0.3125,0.359375
1074200,431.56576365807064,0.0,0.3125,0.296875
1074300,431.64755772300913,0.0,0.3125,0.40625
1074400,431.6915390207973,0.0,0.375,0.40625
1074500,431.7909640574823,0.0,0.25,0.359375
1074600,431.88221523270624,0.0,0.3125,0.28125
1074700,432.0176492043625,0.0,0.3125,0.34375
1074800,432.0798350699169,0.0,0.3125,0.375
1074900,432.15663509963014,0.0,0.3125,0.390625
1075000,228.6168437085676,0.0,0.3125,0.375
1075100,235.29498210762463,0.0,0.25,0.25
1075200,240.7022061885888,0.0,0.3125,0.40625
1075300,245.67068372100854,0.0,0.3125,0.421875
1075400,254.38922238446912,0.0,0.3125,0.390625
1075500,265.16843257264037,0.0,0.3125,0.375
1075600,275.95033010120864,0.0,0.25,0.34375
1075700,285.0968003285252,0.0,0.25,0.328125
1075800,291.13257420753024,0.0,0.3125,0.359375
1075900,293.6720035729002,0.0,0.3125,0.28125
1076000,295.79819007209295,0.0,0.3125,0.359375
1076100,297.71506007399097,0.0,0.3125,0.421875
1076200,299.09602668974003,0.0,0.3125,0.390625
1076300,300.52555829392986,0.0,0.25,0.3125
1076400,301.8629916984853,0.0,0.3125,0.5
1076500,302.8205565824034,0.0,0.3125,0.328125
1076600,303.7701605985571,0.0,0.3125,0.375
1076700,305.04446639027515,0.0,0.25,0.390625
1076800,306.07296550204154,0.0,0.1875,0.296875
1076900,307.4764925511002,0.0,0.3125,0.359375
1077000,308.387746414583,0.0,0.25,0.375
1077100,309.0181316500135,0.0,0.25,0.3125
1077200,309.7685930420365,0.0,0.3125,0.296875
1077300,310.22900852151787,0.0,0.3125,0.296875
1077400,311.0132128055434,0.0,0.3125,0.390625
1077500,311.79312637870277,0.0,0.3125,0.4375
1077600,312.5291022007987,0.0,0.3125,0.3125
1077700,312.9666045250087,0.0,0.3125,0.296875
1077800,313.7745823388127,0.0,0.25,0.453125
1077900,314.371118666359,0.0,0.25,0.28125
1078000,314.8794183022245,0.0,0.25,0.375
1078100,315.37328747038885,0.0,0.3125,0.296875
1078200,315.74915475532976,0.0,0.3125,0.34375
1078300,316.218426358331,0.0,0.3125,0.4375
1078400,316.73834504394705,0.0,0.3125,0.3125
1078500,317.0426262186799,0.0,0.3125,0.265625
1078600,317.5446224686715,0.0,0.3125,0.296875
1078700,318.0777415574542,0.0,0.3125,0.28125
1078800,318.5095427773835,0.0,0.3125,0.265625
1078900,318.86957958335483,0.0,0.25,0.375
1079000,319.419365475259,0.0,0.3125,0.265625
1079100,320.00222590469843,0.0,0.3125,0.40625
1079200,320.58027905675596,0.0,0.3125,0.359375
1079300,320.94046373129623,0.0,0.3125,0.3125
1079400,321.4213989654193,0.0,0.25,0.234375
1079500,321.7402365353902,0.0,0.3125,0.46875
1079600,322.02365998591637,0.0,0.3125,0.328125
1079700,322.2267500689452,0.0,0.3125,0.359375
1079800,322.6598643370365,0.0,0.3125,0.484375
1079900,323.466610479481,0.0,0.3125,0.34375
1080000,323.8664068822177,0.0,0.25,0.296875
1080100,324.3242689250893,0.0,0.3125,0.421875
1080200,324.5909750618223,0.0,0.3125,0.390625
1080300,324.808675569913,0.0,0.3125,0.390625
1080400,325.1508696964128,0.0,0.3125,0.484375
1080500,325.56438910632255,0.0,0.25,0.328125
1080600,325.794722784786,0.0,0.3125,0.34375
1080700,326.08547493793697,0.0,0.25,0.359375
1080800,326.5163400538181,0.0,0.25,0.3125
1080900,326.98077753065445,0.0,0.25,0.40625
1081000,327.27345034943016,0.0,0.1875,0.421875
1081100,327.7300390049711,0.0,0.25,0.28125
1081200,328.1996780975977,0.0,0.25,0.296875
1081300,328.66177123430344,0.0,0.3125,0.375
1081400,329.2343658020943,0.0,0.3125,0.28125
1081500,329.6353381794824,0.0,0.1875,0.421875
1081600,330.05055260966213,0.0,0.25,0.296875
1081700,330.7452346336305,0.0,0.3125,0.25
1081800,331.25579813616883,0.0,0.25,0.390625
1081900,331.6432073663365,0.0,0.3125,0.25
1082000,332.18554454535774,0.0,0.3125,0.328125
1082100,332.9711411681601,0.0,0.25,0.234375
1082200,334.00896584753525,0.0,0.1875,0.265625
1082300,334.519024056848,0.0,0.3125,0.34375
1082400,335.47042856088655,0.0,0.3125,0.3125
1082500,336.469981570045,0.0,0.3125,0.265625
1082600,337.5900018534509,0.0,0.3125,0.375
1082700,338.84682590928315,0.0,0.25,0.40625
1082800,340.17314303446955,0.0,0.3125,0.4375
1082900,342.2687911986944,0.0,0.1875,0.359375
1083000,346.13312853177115,0.0,0.1875,0.3125
1083100,349.0340886502454,0.0,0.25,0.359375
1083200,354.61715459506246,0.0,0.25,0.296875
1083300,358.97125618350645,0.0,0.25,0.3125
1083400,364.9661418454412,0.0,0.1875,0.296875
1083500,369.65845097732546,0.0,0.3125,0.3125
1083600,374.48824828480315,0.0,0.3125,0.265625
1083700,376.7516295168473,0.0,0.3125,0.328125
1083800,377.671820531671,0.0,0.3125,0.296875
1083900,378.478580955624,0.0,0.375,0.359375
1084000,379.32433158505387,0.0,0.25,0.265625
1084100,380.08778708947733,0.0,0.25,0.3125
1084200,381.0847784009756,0.0,0.3125,0.34375
1084300,381.738544149606,0.0,0.3125,0.34375
1084400,382.70528474712006,0.0,0.3125,0.265625
1084500,383.4619801443743,0.0,0.25,0.3125
1084600,384.1281435220996,0.0,0.25,0.234375
1084700,384.6642891756609,0.0,0.25,0.265625
1084800,385.2884720679228,0.0,0.25,0.28125
1084900,386.1111731183243,0.0,0.25,0.296875
1085000,386.4807852680454,0.0,0.375,0.34375
1085100,387.031924094834,0.0,0.3125,0.421875
1085200,387.65892584727357,0.0,0.3125,0.328125
1085300,388.05914043565696,0.0,0.3125,0.296875
1085400,388.72216953077265,0.0,0.1875,0.28125
1085500,388.9985419261007,0.0,0.25,0.40625
1085600,389.5636740157608,0.0,0.25,0.265625
1085700,390.01444111454424,0.0,0.3125,0.359375
1085800,390.612532835709,0.0,0.3125,0.34375
1085900,391.13648601191716,0.0,0.3125,0.28125
1086000,391.4614442867747,0.0,0.25,0.265625
1086100,392.05587832293656,0.0,0.25,0.328125
1086200,392.567227817405,0.0,0.3125,0.484375
1086300,392.91189732580546,0.0,0.25,0.3125
1086400,393.2106490546504,0.0,0.375,0.3125
1086500,393.728250771238,0.0,0.25,0.375
1086600,393.9731652128817,0.0,0.3125,0.390625
1086700,394.233408629374,0.0,0.25,0.328125
1086800,394.47106349489485,0.0,0.25,0.375
1086900,394.8077929026622,0.0,0.25,0.34375
1087000,395.143347235954,0.0,0.3125,0.265625
1087100,395.3052095164947,0.0,0.3125,0.390625
1087200,395.8457878119479,0.0,0.25,0.21875
1087300,396.0795619245981,0.0,0.3125,0.28125
1087400,396.4258557717149,0.0,0.25,0.4375
1087500,396.7414407751391,0.0,0.375,0.390625
1087600,396.99741807682324,0.0,0.25,0.359375
1087700,397.3137130683102,0.0,0.3125,0.28125
1087800,397.5783109238013,0.0,0.25,0.421875
1087900,397.87463583282636,0.0,0.25,0.390625
1088000,398.09502113563417,0.0,0.3125,0.328125
1088100,398.2773298154266,0.0,0.25,0.28125
1088200,398.56435407608654,0.0,0.375,0.4375
1088300,398.9510300160047,0.0,0.3125,0.46875
1088400,399.1668913847317,0.0,0.3125,0.34375
1088500,399.4679516139371,0.0,0.25,0.328125
1088600,399.6590568478369,0.0,0.25,0.484375
1088700,399.84702529117595,0.0,0.25,0.3125
1088800,400.16583892553325,0.0,0.3125,0.34375
1088900,400.5896026696871,0.0,0.25,0.296875
1089000,400.9657568895215,0.0,0.3125,0.375
1089100,401.18653745916816,0.0,0.3125,0.328125
1089200,401.3869453704166,0.0,0.3125,0.3125
1089300,401.5674023091436,0.0,0.1875,0.453125
1089400,401.75239462834804,0.0,0.3125,0.34375
1089500,401.9941366657391,0.0,0.3125,0.34375
1089600,402.2893755362995,0.0,0.3125,0.359375
1089700,402.67218168878645,0.0,0.25,0.40625
1089800,402.9158465309354,0.0,0.3125,0.328125
1089900,403.06496167548084,0.0,0.25,0.265625
1090000,403.2280551720059,0.0,0.3125,0.265625
1090100,403.47654325331285,0.0,0.25,0.25
1090200,403.63474514290607,0.0,0.3125,0.40625
1090300,403.98548214731784,0.0,0.3125,0.4375
1090400,404.35655930895064,0.0,0.25,0.390625
1090500,404.5951787444478,0.0,0.25,0.4375
1090600,404.82893563528336,0.0,0.3125,0.359375
1090700,405.2486244018531,0.0,0.1875,0.34375
1090800,405.62788208486813,0.0,0.375,0.421875
1090900,405.87971716908515,0.0,0.3125,0.421875
1091000,406.10894876758397,0.0,0.25,0.4375
1091100,406.3351542010382,0.0,0.25,0.296875
1091200,406.5869242192664,0.0,0.3125,0.421875
1091300,406.7891953417042,0.0,0.3125,0.21875
1091400,407.0466368309145,0.0,0.25,0.328125
1091500,407.2076379133817,0.0,0.25,0.40625
1091600,407.57069014163983,0.0,0.25,0.421875
1091700,407.8311075068521,0.0,0.25,0.28125
1091800,408.1382311103826,0.0,0.3125,0.328125
1091900,408.3242172992114,0.0,0.1875,0.34375
1092000,408.52551696464855,0.0,0.25,0.25
1092100,408.73079553263045,0.0,0.1875,0.390625
1092200,408.9759233845298,0.0,0.25,0.25
1092300,409.3380490591368,0.0,0.3125,0.28125
1092400,409.55556893150714,0.0,0.3125,0.375
1092500,409.7865245581903,0.0,0.25,0.453125
1092600,410.1941143832385,0.0,0.25,0.328125
1092700,410.41427945171046,0.0,0.25,0.28125
1092800,410.60092435607055,0.0,0.3125,0.46875
1092900,410.8060551262422,0.0,0.25,0.296875
1093000,411.0462510044454,0.0,0.25,0.34375
1093100,411.3224405014032,0.0,0.25,0.375
1093200,411.51085151042935,0.0,0.3125,0.46875
1093300,411.68514910122286,0.0,0.25,0.328125
1093400,411.9991247376421,0.0,0.3125,0.4375
1093500,412.1843433886997,0.0,0.25,0.390625
1093600,412.5672825087155,0.0,0.25,0.1875
1093700,412.75834098501883,0.0,0.25,0.4375
1093800,413.08499474011535,0.0,0.375,0.328125
1093900,413.3655422662694,0.0,0.1875,0.390625
1094000,413.54031681422094,0.0,0.3125,0.375
1094100,413.93017166090107,0.0,0.25,0.359375
1094200,414.14612962594737,0.0,0.25,0.3125
1094300,414.30339327024444,0.0,0.3125,0.40625
1094400,414.484410462622,0.0,0.25,0.28125
1094500,414.89848214549534,0.0,0.25,0.40625
1094600,415.1909584497393,0.0,0.3125,0.46875
1094700,415.37623974489463,0.0,0.3125,0.28125
1094800,415.5969613933127,0.0,0.25,0.34375
1094900,415.71090341790864,0.0,0.3125,0.359375
1095000,416.03167360067414,0.0,0.1875,0.28125
1095100,416.1173845523204,0.0,0.25,0.359375
1095200,416.26625901837474,0.0,0.1875,0.3125
1095300,416.57689846415286,0.0,0.3125,0.375
1095400,416.70151163686097,0.0,0.3125,0.390625
1095500,416.88511077386175,0.0,0.25,0.359375
1095600,417.0450560900215,0.0,0.25,0.328125
1095700,417.16596464423,0.0,0.25,0.40625
1095800,417.36234558663995,0.0,0.3125,0.328125
1095900,417.6602752469456,0.0,0.3125,0.390625
1096000,417.9362856332447,0.0,0.25,0.296875
1096100,418.1377695000442,0.0,0.25,0.34375
1096200,418.2880029616123,0.0,0.25,0.375
1096300,418.519754131111,0.0,0.1875,0.40625
1096400,418.7906868007503,0.0,0.1875,0.265625
1096500,419.0179175709473,0.0,0.25,0.28125
1096600,419.1538581796143,0.0,0.3125,0.421875
1096700,419.4558262564153,0.0,0.25,0.453125
1096800,419.61690612109095,0.0,0.25,0.328125
1096900,419.9093087460004,0.0,0.25,0.34375
1097000,420.21027392671607,0.0,0.375,0.296875
1097100,420.4745306199485,0.0,0.1875,0.390625
1097200,420.6577952429829,0.0,0.25,0.34375
1097300,420.8970153257716,0.0,0.3125,0.484375
1097400,420.9779828607736,0.0,0.3125,0.3125
1097500,421.18018023130446,0.0,0.25,0.359375
1097600,421.3668900034667,0.0,0.25,0.421875
1097700,421.74258317493485,0.0,0.25,0.359375
1097800,421.8861279748808,0.0,0.25,0.359375
1097900,422.11831931690904,0.0,0.25,0.421875
1098000,422.2526559480121,0.0,0.25,0.390625
1098100,422.42355711392435,0.0,0.25,0.34375
1098200,422.61907736383847,0.0,0.25,0.3125
1098300,422.8164190404052,0.0,0.25,0.328125
1098400,422.9654413977156,0.0,0.3125,0.390625
1098500,423.36009590794276,0.0,0.375,0.34375
1098600,423.55223983238426,0.0,0.25,0.296875
1098700,423.683907928481,0.0,0.25,0.40625
1098800,423.9495814048581,0.0,0.3125,0.34375
1098900,424.11233222852786,0.0,0.25,0.328125
1099000,424.22122997830644,0.0,0.3125,0.421875
1099100,424.4622255959569,0.0,0.375,0.328125
1099200,424.6529465389746,0.0,0.25,0.34375
1099300,424.76992579880596,0.0,0.1875,0.296875
1099400,424.9942292523332,0.0,0.3125,0.40625
1099500,425.1153468245659,0.0,0.3125,0.328125
1099600,425.25644192465614,0.0,0.3125,0.359375
1099700,425.42485010872326,0.0,0.25,0.4375
1099800,425.6324413578163,0.0,0.3125,0.453125
1099900,425.90298833743935,0.0,0.25,0.375
1100000,302.84591030701,0.0,0.25,0.421875
1100100,334.058270897348,0.0,0.375,0.34375
1100200,367.2730657541466,0.0,0.25,0.40625
1100300,383.88611469730665,0.0,0.25,0.328125
1100400,390.60123971647107,0.0,0.375,0.390625
1100500,393.7595286025116,0.0,0.25,0.34375
1100600,396.7308070520479,0.0,0.3125,0.3125
1100700,399.6355763283435,0.0,0.3125,0.34375
1100800,401.48772567495735,0.0,0.3125,0.34375
1100900,403.1645233920039,0.0,0.375,0.375
1101000,404.8222132201982,0.0,0.25,0.3125
1101100,406.45863974332997,0.0,0.1875,0.21875
1101200,408.22901978708757,0.0,0.3125,0.421875
1101300,409.54554001669976,0.0,0.25,0.296875
1101400,410.75559844994564,0.0,0.3125,0.375
1101500,411.513363780891,0.0,0.25,0.3125
1101600,412.72626383872677,0.0,0.3125,0.359375
1101700,413.67130353544195,0.0,0.3125,0.265625
1101800,414.1879391179203,0.0,0.25,0.34375
1101900,414.642181385249,0.0,0.3125,0.34375
1102000,415.6588165302392,0.0,0.375,0.296875
1102100,416.32334627183616,0.0,0.3125,0.453125
1102200,417.11453683366307,0.0,0.25,0.359375
1102300,417.9003103374125,0.0,0.3125,0.421875
1102400,418.4898150730737,0.0,0.25,0.390625
1102500,419.1499710392345,0.0,0.3125,0.3125
1102600,419.55198648853076,0.0,0.25,0.359375
1102700,419.85608781107976,0.0,0.25,0.375
1102800,420.4078645896692,0.0,0.25,0.359375
1102900,421.0069933579587,0.0,0.3125,0.359375
1103000,421.50541164395406,0.0,0.3125,0.34375
1103100,421.989338359135,0.0,0.25,0.28125
1103200,422.52593846257605,0.0,0.25,0.359375
1103300,422.95128056711127,0.0,0.25,0.484375
1103400,423.4835799300532,0.0,0.25,0.390625
1103500,423.7807310248654,0.0,0.25,0.328125
1103600,424.03814495798514,0.0,0.3125,0.375
1103700,424.37177472958444,0.0,0.1875,0.265625
1103800,424.7247921784545,0.0,0.25,0.390625
1103900,425.0582657126729,0.0,0.25,0.40625
1104000,425.4312072016156,0.0,0.25,0.421875
1104100,425.7151602639404,0.0,0.1875,0.265625
1104200,426.06856676985035,0.0,0.3125,0.34375
1104300,426.4645374062211,0.0,0.3125,0.328125
1104400,426.73992975665846,0.0,0.25,0.390625
1104500,427.06698854047175,0.0,0.25,0.5
1104600,427.37448139228013,0.0,0.25,0.234375
1104700,427.60884187338974,0.0,0.375,0.390625
1104800,427.8937042305114,0.0,0.25,0.421875
1104900,428.2195473373324,0.0,0.375,0.390625
1105000,428.4469471087894,0.0,0.25,0.375
1105100,428.8034012911047,0.0,0.375,0.40625
1105200,429.1071144043397,0.0,0.3125,0.421875
1105300,429.26866400154256,0.0,0.3125,0.453125
1105400,429.73835871482765,0.0,0.375,0.40625
1105500,429.96259230467007,0.0,0.1875,0.453125
1105600,430.1132215156788,0.0,0.3125,0.328125
1105700,430.3287917197112,0.0,0.25,0.3125
1105800,430.4618052009013,0.0,0.25,0.359375
1105900,430.6795884203929,0.0,0.1875,0.34375
1106000,430.82408577397865,0.0,0.1875,0.296875
1106100,430.9051132341628,0.0,0.25,0.40625
1106200,430.97682371628883,0.0,0.25,0.34375
1106300,431.24205075418485,0.0,0.3125,0.375
1106400,431.37053353705875,0.0,0.3125,0.453125
1106500,431.55448404593,0.0,0.25,0.296875
1106600,431.76098288568164,0.0,0.25,0.328125
1106700,431.9677359284645,0.0,0.25,0.328125
1106800,432.1537819764523,0.0,0.25,0.390625
1106900,432.2834294000689,0.0,0.25,0.4375
1107000,432.58058497846787,0.0,0.25,0.390625
1107100,432.9153838228525,0.0,0.25,0.375
1107200,433.07597516722893,0.0,0.25,0.484375
1107300,433.12257929754384,0.0,0.25,0.421875
1107400,433.3903239389782,0.0,0.25,0.3125
1107500,433.57644158125146,0.0,0.1875,0.3125
1107600,433.77191586964517,0.0,0.25,0.5
1107700,433.80913880035473,0.0,0.375,0.484375
1107800,433.8917390076822,0.0,0.3125,0.484375
1107900,434.03083647599055,0.0,0.3125,0.390625
1108000,434.1484322910118,0.0,0.25,0.296875
1108100,434.19260923422354,0.0,0.25,0.453125
1108200,434.3582464076039,0.0,0.25,0.4375
1108300,434.5407026654647,0.0,0.1875,0.375
1108400,434.6997665425655,0.0,0.1875,0.421875
1108500,434.8050715012798,0.0,0.1875,0.359375
1108600,434.9326271102779,0.0,0.25,0.328125
1108700,434.9809890803177,0.0,0.25,0.265625
1108800,435.1134929541885,0.0,0.25,0.359375
1108900,435.30454878681445,0.0,0.3125,0.40625
1109000,435.400155338394,0.0,0.375,0.359375
1109100,435.61105970501757,0.0,0.3125,0.46875
1109200,435.7802421719968,0.0,0.25,0.328125
1109300,435.8730516966565,0.0,0.375,0.453125
1109400,436.02571443415786,0.0,0.25,0.34375
1109500,436.0797719361452,0.0,0.25,0.34375
1109600,436.21864164841224,0.0,0.25,0.46875
1109700,436.27569585416296,0.0,0.25,0.296875
1109800,436.44505152125123,0.0,0.3125,0.390625
1109900,436.5681042001788,0.0,0.3125,0.34375
1110000,436.6445813693856,0.0,0.3125,0.453125
1110100,436.685911683152,0.0,0.25,0.375
1110200,436.74550007,0.0,0.3125,0.375
1110300,436.84300187721595,0.0,0.3125,0.375
1110400,436.89701039419987,0.0,0.3125,0.40625
1110500,436.95403104618066,0.0,0.3125,0.359375
1110600,436.9854180739668,0.0,0.25,0.296875
1110700,437.09158712364666,0.0,0.3125,0.375
1110800,437.1577896209658,0.0,0.25,0.359375
1110900,437.2062885697213,0.0,0.1875,0.3125
1111000,437.3339122992008,0.0,0.25,0.4375
1111100,437.41746870575633,0.0,0.25,0.3125
1111200,437.5240852704564,0.0,0.1875,0.375
1111300,437.6082237082688,0.0,0.1875,0.359375
1111400,437.7014459877614,0.0,0.375,0.484375
1111500,437.8288871198755,0.0,0.3125,0.359375
1111600,437.8903448633258,0.0,0.3125,0.375
1111700,438.00328835368094,0.0,0.25,0.203125
1111800,438.12927548230977,0.0,0.25,0.328125
1111900,438.1525865205935,0.0,0.25,0.390625
1112000,438.3536661656123,0.0,0.25,0.40625
1112100,438.52447878637156,0.0,0.3125,0.453125
1112200,438.689588415561,0.0,0.1875,0.453125
1112300,438.95661610140917,0.0,0.375,0.5
1112400,439.12363900426305,0.0,0.3125,0.34375
1112500,439.1610664829461,0.0,0.3125,0.328125
1112600,439.9128497075442,0.0,0.25,0.390625
1112700,439.97442564283887,0.0,0.3125,0.453125
1112800,440.105976977763,0.0,0.3125,0.46875
1112900,440.17692628473196,0.0,0.3125,0.3125
1113000,440.25942892461,0.0,0.3125,0.390625
1113100,440.3408049346133,0.0,0.3125,0.28125
1113200,440.4365417938926,0.0,0.25,0.4375
1113300,440.5251957927013,0.0,0.25,0.34375
1113400,440.6484528277326,0.0,0.25,0.375
1113500,440.77533161017936,0.0,0.3125,0.484375
1113600,440.88827081263383,0.0,0.1875,0.40625
1113700,440.9945626031593,0.0,0.1875,0.375
1113800,441.0278019526814,0.0,0.25,0.46875
1113900,441.141533328376,0.0,0.3125,0.5
1114000,441.2222624996425,0.0,0.25,0.390625
1114100,441.2792228849811,0.0,0.375,0.390625
1114200,441.37240800066826,0.0,0.3125,0.421875
1114300,441.4760369272594,0.0,0.25,0.46875
1114400,441.5168868842542,0.0,0.25,0.421875
1114500,441.55246550345584,0.0,0.25,0.5
1114600,441.65667803869286,0.0,0.3125,0.5
1114700,441.76082510885954,0.0,0.25,0.390625
1114800,441.8282380481007,0.0,0.3125,0.40625
1114900,441.8580594101198,0.0,0.3125,0.34375
1115000,441.9612516882583,0.0,0.25,0.390625
1115100,442.01179778518645,0.0,0.3125,0.40625
1115200,442.09646852309584,0.0,0.3125,0.390625
1115300,442.14360596826714,0.0,0.3125,0.5
1115400,442.20173467357307,0.0,0.3125,0.34375
1115500,442.3386544872512,0.0,0.1875,0.4375
1115600,442.40361731791575,0.0,0.25,0.5
1115700,442.43555303632974,0.0,0.3125,0.46875
1115800,442.4979961673268,0.0,0.25,0.328125
1115900,442.53813826007405,0.0,0.3125,0.421875
1116000,442.5963489077401,0.0,0.3125,0.421875
1116100,442.65191199037173,0.0,0.25,0.40625
1116200,442.68840095806826,0.0,0.25,0.34375
1116300,442.8155070738119,0.0,0.3125,0.5
1116400,442.855194371346,0.0,0.3125,0.4375
1116500,442.9099884671005,0.0,0.1875,0.4375
1116600,442.94063014097287,0.0,0.1875,0.34375
1116700,442.99469524387854,0.0,0.3125,0.453125
1116800,443.06237235738536,0.0,0.3125,0.46875
1116900,443.08982811572736,0.0,0.3125,0.40625
1117000,443.171191237679,0.0,0.3125,0.40625
1117100,443.2680513636313,0.0,0.25,0.4375
1117200,443.30321986171447,0.0,0.3125,0.375
1117300,443.3502779278275,0.0,0.25,0.421875
1117400,443.44534899424315,0.0,0.1875,0.546875
1117500,443.468486294014,0.0,0.1875,0.390625
1117600,443.4766508896979,0.0,0.25,0.453125
1117700,443.57688394686704,0.0,0.25,0.390625
1117800,443.64714338135167,0.0,0.3125,0.453125
1117900,443.6663927403067,0.0,0.3125,0.46875
1118000,443.74410968239505,0.0,0.25,0.421875
1118100,443.8021185278003,0.0,0.1875,0.515625
1118200,443.8454174635103,0.0,0.3125,0.453125
1118300,443.877782996276,0.0,0.1875,0.421875
1118400,443.9792081262796,0.0,0.25,0.4375
1118500,443.98989353373076,0.0,0.3125,0.421875
1118600,444.0987591283058,0.0,0.25,0.40625
1118700,444.18716825746003,0.0,0.1875,0.515625
1118800,444.214020132815,0.0,0.25,0.484375
1118900,444.2683699060841,0.0,0.3125,0.46875
1119000,444.309425964796,0.0,0.3125,0.453125
1119100,444.3378814460809,0.0,0.25,0.375
1119200,444.4276744204847,0.0,0.1875,0.484375
1119300,444.46873528051924,0.0,0.1875,0.453125
1119400,444.5474365502196,0.0,0.25,0.546875
1119500,444.5947988670284,0.0,0.375,0.484375
1119600,444.66146521165604,0.0,0.3125,0.46875
1119700,444.7407219899001,0.0,0.3125,0.484375
1119800,444.7602962335079,0.0,0.25,0.4375
1119900,444.8598645155298,0.0,0.3125,0.421875
1120000,444.9157843866058,0.0,0.25,0.4375
1120100,444.9864104179682,0.0,0.1875,0.515625
1120200,445.0226606770337,0.0,0.3125,0.453125
1120300,445.0651245920874,0.0,0.1875,0.453125
1120400,445.12850589618625,0.0,0.1875,0.484375
1120500,445.1835839156757,0.0,0.375,0.453125
1120600,445.3136229966539,0.0,0.1875,0.46875
1120700,445.34806697082615,0.0,0.3125,0.5
1120800,445.44911576507656,0.0,0.1875,0.4375
1120900,445.4873648768391,0.0,0.25,0.46875
1121000,445.7629160936596,0.0,0.25,0.5
1121100,445.8249717753623,0.0,0.1875,0.390625
1121200,445.8861086052576,0.0,0.3125,0.375
1121300,445.9673088882624,0.0,0.3125,0.625
1121400,446.0322062555365,0.0,0.3125,0.46875
1121500,446.0902608555732,0.0,0.25,0.421875
1121600,446.17600000849745,0.0,0.25,0.484375
1121700,446.18392219579897,0.0,0.25,0.40625
1121800,446.30708403294966,0.0,0.3125,0.484375
1121900,446.36217226325164,0.0,0.3125,0.453125
1122000,446.41586023950725,0.0,0.25,0.4375
1122100,446.45615079517376,0.0,0.375,0.421875
1122200,446.50589828538995,0.0,0.3125,0.484375
1122300,446.57477068418353,0.0,0.25,0.578125
1122400,446.61412860085215,0.0,0.25,0.4375
1122500,446.64924384549954,0.0,0.25,0.4375
1122600,446.6705320825873,0.0,0.25,0.421875
1122700,446.72982048584134,0.0,0.25,0.59375
1122800,446.7833776458481,0.0,0.25,0.375
1122900,446.83080231657493,0.0,0.3125,0.515625
1123000,446.8820567446148,0.0,0.25,0.453125
1123100,446.9161232121791,0.0,0.25,0.59375
1123200,446.97106341152346,0.0,0.1875,0.484375
1123300,447.0286473568247,0.0,0.1875,0.5
1123400,447.10308574775115,0.0,0.1875,0.390625
1123500,447.15368740497064,0.0,0.3125,0.53125
1123600,447.1977192773476,0.0,0.1875,0.578125
1123700,447.22467702532487,0.0,0.25,0.59375
1123800,447.27090216988057,0.0,0.25,0.46875
1123900,447.2935953937041,0.0,0.1875,0.515625
1124000,447.3097300289757,0.0,0.25,0.484375
1124100,447.32509808196414,0.0,0.25,0.5625
1124200,447.3980103294079,0.0,0.25,0.546875
1124300,447.4094499401827,0.0,0.1875,0.5
1124400,447.4585841717225,0.0,0.1875,0.5625
1124500,447.49459541407316,0.0,0.375,0.453125
1124600,447.5088183917279,0.0,0.1875,0.53125
1124700,447.5328616961969,0.0,0.25,0.515625
1124800,447.55332579193197,0.0,0.1875,0.484375
1124900,447.6177375268907,0.0,0.25,0.53125
1125000,235.24464333314006,0.0,0.3125,0.421875
1125100,235.4459983846094,0.0,0.25,0.46875
1125200,235.77938423850108,0.0,0.25,0.46875
1125300,235.95251830522855,0.0,0.3125,0.5
1125400,236.2259444149809,0.0,0.1875,0.4375
1125500,236.6227309255488,0.0,0.25,0.46875
1125600,236.90826078328553,0.0,0.3125,0.546875
1125700,237.1358430426364,0.0,0.25,0.59375
1125800,237.52362872491184,0.0,0.25,0.5
1125900,237.77178563990162,0.0,0.25,0.515625
1126000,238.1685415177937,0.0,0.1875,0.390625
1126100,238.7642969789351,0.0,0.1875,0.484375
1126200,239.39687095835146,0.0,0.25,0.484375
1126300,240.05122664188045,0.0,0.1875,0.453125
1126400,240.78926579904422,0.0,0.3125,0.484375
1126500,241.94247187168608,0.0,0.25,0.421875
1126600,242.79933132819826,0.0,0.25,0.578125
1126700,244.01147172714914,0.0,0.3125,0.5
1126800,245.19757198700862,0.0,0.25,0.484375
1126900,247.76530672970935,0.0,0.25,0.578125
1127000,250.38760646769663,0.0,0.3125,0.46875
1127100,257.72447727678,0.0,0.1875,0.46875
1127200,262.85945511138544,0.0,0.25,0.484375
1127300,271.33009331498624,0.0,0.3125,0.5
1127400,280.40612270629134,0.0,0.3125,0.359375
1127500,283.9176596695289,0.0,0.3125,0.453125
1127600,287.8450441385548,0.0,0.25,0.484375
1127700,289.1713018896279,0.0,0.25,0.546875
1127800,290.016531899139,0.0,0.25,0.53125
1127900,291.5070746881606,0.0,0.375,0.5625
1128000,292.8427779924513,0.0,0.3125,0.484375
1128100,293.6576054131872,0.0,0.3125,0.53125
1128200,294.8338778033964,0.0,0.1875,0.40625
1128300,296.13785411634024,0.0,0.1875,0.5625
1128400,296.8866581657738,0.0,0.1875,0.53125
1128500,297.72743277278573,0.0,0.1875,0.546875
1128600,298.53826519519066,0.0,0.25,0.34375
1128700,299.38508682043096,0.0,0.25,0.546875
1128800,299.83168862009376,0.0,0.1875,0.546875
1128900,300.434023673446,0.0,0.3125,0.53125
1129000,301.1115769550607,0.0,0.375,0.5625
1129100,301.7772692905389,0.0,0.125,0.421875
1129200,302.5564348935725,0.0,0.1875,0.390625
1129300,303.3863788424457,0.0,0.25,0.421875
1129400,303.98878043049694,0.0,0.3125,0.5625
1129500,304.70596098132523,0.0,0.25,0.53125
1129600,305.3539804972018,0.0,0.1875,0.4375
1129700,305.9478005159573,0.0,0.25,0.484375
1129800,306.2907136690687,0.0,0.1875,0.515625
1129900,306.85026543075634,0.0,0.125,0.53125
1130000,307.654433091459,0.0,0.25,0.421875
1130100,308.29344193268844,0.0,0.1875,0.578125
1130200,308.50304077415575,0.0,0.375,0.46875
1130300,309.0531435595662,0.0,0.375,0.578125
1130400,309.6269474818109,0.0,0.1875,0.421875
1130500,310.1923642022194,0.0,0.1875,0.46875
1130600,310.68792454892014,0.0,0.25,0.5
1130700,311.1742661887056,0.0,0.25,0.40625
1130800,311.6636508786305,0.0,0.3125,0.5
1130900,312.18057788623895,0.0,0.4375,0.546875
1131000,312.4905804627007,0.0,0.1875,0.46875
1131100,312.8608387411822,0.0,0.3125,0.5
1131200,313.3459125495139,0.0,0.3125,0.5
1131300,313.9744669988549,0.0,0.1875,0.546875
1131400,314.3423037341394,0.0,0.25,0.390625
1131500,314.63515978818793,0.0,0.25,0.515625
1131600,314.97540788939483,0.0,0.25,0.484375
1131700,315.27375040667204,0.0,0.1875,0.453125
1131800,315.6955116265812,0.0,0.25,0.40625
1131900,315.91897222878725,0.0,0.1875,0.421875
1132000,316.1527959054697,0.0,0.1875,0.5
1132100,316.64127911486474,0.0,0.375,0.59375
1132200,316.92470677825037,0.0,0.375,0.625
1132300,317.18062643797373,0.0,0.25,0.421875
1132400,317.5550763470001,0.0,0.375,0.53125
1132500,317.73982068244436,0.0,0.375,0.4375
1132600,318.3106252152656,0.0,0.3125,0.359375
1132700,318.54469605138246,0.0,0.25,0.40625
1132800,318.87211177935194,0.0,0.1875,0.4375
1132900,319.3030787343546,0.0,0.3125,0.59375
1133000,319.7068458995105,0.0,0.25,0.546875
1133100,319.9700658452548,0.0,0.25,0.515625
1133200,320.20537647877694,0.0,0.3125,0.484375
1133300,320.50397293383134,0.0,0.125,0.421875
1133400,320.8007660545297,0.0,0.3125,0.578125
1133500,321.0830954383987,0.0,0.1875,0.484375
1133600,321.25384645026304,0.0,0.3125,0.46875
1133700,321.64009027014646,0.0,0.3125,0.421875
1133800,322.0553611349626,0.0,0.3125,0.609375
1133900,322.4999980828258,0.0,0.25,0.46875
1134000,322.75213712126356,0.0,0.1875,0.390625
1134100,323.05858178195956,0.0,0.3125,0.484375
1134200,323.3949890070494,0.0,0.3125,0.5625
1134300,323.69262732687673,0.0,0.3125,0.546875
1134400,323.96404858908494,0.0,0.375,0.515625
1134500,324.3057151619231,0.0,0.25,0.53125
1134600,324.90168982378833,0.0,0.3125,0.578125
1134700,325.42624594245865,0.0,0.25,0.4375
1134800,325.98265105623295,0.0,0.3125,0.4375
1134900,326.667672973133,0.0,0.3125,0.546875
1135000,327.70035371041286,0.0,0.25,0.40625
1135100,329.1807902141823,0.0,0.1875,0.421875
1135200,330.30556696494847,0.0,0.375,0.53125
1135300,333.0453336417807,0.0,0.3125,0.375
1135400,336.09928336677547,0.0,0.3125,0.625
1135500,340.8766881618368,0.0,0.25,0.4375
1135600,347.7699955635347,0.0,0.1875,0.5625
1135700,351.0267362093657,0.0,0.25,0.421875
1135800,351.7059630349218,0.0,0.25,0.515625
1135900,352.5282349444774,0.0,0.375,0.640625
1136000,355.1426044229965,0.0,0.3125,0.46875
1136100,356.36703249282704,0.0,0.375,0.59375
1136200,357.08115700493937,0.0,0.1875,0.46875
1136300,357.78235985477085,0.0,0.25,0.5
1136400,358.81555614131247,0.0,0.3125,0.578125
1136500,359.63080050644464,0.0,0.3125,0.546875
1136600,360.5193104148734,0.0,0.3125,0.484375
1136700,361.4672652042017,0.0,0.25,0.40625
1136800,361.9121298718177,0.0,0.1875,0.5
1136900,362.70001903954864,0.0,0.25,0.40625
1137000,363.53160875392786,0.0,0.25,0.609375
1137100,364.48461980275414,0.0,0.3125,0.46875
1137200,365.5488614415562,0.0,0.25,0.390625
1137300,366.56096464102814,0.0,0.3125,0.484375
1137400,367.4185966787314,0.0,0.25,0.5625
1137500,368.09405970518105,0.0,0.25,0.453125
1137600,368.6054807818114,0.0,0.375,0.625
1137700,369.42401327152675,0.0,0.1875,0.515625
1137800,370.0284022272476,0.0,0.3125,0.546875
1137900,370.8613300180294,0.0,0.25,0.59375
1138000,371.72781957612807,0.0,0.3125,0.46875
1138100,372.16577992642635,0.0,0.3125,0.421875
1138200,372.46951917846513,0.0,0.375,0.5
1138300,372.9830343112926,0.0,0.3125,0.484375
1138400,373.5749494141972,0.0,0.3125,0.515625
1138500,373.9546595937703,0.0,0.3125,0.5
1138600,374.2893090637701,0.0,0.25,0.53125
1138700,375.08149033809906,0.0,0.375,0.46875
1138800,375.75047668408706,0.0,0.25,0.484375
1138900,376.1616814214856,0.0,0.375,0.65625
1139000,376.7487387281909,0.0,0.3125,0.453125
1139100,377.33373129561926,0.0,0.1875,0.65625
1139200,377.77549568821485,0.0,0.3125,0.421875
1139300,378.2036786919659,0.0,0.375,0.609375
1139400,378.43556091167284,0.0,0.375,0.484375
1139500,378.76241561579695,0.0,0.3125,0.53125
1139600,379.49395706076274,0.0,0.375,0.40625
1139700,379.8727614904503,0.0,0.3125,0.484375
1139800,380.3346260034517,0.0,0.1875,0.421875
1139900,380.7761197010958,0.0,0.3125,0.5
1140000,381.0830771544783,0.0,0.1875,0.484375
1140100,381.60064825880124,0.0,0.3125,0.515625
1140200,381.8049478994605,0.0,0.3125,0.546875
1140300,382.17015096359165,0.0,0.25,0.515625
1140400,382.54927777061846,0.0,0.25,0.484375
1140500,383.07477928624934,0.0,0.25,0.40625
1140600,383.58564846788437,0.0,0.3125,0.609375
1140700,384.05222479412583,0.0,0.1875,0.421875
1140800,384.50543772502044,0.0,0.25,0.5
1140900,384.74943970496537,0.0,0.375,0.453125
1141000,385.10224044869824,0.0,0.375,0.59375
1141100,385.8081583482786,0.0,0.25,0.484375
1141200,386.0125354365738,0.0,0.25,0.390625
1141300,386.2869917193917,0.0,0.25,0.5
1141400,386.5455758699412,0.0,0.3125,0.4375
1141500,386.9271252950769,0.0,0.3125,0.421875
1141600,387.1005979284103,0.0,0.25,0.53125
1141700,387.3776093288912,0.0,0.3125,0.421875
1141800,387.65218920873684,0.0,0.25,0.359375
1141900,388.0145035817288,0.0,0.375,0.5625
1142000,388.35368069453193,0.0,0.25,0.546875
1142100,388.8494953458855,0.0,0.25,0.515625
1142200,389.13420547013175,0.0,0.3125,0.609375
1142300,389.4006585997539,0.0,0.3125,0.5
1142400,389.6551895780127,0.0,0.25,0.515625
1142500,390.1081989320169,0.0,0.3125,0.5
1142600,390.4939691140849,0.0,0.25,0.515625
1142700,390.7557495472934,0.0,0.3125,0.46875
1142800,391.0747536226697,0.0,0.375,0.546875
1142900,391.30031897724257,0.0,0.25,0.515625
1143000,391.5875496987453,0.0,0.3125,0.59375
1143100,391.78801301033894,0.0,0.25,0.5
1143200,392.16891026816637,0.0,0.3125,0.578125
1143300,392.54704974618454,0.0,0.3125,0.4375
1143400,392.95996288665657,0.0,0.375,0.515625
1143500,393.15535573771564,0.0,0.3125,0.578125
1143600,393.47051210072254,0.0,0.375,0.703125
1143700,393.80879403207626,0.0,0.3125,0.59375
1143800,394.1537204500043,0.0,0.375,0.515625
1143900,394.28855583061227,0.0,0.375,0.484375
1144000,394.5386523546047,0.0,0.3125,0.515625
1144100,394.69561114920293,0.0,0.3125,0.546875
1144200,394.98000863728987,0.0,0.375,0.46875
1144300,395.2523529071166,0.0,0.375,0.453125
1144400,395.524654448614,0.0,0.1875,0.359375
1144500,395.970612223135,0.0,0.4375,0.625
1144600,396.19174254340066,0.0,0.25,0.40625
1144700,396.5442894668679,0.0,0.3125,0.4375
1144800,396.8054834502437,0.0,0.25,0.484375
1144900,397.0077953149682,0.0,0.25,0.5625
1145000,397.1799016332578,0.0,0.3125,0.484375
1145100,397.3490178939636,0.0,0.25,0.5625
1145200,397.4833526676956,0.0,0.3125,0.578125
1145300,397.6633613064875,0.0,0.25,0.484375
1145400,397.8268653086967,0.0,0.3125,0.421875
1145500,398.23657892676886,0.0,0.375,0.5625
1145600,398.4010653741116,0.0,0.375,0.53125
1145700,398.6422367324227,0.0,0.3125,0.5
1145800,399.08631120405335,0.0,0.3125,0.5
1145900,399.2635758741774,0.0,0.3125,0.53125
1146000,399.5513199813634,0.0,0.3125,0.546875
1146100,399.78593468884446,0.0,0.375,0.515625
1146200,400.0142114289686,0.0,0.375,0.578125
1146300,400.28691932572656,0.0,0.375,0.4375
1146400,400.58700880693937,0.0,0.25,0.4375
1146500,400.8080683833197,0.0,0.25,0.546875
1146600,400.99440837803405,0.0,0.3125,0.4375
1146700,401.172542128645,0.0,0.25,0.46875
1146800,401.5473211378828,0.0,0.3125,0.46875
1146900,401.72179392583524,0.0,0.3125,0.59375
1147000,401.93632120321666,0.0,0.375,0.515625
1147100,402.05441501615473,0.0,0.3125,0.546875
1147200,402.24251657284043,0.0,0.375,0.515625
1147300,402.43659878246876,0.0,0.25,0.53125
1147400,402.623874450203,0.0,0.1875,0.5625
1147500,402.8423789276716,0.0,0.375,0.515625
1147600,402.9850043979516,0.0,0.3125,0.484375
1147700,403.15235467887345,0.0,0.25,0.4375
1147800,403.5949284227473,0.0,0.25,0.515625
1147900,403.8991269476943,0.0,0.25,0.484375
1148000,404.19477726021233,0.0,0.375,0.5
1148100,404.47420311916466,0.0,0.25,0.515625
1148200,404.7311700993676,0.0,0.25,0.46875
1148300,405.07199906590847,0.0,0.3125,0.421875
1148400,405.17869997022916,0.0,0.25,0.53125
1148500,405.5277350427378,0.0,0.3125,0.453125
1148600,405.64160077907667,0.0,0.25,0.546875
1148700,406.39903695549197,0.0,0.4375,0.546875
1148800,406.6196968068558,0.0,0.3125,0.546875
1148900,406.7945919346254,0.0,0.4375,0.609375
1149000,406.95223283613876,0.0,0.3125,0.421875
1149100,407.5508486070366,0.0,0.375,0.421875
1149200,407.71587368549285,0.0,0.125,0.4375
1149300,407.9447606683778,0.0,0.25,0.5625
1149400,408.1442554346011,0.0,0.25,0.515625
1149500,408.26824574819636,0.0,0.375,0.46875
1149600,408.511306613272,0.0,0.375,0.46875
1149700,408.5703519151241,0.0,0.3125,0.546875
1149800,408.74916309298413,0.0,0.25,0.5
1149900,409.04042350773864,0.0,0.25,0.484375
1150000,257.67739834550866,0.0,0.3125,0.4375
1150100,259.6148478184691,0.0,0.375,0.546875
1150200,262.93482368116065,0.0,0.3125,0.34375
1150300,264.93952559544533,0.0,0.3125,0.484375
1150400,267.6329714772777,0.0,0.25,0.5
1150500,269.65085438260746,0.0,0.3125,0.453125
1150600,275.1877696552569,0.0,0.375,0.453125
1150700,280.124879052321,0.0,0.375,0.515625
1150800,285.4483345436591,0.0,0.25,0.5625
1150900,296.4689326989245,0.0,0.25,0.5625
1151000,305.2830652041989,0.0,0.3125,0.46875
1151100,312.2366231828995,0.0,0.25,0.421875
1151200,316.923012030174,0.0,0.25,0.484375
1151300,319.84795624540874,0.0,0.3125,0.46875
1151400,321.8863339036502,0.0,0.25,0.484375
1151500,323.15764844467185,0.0,0.375,0.484375
1151600,324.06292029826704,0.0,0.3125,0.5
1151700,324.9062828146492,0.0,0.25,0.453125
1151800,325.67434110492735,0.0,0.3125,0.578125
1151900,326.02998854431917,0.0,0.375,0.484375
1152000,326.78001816381374,0.0,0.3125,0.5
1152100,327.47719250325457,0.0,0.3125,0.65625
1152200,328.0083498758202,0.0,0.3125,0.5
1152300,328.70942100581885,0.0,0.1875,0.484375
1152400,329.1764849580786,0.0,0.3125,0.578125
1152500,329.8125152145128,0.0,0.375,0.515625
1152600,330.26131828858655,0.0,0.3125,0.5
1152700,330.9645208283422,0.0,0.3125,0.59375
1152800,331.5233003262375,0.0,0.25,0.484375
1152900,331.8690506096671,0.0,0.3125,0.5625
1153000,332.1684086111247,0.0,0.3125,0.546875
1153100,333.09759891549703,0.0,0.3125,0.46875
1153200,333.682282706505,0.0,0.25,0.484375
1153300,334.3150699739507,0.0,0.25,0.5625
1153400,334.7861746752738,0.0,0.3125,0.359375
1153500,335.4073592478652,0.0,0.375,0.5
1153600,336.2865992180831,0.0,0.3125,0.4375
1153700,337.23461387092203,0.0,0.3125,0.4375
1153800,337.83504253224015,0.0,0.25,0.34375
1153900,338.4461003789294,0.0,0.375,0.546875
1154000,339.36507028686964,0.0,0.4375,0.5
1154100,340.60478787562676,0.0,0.3125,0.421875
1154200,341.5442533664658,0.0,0.3125,0.5
1154300,342.7993704695674,0.0,0.4375,0.5
1154400,343.89948955553484,0.0,0.375,0.546875
1154500,345.5309716888462,0.0,0.3125,0.5
1154600,347.0054955805599,0.0,0.375,0.609375
1154700,348.223211849857,0.0,0.375,0.53125
1154800,350.3083820488913,0.0,0.25,0.546875
1154900,351.5783449516911,0.0,0.3125,0.5625
1155000,353.3934094778646,0.0,0.3125,0.59375
1155100,354.59771802691705,0.0,0.3125,0.5
1155200,355.5923815750401,0.0,0.3125,0.484375
1155300,357.3877518160405,0.0,0.375,0.5625
1155400,358.6260045993735,0.0,0.3125,0.484375
1155500,359.9873999341567,0.0,0.3125,0.390625
1155600,361.42618086377684,0.0,0.3125,0.609375
1155700,362.18103400615166,0.0,0.3125,0.546875
1155800,363.1552582388424,0.0,0.3125,0.390625
1155900,363.9147914969566,0.0,0.3125,0.515625
1156000,364.9555223304618,0.0,0.375,0.5
1156100,365.7512987372582,0.0,0.25,0.578125
1156200,366.63778510211927,0.0,0.3125,0.515625
1156300,367.3531320276161,0.0,0.375,0.5
1156400,368.335471637899,0.0,0.25,0.59375
1156500,368.8661318844044,0.0,0.375,0.5
1156600,369.4765332555743,0.0,0.375,0.4375
1156700,370.02326580992053,0.0,0.3125,0.5
1156800,370.8299095764861,0.0,0.3125,0.515625
1156900,371.2092648664728,0.0,0.25,0.390625
1157000,371.585483920429,0.0,0.25,0.4375
1157100,372.3187326269375,0.0,0.4375,0.578125
1157200,373.0669920969098,0.0,0.3125,0.46875
1157300,373.3533545686986,0.0,0.25,0.46875
1157400,373.88262279765337,0.0,0.3125,0.40625
1157500,374.4695269201355,0.0,0.25,0.453125
1157600,374.766750623752,0.0,0.1875,0.40625
1157700,375.2589024781868,0.0,0.25,0.46875
1157800,375.53228102120045,0.0,0.3125,0.484375
1157900,376.22482778383915,0.0,0.25,0.546875
1158000,376.6398745793082,0.0,0.25,0.421875
1158100,377.12250913765126,0.0,0.25,0.453125
1158200,377.38721397506305,0.0,0.25,0.390625
1158300,377.777995746168,0.0,0.25,0.359375
1158400,378.2349191881445,0.0,0.375,0.46875
1158500,378.8691781424465,0.0,0.375,0.59375
1158600,379.2620480619202,0.0,0.1875,0.4375
1158700,379.6647576676023,0.0,0.375,0.578125
1158800,379.98981550126007,0.0,0.3125,0.453125
1158900,380.4298793059249,0.0,0.3125,0.46875
1159000,380.8658772644513,0.0,0.3125,0.421875
1159100,381.1450354956281,0.0,0.25,0.546875
1159200,381.33413068443656,0.0,0.3125,0.484375
1159300,381.51118386264164,0.0,0.4375,0.421875
1159400,381.65949188437816,0.0,0.25,0.515625
1159500,381.8571652401878,0.0,0.25,0.40625
1159600,382.0684963414491,0.0,0.375,0.515625
1159700,382.2835130772487,0.0,0.375,0.515625
1159800,382.4949318813935,0.0,0.375,0.5625
1159900,382.635713874657,0.0,0.3125,0.484375
1160000,382.8299547992747,0.0,0.3125,0.4375
1160100,382.96581977077165,0.0,0.1875,0.4375
1160200,383.1218858249728,0.0,0.25,0.515625
1160300,383.35997267016717,0.0,0.3125,0.515625
1160400,383.7203622782016,0.0,0.375,0.390625
1160500,383.82198378554546,0.0,0.1875,0.484375
1160600,383.9967892864012,0.0,0.3125,0.53125
1160700,384.24220812630375,0.0,0.375,0.375
1160800,384.46299983709173,0.0,0.25,0.5
1160900,384.7615360100929,0.0,0.375,0.46875
1161000,384.9521286137373,0.0,0.375,0.578125
1161100,385.1168430691126,0.0,0.1875,0.53125
1161200,385.33786632332345,0.0,0.25,0.390625
1161300,385.5139929448611,0.0,0.3125,0.40625
1161400,385.7349975132638,0.0,0.375,0.53125
1161500,385.9598856440101,0.0,0.3125,0.484375
1161600,386.1581988721251,0.0,0.3125,0.453125
1161700,386.36730811687875,0.0,0.25,0.40625
1161800,386.57762472979726,0.0,0.375,0.46875
1161900,386.7842412080589,0.0,0.25,0.4375
1162000,386.9275344047046,0.0,0.25,0.453125
1162100,387.1303674999064,0.0,0.3125,0.375
1162200,387.30258648631127,0.0,0.3125,0.46875
1162300,387.39366998788387,0.0,0.25,0.46875
1162400,387.59890094500764,0.0,0.1875,0.4375
1162500,387.74048189721117,0.0,0.375,0.53125
1162600,388.04773092210525,0.0,0.25,0.484375
1162700,388.1748841756287,0.0,0.125,0.375
1162800,388.3728206721386,0.0,0.25,0.4375
1162900,388.4848802738328,0.0,0.3125,0.5
1163000,388.57715606781096,0.0,0.3125,0.421875
1163100,388.7658866642847,0.0,0.25,0.484375
1163200,388.9324256570137,0.0,0.1875,0.40625
1163300,389.0466103651467,0.0,0.3125,0.46875
1163400,389.21086329111813,0.0,0.3125,0.40625
1163500,389.26847680055204,0.0,0.375,0.375
1163600,389.39557329252915,0.0,0.25,0.40625
1163700,389.5454689460212,0.0,0.3125,0.359375
1163800,389.6878503810105,0.0,0.375,0.328125
1163900,389.7933272050831,0.0,0.3125,0.5
1164000,389.8512933682156,0.0,0.25,0.46875
1164100,389.93161102087316,0.0,0.3125,0.515625
1164200,390.1044612988974,0.0,0.25,0.4375
1164300,390.19368118738504,0.0,0.3125,0.4375
1164400,390.3460368896822,0.0,0.3125,0.4375
1164500,390.6603991788037,0.0,0.3125,0.359375
1164600,390.8495163747161,0.0,0.3125,0.421875
1164700,390.94325288921226,0.0,0.3125,0.453125
1164800,391.0179943791703,0.0,0.25,0.359375
1164900,391.10206189151086,0.0,0.3125,0.46875
1165000,391.31260363050063,0.0,0.25,0.359375
1165100,391.44401737478404,0.0,0.3125,0.359375
1165200,391.6156734155438,0.0,0.3125,0.390625
1165300,391.8653800639063,0.0,0.25,0.375
1165400,392.02702320280184,0.0,0.25,0.46875
1165500,392.1600106278109,0.0,0.375,0.359375
1165600,392.3393949493568,0.0,0.25,0.328125
1165700,392.4910048205085,0.0,0.3125,0.46875
1165800,392.76915027738505,0.0,0.3125,0.390625
1165900,392.93697410262985,0.0,0.3125,0.46875
1166000,392.9899969440687,0.0,0.3125,0.453125
1166100,393.0871850076351,0.0,0.25,0.484375
1166200,393.2117875912872,0.0,0.3125,0.359375
1166300,393.3016990566859,0.0,0.3125,0.40625
1166400,393.48494258244796,0.0,0.25,0.40625
1166500,393.6903539210594,0.0,0.3125,0.40625
1166600,393.8468670179472,0.0,0.25,0.34375
1166700,393.9337570433333,0.0,0.3125,0.421875
1166800,394.0990957937071,0.0,0.4375,0.390625
1166900,394.22959184105383,0.0,0.25,0.359375
1167000,394.253586225324,0.0,0.375,0.3125
1167100,394.3307887779149,0.0,0.3125,0.359375
1167200,394.4685361551823,0.0,0.3125,0.421875
1167300,394.5235172569572,0.0,0.3125,0.3125
1167400,394.58657954060527,0.0,0.375,0.296875
1167500,394.67043626529806,0.0,0.3125,0.265625
1167600,394.8098948282316,0.0,0.3125,0.40625
1167700,394.8734505402684,0.0,0.25,0.390625
1167800,394.9535104284145,0.0,0.25,0.328125
1167900,395.0546162849582,0.0,0.25,0.34375
1168000,395.1596247590731,0.0,0.3125,0.4375
1168100,395.22369171264626,0.0,0.25,0.28125
1168200,395.4238465935942,0.0,0.25,0.328125
1168300,395.48616777544964,0.0,0.3125,0.3125
1168400,395.6828265581368,0.0,0.375,0.375
1168500,395.771497560972,0.0,0.25,0.265625
1168600,395.8574455230498,0.0,0.3125,0.359375
1168700,396.0725980948273,0.0,0.375,0.484375
1168800,396.29559330747423,0.0,0.25,0.25
1168900,396.5170902478974,0.0,0.1875,0.265625
1169000,396.6027052263841,0.0,0.3125,0.359375
1169100,396.77838518676026,0.0,0.1875,0.359375
1169200,396.80868657042555,0.0,0.3125,0.28125
1169300,396.85903202219686,0.0,0.375,0.265625
1169400,396.9824045367974,0.0,0.1875,0.359375
1169500,397.02088114507893,0.0,0.375,0.34375
1169600,397.11048719753524,0.0,0.3125,0.453125
1169700,397.2250379739467,0.0,0.1875,0.3125
1169800,397.28527426800537,0.0,0.3125,0.296875
1169900,397.3503351165829,0.0,0.1875,0.28125
1170000,397.4616710041441,0.0,0.3125,0.375
1170100,397.53131495763853,0.0,0.25,0.28125
1170200,397.5883783400072,0.0,0.3125,0.234375
1170300,397.68519378112984,0.0,0.3125,0.34375
1170400,397.76755918150326,0.0,0.375,0.421875
1170500,397.8825218522532,0.0,0.25,0.25
1170600,397.95850218684893,0.0,0.3125,0.3125
1170700,397.99810183541854,0.0,0.1875,0.265625
1170800,398.11097469675036,0.0,0.25,0.375
1170900,398.1656281936887,0.0,0.25,0.3125
1171000,398.274080313256,0.0,0.3125,0.390625
1171100,398.3937862990454,0.0,0.1875,0.328125
1171200,398.5630114473395,0.0,0.25,0.34375
1171300,398.7514747500481,0.0,0.1875,0.296875
1171400,398.81723596955857,0.0,0.3125,0.40625
1171500,398.88428396153404,0.0,0.375,0.359375
1171600,398.8947366624881,0.0,0.25,0.34375
1171700,398.98053739878054,0.0,0.25,0.328125
1171800,399.0991808362243,0.0,0.3125,0.359375
1171900,399.2155054740254,0.0,0.3125,0.4375
1172000,399.2923103293242,0.0,0.25,0.28125
1172100,399.3219051270127,0.0,0.25,0.28125
1172200,399.4139434560412,0.0,0.3125,0.3125
1172300,399.46393349993724,0.0,0.3125,0.390625
1172400,399.49601165845115,0.0,0.1875,0.328125
1172500,399.51660239455634,0.0,0.25,0.28125
1172600,399.568960496046,0.0,0.3125,0.328125
1172700,399.71460729773884,0.0,0.3125,0.34375
1172800,399.84611858056286,0.0,0.3125,0.40625
1172900,400.0534604832491,0.0,0.25,0.296875
1173000,400.1018931248816,0.0,0.3125,0.34375
1173100,400.1176418058798,0.0,0.375,0.234375
1173200,400.197286463359,0.0,0.25,0.234375
1173300,400.2457143182635,0.0,0.375,0.28125
1173400,400.29857737437743,0.0,0.3125,0.328125
1173500,400.37277525917614,0.0,0.25,0.28125
1173600,400.51635765839785,0.0,0.4375,0.375
1173700,400.6178208360165,0.0,0.25,0.328125
1173800,400.69202633490977,0.0,0.25,0.3125
1173900,400.7670620815467,0.0,0.25,0.359375
1174000,400.8556646566859,0.0,0.375,0.28125
1174100,401.076125085971,0.0,0.1875,0.296875
1174200,401.1918260763607,0.0,0.4375,0.421875
1174300,401.3581393675026,0.0,0.375,0.296875
1174400,401.4839194013515,0.0,0.375,0.3125
1174500,401.53921166820675,0.0,0.3125,0.296875
1174600,401.6854512494152,0.0,0.25,0.234375
1174700,401.7492916196612,0.0,0.3125,0.28125
1174800,401.90635116465415,0.0,0.25,0.234375
1174900,401.99955252135624,0.0,0.3125,0.25
1175000,235.86542599257538,0.0,0.1875,0.3125
1175100,268.6798312874743,0.0,0.3125,0.28125
1175200,286.12276288437187,0.0,0.3125,0.3125
1175300,302.6920750817714,0.0,0.1875,0.234375
1175400,330.18742746646393,0.0,0.3125,0.296875
1175500,347.4961958143782,0.0,0.25,0.28125
1175600,355.66492432711624,0.0,0.25,0.40625
1175700,361.40117386107016,0.0,0.3125,0.40625
1175800,365.1238711382507,0.0,0.1875,0.328125
1175900,368.9702447950519,0.0,0.25,0.28125
1176000,372.7825385204546,0.0,0.25,0.25
1176100,376.78566132130373,0.0,0.25,0.28125
1176200,379.0234748467723,0.0,0.125,0.25
1176300,381.0068166663575,0.0,0.3125,0.359375
1176400,383.40785603005827,0.0,0.3125,0.328125
1176500,386.19194947507935,0.0,0.4375,0.390625
1176600,388.4756240093299,0.0,0.3125,0.296875
1176700,390.0484547502788,0.0,0.25,0.25
1176800,391.21449683901756,0.0,0.4375,0.28125
1176900,392.5044838224374,0.0,0.375,0.265625
1177000,393.697351869566,0.0,0.25,0.25
1177100,395.07524750632626,0.0,0.1875,0.296875
1177200,395.91000275613453,0.0,0.3125,0.296875
1177300,397.2707072896151,0.0,0.1875,0.375
1177400,398.81587797224734,0.0,0.3125,0.296875
1177500,400.1075773484584,0.0,0.3125,0.25
1177600,400.8849955779303,0.0,0.1875,0.234375
1177700,401.5638321981315,0.0,0.1875,0.296875
1177800,402.4901375768031,0.0,0.3125,0.34375
1177900,403.2713128743535,0.0,0.1875,0.25
1178000,404.04110825467615,0.0,0.3125,0.359375
1178100,404.5648537178614,0.0,0.1875,0.203125
1178200,405.14899762968395,0.0,0.25,0.34375
1178300,406.1905051415048,0.0,0.1875,0.265625
1178400,406.74288635301093,0.0,0.3125,0.296875
1178500,407.64146267203853,0.0,0.25,0.171875
1178600,408.0372569833192,0.0,0.375,0.390625
1178700,408.3866024748578,0.0,0.1875,0.25
1178800,409.3071152018014,0.0,0.1875,0.3125
1178900,409.81008364464265,0.0,0.1875,0.25
1179000,410.29305593712536,0.0,0.3125,0.21875
1179100,410.73840925268905,0.0,0.25,0.234375
1179200,411.0492284808684,0.0,0.25,0.25
1179300,411.52236646057065,0.0,0.1875,0.375
1179400,411.94812541265026,0.0,0.375,0.28125
1179500,412.3605198192578,0.0,0.1875,0.234375
1179600,412.82577660795124,0.0,0.3125,0.34375
1179700,413.1396329077215,0.0,0.375,0.1875
1179800,413.6597138415477,0.0,0.25,0.265625
1179900,413.98157294551555,0.0,0.25,0.3125
1180000,414.3000867632551,0.0,0.3125,0.25
1180100,414.70060042973563,0.0,0.3125,0.296875
1180200,415.2259793024012,0.0,0.25,0.34375
1180300,415.6369581425839,0.0,0.375,0.234375
1180400,415.89001339865376,0.0,0.375,0.28125
1180500,416.21395216305586,0.0,0.1875,0.1875
1180600,416.55552118042317,0.0,0.25,0.203125
1180700,416.87441106013335,0.0,0.25,0.34375
1180800,417.1303406004698,0.0,0.3125,0.25
1180900,417.3451457724064,0.0,0.25,0.265625
1181000,417.63979177028693,0.0,0.375,0.28125
1181100,418.00816490611714,0.0,0.25,0.265625
1181200,418.3494293908127,0.0,0.25,0.21875
1181300,418.5484277779742,0.0,0.25,0.296875
1181400,418.75672884938814,0.0,0.375,0.390625
1181500,419.00337989558557,0.0,0.3125,0.328125
1181600,419.44504937875297,0.0,0.25,0.296875
1181700,419.6504979071155,0.0,0.3125,0.25
1181800,420.0595416067038,0.0,0.25,0.265625
1181900,420.5032466316568,0.0,0.25,0.296875
1182000,420.75827657844536,0.0,0.25,0.234375
1182100,421.04871673398844,0.0,0.1875,0.21875
1182200,421.19159612601527,0.0,0.3125,0.171875
1182300,421.3507294563676,0.0,0.25,0.34375
1182400,421.5790150465161,0.0,0.4375,0.40625
1182500,422.10831297085764,0.0,0.3125,0.265625
1182600,422.21741737301363,0.0,0.3125,0.234375
1182700,422.4170894365839,0.0,0.3125,0.21875
1182800,422.5577573558284,0.0,0.3125,0.25
1182900,422.69879140545964,0.0,0.1875,0.234375
1183000,422.8442504626297,0.0,0.1875,0.265625
1183100,423.0750233035457,0.0,0.4375,0.296875
1183200,423.3568329881869,0.0,0.3125,0.28125
1183300,423.5823865019913,0.0,0.25,0.296875
1183400,423.7392743115018,0.0,0.25,0.234375
1183500,423.87448177792635,0.0,0.3125,0.359375
1183600,424.09394307308395,0.0,0.3125,0.3125
1183700,424.2441667228316,0.0,0.3125,0.3125
1183800,424.45948110242955,0.0,0.1875,0.3125
1183900,424.609495002903,0.0,0.3125,0.3125
1184000,424.6887327595521,0.0,0.3125,0.296875
1184100,424.773969084849,0.0,0.375,0.21875
1184200,424.8684135409219,0.0,0.1875,0.328125
1184300,425.0629617948318,0.0,0.4375,0.359375
1184400,425.1699550683516,0.0,0.3125,0.359375
1184500,425.21581666297055,0.0,0.3125,0.3125
1184600,425.2943069595789,0.0,0.3125,0.296875
1184700,425.32838274217386,0.0,0.375,0.484375
1184800,425.40622468875233,0.0,0.3125,0.265625
1184900,425.50477516399354,0.0,0.25,0.296875
1185000,425.587054548461,0.0,0.25,0.265625
1185100,425.65696627790396,0.0,0.375,0.34375
1185200,426.0077529491443,0.0,0.25,0.265625
1185300,426.08004863610626,0.0,0.1875,0.3125
1185400,426.15497981363205,0.0,0.375,0.3125
1185500,426.337026078267,0.0,0.3125,0.28125
1185600,426.3922114179406,0.0,0.3125,0.296875
1185700,426.49148505751896,0.0,0.375,0.28125
1185800,426.573858272214,0.0,0.4375,0.359375
1185900,426.77122366041124,0.0,0.3125,0.375
1186000,426.97758553677664,0.0,0.25,0.3125
1186100,427.1325859487476,0.0,0.3125,0.25
1186200,427.3702572663426,0.0,0.25,0.328125
1186300,427.4704240707336,0.0,0.375,0.328125
1186400,427.5952036665582,0.0,0.3125,0.25
1186500,427.6754496783332,0.0,0.375,0.28125
1186600,427.77946100187955,0.0,0.25,0.296875
1186700,427.87439048912313,0.0,0.3125,0.3125
1186800,428.0424088053681,0.0,0.3125,0.28125
1186900,428.1355733431851,0.0,0.375,0.296875
1187000,428.2977921860448,0.0,0.3125,0.28125
1187100,428.3433722544894,0.0,0.375,0.25
1187200,428.4278109060511,0.0,0.375,0.28125
1187300,428.4841281979368,0.0,0.3125,0.25
1187400,428.5289016996278,0.0,0.3125,0.328125
1187500,428.57388957815937,0.0,0.375,0.40625
1187600,428.652893232377,0.0,0.375,0.21875
1187700,428.6961277461221,0.0,0.3125,0.234375
1187800,428.720389499841,0.0,0.3125,0.328125
1187900,428.99263106179797,0.0,0.3125,0.296875
1188000,429.0990710423632,0.0,0.25,0.234375
1188100,429.21772405194054,0.0,0.3125,0.390625
1188200,429.30248688711833,0.0,0.25,0.359375
1188300,429.5477969925726,0.0,0.25,0.359375
1188400,429.64271067523254,0.0,0.25,0.21875
1188500,429.8763343888007,0.0,0.3125,0.328125
1188600,429.91259368921874,0.0,0.3125,0.296875
1188700,429.96046092442333,0.0,0.3125,0.390625
1188800,430.1335855485298,0.0,0.3125,0.25
1188900,430.19967906831613,0.0,0.25,0.15625
1189000,430.34634265342265,0.0,0.25,0.21875
1189100,430.4080130195606,0.0,0.3125,0.296875
1189200,430.4731986861257,0.0,0.375,0.296875
1189300,430.5112777686152,0.0,0.4375,0.296875
1189400,430.69508597430234,0.0,0.3125,0.234375
1189500,430.78708339418665,0.0,0.375,0.34375
1189600,430.91024193570087,0.0,0.375,0.3125
1189700,431.0836932774108,0.0,0.1875,0.234375
1189800,431.1969922484965,0.0,0.375,0.25
1189900,431.26495105642243,0.0,0.3125,0.203125
1190000,431.402665985176,0.0,0.3125,0.25
1190100,431.58329766082096,0.0,0.3125,0.328125
1190200,431.6730506236594,0.0,0.3125,0.328125
1190300,431.80410287314226,0.0,0.375,0.265625
1190400,431.892960914333,0.0,0.3125,0.3125
1190500,432.0199288667931,0.0,0.3125,0.21875
1190600,432.10008349693305,0.0,0.375,0.21875
1190700,432.18032565671643,0.0,0.375,0.28125
1190800,432.2619838349178,0.0,0.3125,0.171875
1190900,432.3748276333049,0.0,0.3125,0.3125
1191000,432.4522877684494,0.0,0.3125,0.3125
1191100,432.50513609289874,0.0,0.375,0.296875
1191200,432.6120594057769,0.0,0.4375,0.28125
1191300,432.7261125658717,0.0,0.3125,0.265625
1191400,432.82831471240695,0.0,0.375,0.3125
1191500,432.87882992843913,0.0,0.3125,0.265625
1191600,432.95270920489025,0.0,0.375,0.28125
1191700,433.0019870768309,0.0,0.375,0.25
1191800,433.05364255846655,0.0,0.1875,0.3125
1191900,433.08027037338286,0.0,0.1875,0.3125
1192000,433.12213418660804,0.0,0.25,0.34375
1192100,433.1526693286513,0.0,0.3125,0.265625
1192200,433.21818371225146,0.0,0.1875,0.21875
1192300,433.31483568890843,0.0,0.3125,0.34375
1192400,433.4871006828495,0.0,0.3125,0.3125
1192500,433.5189994447199,0.0,0.4375,0.28125
1192600,433.5970499606149,0.0,0.3125,0.296875
1192700,433.65463056309875,0.0,0.3125,0.234375
1192800,433.7096466619395,0.0,0.25,0.328125
1192900,433.7440696964144,0.0,0.3125,0.3125
1193000,433.8178580858266,0.0,0.375,0.359375
1193100,433.9674667792339,0.0,0.4375,0.34375
1193200,434.0340875847528,0.0,0.375,0.234375
1193300,434.1679022432617,0.0,0.4375,0.296875
1193400,434.2030024095441,0.0,0.3125,0.265625
1193500,434.28789883527315,0.0,0.4375,0.34375
1193600,434.3381999751185,0.0,0.3125,0.3125
1193700,434.4301469491798,0.0,0.375,0.359375
1193800,434.60535607265547,0.0,0.25,0.28125
1193900,434.7500776787166,0.0,0.375,0.296875
1194000,434.82028012934506,0.0,0.375,0.375
1194100,434.96086400581123,0.0,0.3125,0.359375
1194200,435.0067877870709,0.0,0.375,0.34375
1194300,435.02011986812374,0.0,0.375,0.390625
1194400,435.11504048605565,0.0,0.375,0.28125
1194500,435.1553010992248,0.0,0.375,0.375
1194600,435.20896516667653,0.0,0.375,0.28125
1194700,435.3145232224831,0.0,0.375,0.21875
1194800,435.3664293944112,0.0,0.3125,0.21875
1194900,435.5184000577504,0.0,0.25,0.265625
1195000,435.56820263248204,0.0,0.375,0.203125
1195100,435.7625612279959,0.0,0.5,0.375
1195200,435.7878841795296,0.0,0.375,0.265625
1195300,435.9391376416891,0.0,0.375,0.328125
1195400,435.9598470482246,0.0,0.375,0.21875
1195500,436.07652612586344,0.0,0.375,0.21875
1195600,436.1362069414184,0.0,0.3125,0.265625
1195700,436.27295348608726,0.0,0.375,0.328125
1195800,436.40424351520863,0.0,0.3125,0.296875
1195900,436.45357929150776,0.0,0.3125,0.359375
1196000,436.4705864228467,0.0,0.3125,0.28125
1196100,436.5096524959734,0.0,0.375,0.3125
1196200,436.68666070475797,0.0,0.3125,0.21875
1196300,436.8109565490918,0.0,0.375,0.296875
1196400,436.84186124567555,0.0,0.3125,0.3125
1196500,436.9036288470733,0.0,0.375,0.234375
1196600,436.9615321679751,0.0,0.375,0.28125
1196700,436.9963715444306,0.0,0.375,0.25
1196800,437.0564899949109,0.0,0.3125,0.359375
1196900,437.09477044048884,0.0,0.375,0.375
1197000,437.17872947431044,0.0,0.3125,0.25
1197100,437.22011616202707,0.0,0.3125,0.296875
1197200,437.290730222355,0.0,0.4375,0.203125
1197300,437.3192681623681,0.0,0.3125,0.296875
1197400,437.434901509022,0.0,0.3125,0.1875
1197500,437.6131882343399,0.0,0.4375,0.265625
1197600,437.70514116536896,0.0,0.4375,0.3125
1197700,437.7925791318228,0.0,0.3125,0.46875
1197800,437.8344014208347,0.0,0.4375,0.3125
1197900,437.90798141603443,0.0,0.4375,0.375
1198000,437.9854500081529,0.0,0.4375,0.3125
1198100,438.08453279041555,0.0,0.375,0.375
1198200,438.17355605499665,0.0,0.375,0.328125
1198300,438.21610373539863,0.0,0.375,0.234375
1198400,438.2366036215644,0.0,0.25,0.28125
1198500,438.2767606914004,0.0,0.3125,0.234375
1198600,438.3168747910508,0.0,0.4375,0.328125
1198700,438.39544750193113,0.0,0.375,0.25
1198800,438.41992876483044,0.0,0.3125,0.25
1198900,438.50591932404075,0.0,0.4375,0.296875
1199000,438.52274049299825,0.0,0.375,0.3125
1199100,438.5802476948082,0.0,0.4375,0.25
1199200,438.69598228749123,0.0,0.375,0.3125
1199300,438.75358215164516,0.0,0.3125,0.359375
1199400,438.8191333542381,0.0,0.4375,0.21875
1199500,438.87791861197155,0.0,0.5,0.359375
1199600,438.9520086540546,0.0,0.375,0.203125
1199700,438.98944026162246,0.0,0.3125,0.25
1199800,439.09855481449983,0.0,0.375,0.421875
1199900,439.20042405663565,0.0,0.375,0.265625
1200000,273.9556257678997,0.0,0.3125,0.28125
1200100,292.19805561862995,0.0,0.4375,0.34375
1200200,308.3060465461867,0.0,0.375,0.265625
1200300,321.4180891130709,0.0,0.3125,0.203125
1200400,336.71826123056405,0.0,0.25,0.265625
1200500,354.45547749680554,0.0,0.375,0.265625
1200600,357.2686420691361,0.0,0.4375,0.265625
1200700,359.6809720713194,0.0,0.25,0.1875
1200800,361.4052275736993,0.0,0.3125,0.265625
1200900,362.9956941063163,0.0,0.3125,0.3125
1201000,364.5878945151922,0.0,0.3125,0.40625
1201100,366.3406830568926,0.0,0.4375,0.375
1201200,367.78207901464737,0.0,0.375,0.296875
1201300,369.1525699506196,0.0,0.4375,0.265625
1201400,370.49873977434055,0.0,0.4375,0.40625
1201500,371.5375017648702,0.0,0.375,0.3125
1201600,373.24028117905436,0.0,0.3125,0.390625
1201700,374.35902684550706,0.0,0.3125,0.25
1201800,375.3820890332938,0.0,0.3125,0.34375
1201900,376.1873383972762,0.0,0.4375,0.265625
1202000,376.6611342342293,0.0,0.375,0.34375
1202100,377.127380759273,0.0,0.375,0.296875
1202200,377.6584056220352,0.0,0.3125,0.25
1202300,378.3145515683402,0.0,0.3125,0.296875
1202400,378.9778440073116,0.0,0.3125,0.1875
1202500,379.8177652347177,0.0,0.375,0.265625
1202600,380.32835619301613,0.0,0.25,0.21875
1202700,380.8548656669414,0.0,0.3125,0.25
1202800,381.5910979366406,0.0,0.4375,0.21875
1202900,382.02055774656117,0.0,0.3125,0.21875
1203000,382.5475757472449,0.0,0.25,0.28125
1203100,383.073006487241,0.0,0.375,0.1875
1203200,383.95731149321745,0.0,0.375,0.15625
1203300,384.53992317664074,0.0,0.4375,0.40625
1203400,384.839705707741,0.0,0.3125,0.25
1203500,385.18627457143026,0.0,0.3125,0.296875
1203600,385.62090642713326,0.0,0.375,0.265625
1203700,386.0190337430463,0.0,0.4375,0.3125
1203800,386.48738572398435,0.0,0.375,0.34375
1203900,386.7589587030328,0.0,0.3125,0.390625
1204000,387.26411519905105,0.0,0.3125,0.234375
1204100,387.5565222782286,0.0,0.3125,0.25
1204200,387.9944887192206,0.0,0.375,0.203125
1204300,388.38611676115204,0.0,0.25,0.3125
1204400,388.70987442228767,0.0,0.25,0.296875
1204500,389.03608963323387,0.0,0.375,0.3125
1204600,389.26869125664314,0.0,0.3125,0.21875
1204700,389.472651000958,0.0,0.375,0.28125
1204800,389.82175035184486,0.0,0.25,0.234375
1204900,390.05384004925935,0.0,0.25,0.265625
1205000,390.19433048817797,0.0,0.3125,0.3125
1205100,390.35421666987014,0.0,0.375,0.296875
1205200,390.61024316783636,0.0,0.3125,0.203125
1205300,391.0081846372972,0.0,0.375,0.28125
1205400,391.13147207565476,0.0,0.25,0.171875
1205500,391.50728680121375,0.0,0.4375,0.3125
1205600,391.7411421442029,0.0,0.25,0.34375
1205700,391.9868760093584,0.0,0.375,0.234375
1205800,392.19306642105005,0.0,0.375,0.328125
1205900,392.2488954689212,0.0,0.375,0.265625
1206000,392.4747354349793,0.0,0.25,0.265625
1206100,392.6411124955711,0.0,0.375,0.265625
1206200,393.0223936699318,0.0,0.3125,0.265625
1206300,393.24711572362236,0.0,0.3125,0.34375
1206400,393.50376543620064,0.0,0.375,0.265625
1206500,393.6836684011132,0.0,0.375,0.296875
1206600,393.8988264726133,0.0,0.3125,0.28125
1206700,394.0442542537059,0.0,0.3125,0.265625
1206800,394.1498418394086,0.0,0.3125,0.34375
1206900,394.22120514352315,0.0,0.1875,0.21875
1207000,394.39857064571373,0.0,0.25,0.25
1207100,394.5032366447772,0.0,0.375,0.3125
1207200,394.7312891502529,0.0,0.375,0.28125
1207300,394.9080639774541,0.0,0.3125,0.25
1207400,395.2761788685829,0.0,0.3125,0.296875
1207500,395.41117678002274,0.0,0.3125,0.25
1207600,395.53443201745256,0.0,0.4375,0.234375
1207700,395.7050165633638,0.0,0.375,0.296875
1207800,395.832527167645,0.0,0.25,0.203125
1207900,395.9410112559645,0.0,0.4375,0.34375
1208000,396.11038711333015,0.0,0.3125,0.1875
1208100,396.2026515543906,0.0,0.25,0.21875
1208200,396.3687539910122,0.0,0.375,0.390625
1208300,396.6037503822251,0.0,0.375,0.3125
1208400,396.73071401749826,0.0,0.375,0.34375
1208500,396.89685010979895,0.0,0.3125,0.25
1208600,397.080516525039,0.0,0.3125,0.296875
1208700,397.2851356865044,0.0,0.375,0.375
1208800,397.3972178457942,0.0,0.3125,0.265625
1208900,397.46863741103255,0.0,0.375,0.328125
1209000,397.7397571380697,0.0,0.375,0.3125
1209100,397.90413677557865,0.0,0.375,0.296875
1209200,398.1010978360868,0.0,0.375,0.34375
1209300,398.1843065390206,0.0,0.3125,0.1875
1209400,398.28254958343945,0.0,0.25,0.234375
1209500,398.3706780747357,0.0,0.3125,0.234375
1209600,398.55911128324476,0.0,0.3125,0.21875
1209700,398.6800892178152,0.0,0.3125,0.265625
1209800,398.7297575253592,0.0,0.375,0.375
1209900,398.7847051364337,0.0,0.375,0.296875
1210000,398.91764729892714,0.0,0.375,0.25
1210100,399.02749064818795,0.0,0.375,0.203125
1210200,399.0685015216052,0.0,0.3125,0.25
1210300,399.10085994560154,0.0,0.3125,0.3125
1210400,399.1481950038879,0.0,0.3125,0.21875
1210500,399.1990914954798,0.0,0.3125,0.390625
1210600,399.3896274489244,0.0,0.375,0.234375
1210700,399.55364322700234,0.0,0.3125,0.375
1210800,399.73586354375624,0.0,0.375,0.28125
1210900,399.85720469579474,0.0,0.25,0.265625
1211000,399.9854031717932,0.0,0.4375,0.375
1211100,400.03033400480723,0.0,0.375,0.3125
1211200,400.1602451678355,0.0,0.375,0.1875
1211300,400.27346972654055,0.0,0.25,0.171875
1211400,400.3761601798716,0.0,0.375,0.21875
1211500,400.4883893470944,0.0,0.25,0.234375
1211600,400.53303581348644,0.0,0.375,0.28125
1211700,400.6660464506025,0.0,0.3125,0.265625
1211800,400.79240102627034,0.0,0.375,0.15625
1211900,400.93990184127375,0.0,0.375,0.328125
1212000,401.036127888376,0.0,0.3125,0.203125
1212100,401.10336738068884,0.0,0.3125,0.265625
1212200,401.21419595091027,0.0,0.375,0.34375
1212300,401.31994765882104,0.0,0.5,0.390625
1212400,401.39084524342815,0.0,0.375,0.28125
1212500,401.4240749729177,0.0,0.3125,0.171875
1212600,402.01159454385544,0.0,0.4375,0.34375
1212700,402.09920051156604,0.0,0.3125,0.40625
1212800,402.1515277550477,0.0,0.3125,0.125
1212900,402.2455731266175,0.0,0.375,0.265625
1213000,402.35677235098916,0.0,0.375,0.28125
1213100,402.4041767719782,0.0,0.25,0.203125
1213200,402.5093203178548,0.0,0.375,0.34375
1213300,402.5982639322945,0.0,0.375,0.25
1213400,402.6480337603681,0.0,0.375,0.21875
1213500,402.733229269325,0.0,0.4375,0.34375
1213600,402.7855918034471,0.0,0.3125,0.296875
1213700,402.88157470602647,0.0,0.25,0.28125
1213800,402.91189167974073,0.0,0.375,0.296875
1213900,402.99636871693036,0.0,0.3125,0.296875
1214000,403.11096539582996,0.0,0.375,0.234375
1214100,403.19162489578014,0.0,0.3125,0.28125
1214200,403.3603688953005,0.0,0.3125,0.234375
1214300,403.466366747152,0.0,0.25,0.28125
1214400,403.60435698072786,0.0,0.3125,0.203125
1214500,403.75255642032954,0.0,0.3125,0.21875
1214600,403.9350698591813,0.0,0.25,0.203125
1214700,404.01096047384317,0.0,0.375,0.21875
1214800,404.11319110670297,0.0,0.3125,0.34375
1214900,404.1830953506395,0.0,0.375,0.234375
1215000,404.2886528025712,0.0,0.3125,0.25
1215100,404.3848605214657,0.0,0.375,0.234375
1215200,404.4042518982536,0.0,0.375,0.265625
1215300,404.4678171169343,0.0,0.375,0.25
1215400,404.54075246680475,0.0,0.4375,0.21875
1215500,404.6783531390473,0.0,0.3125,0.203125
1215600,404.78155404858194,0.0,0.3125,0.265625
1215700,404.80182095520826,0.0,0.25,0.25
1215800,404.8990464188019,0.0,0.3125,0.328125
1215900,404.98077441726366,0.0,0.3125,0.15625
1216000,405.02885174110475,0.0,0.3125,0.171875
1216100,405.0880895128005,0.0,0.375,0.28125
1216200,405.1437763564467,0.0,0.3125,0.265625
1216300,405.225770414202,0.0,0.4375,0.265625
1216400,405.3543623047909,0.0,0.25,0.21875
1216500,405.4167166539571,0.0,0.1875,0.203125
1216600,405.4849089011403,0.0,0.375,0.3125
1216700,405.5952432449613,0.0,0.3125,0.1875
1216800,405.7059642462022,0.0,0.3125,0.28125
1216900,405.76515704428544,0.0,0.3125,0.328125
1217000,405.9037857462918,0.0,0.375,0.234375
1217100,405.9325602544207,0.0,0.3125,0.28125
1217200,406.05131234287563,0.0,0.375,0.28125
1217300,406.08816665431664,0.0,0.375,0.3125
1217400,406.19866001160193,0.0,0.1875,0.203125
1217500,406.2226731966231,0.0,0.3125,0.203125
1217600,406.4289676976354,0.0,0.4375,0.34375
1217700,406.47513863966645,0.0,0.375,0.234375
1217800,406.58853388523994,0.0,0.3125,0.203125
1217900,406.6880875379165,0.0,0.3125,0.25
1218000,406.7053580067066,0.0,0.4375,0.390625
1218100,406.73257135443004,0.0,0.375,0.3125
1218200,406.88755558702695,0.0,0.375,0.25
1218300,407.0355146305409,0.0,0.375,0.296875
1218400,407.0974291811175,0.0,0.3125,0.28125
1218500,407.1625187838954,0.0,0.3125,0.234375
1218600,407.2021175860076,0.0,0.375,0.296875
1218700,407.3202651579509,0.0,0.3125,0.21875
1218800,407.3510943504431,0.0,0.5,0.25
1218900,407.3845654282395,0.0,0.4375,0.3125
1219000,407.4491672583313,0.0,0.4375,0.359375
1219100,407.4922031376166,0.0,0.3125,0.296875
1219200,407.6319771410177,0.0,0.375,0.15625
1219300,407.70815037972307,0.0,0.375,0.296875
1219400,407.89203078647944,0.0,0.4375,0.3125
1219500,407.9644761155404,0.0,0.3125,0.25
1219600,408.034910481424,0.0,0.3125,0.234375
1219700,408.04782608051994,0.0,0.3125,0.21875
1219800,408.06140499093914,0.0,0.375,0.28125
1219900,408.09818345270827,0.0,0.375,0.25
1220000,408.2946798502586,0.0,0.25,0.28125
1220100,408.4409995382879,0.0,0.4375,0.3125
1220200,408.59669235582084,0.0,0.125,0.15625
1220300,408.71817933691455,0.0,0.4375,0.375
1220400,408.73579676333657,0.0,0.3125,0.265625
1220500,408.7795869185855,0.0,0.5,0.265625
1220600,408.90796690031516,0.0,0.3125,0.171875
1220700,408.98999796707096,0.0,0.3125,0.234375
1220800,409.199105778897,0.0,0.375,0.328125
1220900,409.2474257904245,0.0,0.375,0.3125
1221000,409.2998603041484,0.0,0.5,0.3125
1221100,409.33185020234583,0.0,0.375,0.234375
1221200,409.3491479577,0.0,0.375,0.28125
1221300,409.3906087656229,0.0,0.4375,0.265625
1221400,409.5248089833845,0.0,0.375,0.390625
1221500,409.6837026785098,0.0,0.375,0.265625
1221600,409.84015408952723,0.0,0.25,0.140625
1221700,409.8909827023709,0.0,0.3125,0.21875
1221800,409.9838943131242,0.0,0.3125,0.3125
1221900,410.0739773501002,0.0,0.375,0.328125
1222000,410.0980030060851,0.0,0.375,0.25
1222100,410.21548989642804,0.0,0.375,0.3125
1222200,410.30327479795557,0.0,0.25,0.265625
1222300,410.4751852296786,0.0,0.4375,0.265625
1222400,410.49579002643964,0.0,0.375,0.296875
1222500,410.53155510259126,0.0,0.3125,0.234375
1222600,410.7070993241228,0.0,0.3125,0.21875
1222700,410.77708477192795,0.0,0.3125,0.1875
1222800,410.8366706646051,0.0,0.375,0.265625
1222900,410.8929326664907,0.0,0.375,0.25
1223000,410.927830088962,0.0,0.375,0.390625
1223100,410.93181181295165,0.0,0.375,0.296875
1223200,411.1008294106631,0.0,0.1875,0.296875
1223300,411.19182655713627,0.0,0.3125,0.234375
1223400,411.2684259454576,0.0,0.375,0.25
1223500,411.30349753019124,0.0,0.3125,0.21875
1223600,411.3633955169179,0.0,0.375,0.25
1223700,411.4394163940924,0.0,0.25,0.234375
1223800,411.6425945357276,0.0,0.375,0.3125
1223900,411.67102608783387,0.0,0.25,0.296875
1224000,411.7872172112285,0.0,0.3125,0.296875
1224100,411.8442075805712,0.0,0.375,0.375
1224200,411.91159569026286,0.0,0.3125,0.265625
1224300,411.9756160275925,0.0,0.3125,0.25
1224400,412.01432519029083,0.0,0.375,0.171875
1224500,412.039027031097,0.0,0.25,0.171875
1224600,412.09218418554167,0.0,0.375,0.265625
1224700,412.18283204766027,0.0,0.25,0.234375
1224800,412.327465377862,0.0,0.3125,0.265625
1224900,412.36950257372524,0.0,0.25,0.171875
1225000,271.15639476643713,0.0,0.375,0.296875
1225100,271.6277051418112,0.0,0.3125,0.203125
1225200,272.2110418527598,0.0,0.375,0.328125
1225300,272.90963102830887,0.0,0.375,0.296875
1225400,274.1317255485972,0.0,0.375,0.34375
1225500,275.1111493488443,0.0,0.25,0.21875
1225600,276.8958290741271,0.0,0.375,0.21875
1225700,278.21759956689607,0.0,0.375,0.28125
1225800,280.96236609523606,0.0,0.3125,0.265625
1225900,282.9878697695955,0.0,0.3125,0.359375
1226000,286.37561875370744,0.0,0.375,0.203125
1226100,289.3472330347579,0.0,0.375,0.171875
1226200,292.6422242046404,0.0,0.3125,0.234375
1226300,296.51889714444275,0.0,0.375,0.25
1226400,301.03634800415745,0.0,0.25,0.21875
1226500,302.8763954356138,0.0,0.3125,0.28125
1226600,306.9114806224715,0.0,0.375,0.3125
1226700,310.3032908262272,0.0,0.4375,0.34375
1226800,312.35503232445745,0.0,0.3125,0.25
1226900,314.9074510467657,0.0,0.25,0.359375
1227000,316.42213881044694,0.0,0.3125,0.28125
1227100,317.3388293713055,0.0,0.375,0.265625
1227200,317.98706739294164,0.0,0.3125,0.234375
1227300,318.22483974608474,0.0,0.3125,0.3125
1227400,318.52400048974204,0.0,0.3125,0.3125
1227500,318.99165608961306,0.0,0.25,0.140625
1227600,319.22910665795814,0.0,0.375,0.265625
1227700,319.5549258899232,0.0,0.4375,0.296875
1227800,319.85251773444264,0.0,0.3125,0.359375
1227900,320.1646996161194,0.0,0.375,0.25
1228000,320.5099266701033,0.0,0.1875,0.25
1228100,320.8158089851619,0.0,0.3125,0.28125
1228200,321.1176247295363,0.0,0.1875,0.265625
1228300,321.3611740204283,0.0,0.25,0.203125
1228400,321.5269426888824,0.0,0.5,0.375
1228500,321.80665649714655,0.0,0.1875,0.265625
1228600,322.02372796635706,0.0,0.3125,0.25
1228700,322.3545219346706,0.0,0.3125,0.203125
1228800,322.6193951103721,0.0,0.3125,0.296875
1228900,322.89943974700293,0.0,0.3125,0.234375
1229000,323.08608480533906,0.0,0.3125,0.3125
1229100,323.39227868889725,0.0,0.1875,0.1875
1229200,323.6091959943366,0.0,0.3125,0.203125
1229300,323.9722289428845,0.0,0.4375,0.328125
1229400,324.22783062719276,0.0,0.25,0.25
1229500,324.6516452973818,0.0,0.25,0.15625
1229600,324.9108126833076,0.0,0.375,0.25
1229700,325.14957255607436,0.0,0.4375,0.25
1229800,325.4193890459554,0.0,0.4375,0.390625
1229900,325.6608122571127,0.0,0.375,0.3125
1230000,326.1171408367375,0.0,0.4375,0.390625
1230100,326.37108343916236,0.0,0.3125,0.296875
1230200,326.6112708404387,0.0,0.375,0.3125
1230300,326.9307804000319,0.0,0.3125,0.28125
1230400,327.1603111506415,0.0,0.3125,0.296875
1230500,327.4173372169404,0.0,0.25,0.3125
1230600,327.6820636721549,0.0,0.3125,0.15625
1230700,327.97455989388385,0.0,0.25,0.1875
1230800,328.14516705893755,0.0,0.3125,0.25
1230900,328.47890732071073,0.0,0.25,0.203125
1231000,328.87167313540624,0.0,0.375,0.359375
1231100,329.22941182187907,0.0,0.375,0.265625
1231200,329.44114871118876,0.0,0.375,0.28125
1231300,329.6859941274133,0.0,0.3125,0.25
1231400,330.00936207788044,0.0,0.3125,0.328125
1231500,330.41768306759025,0.0,0.3125,0.265625
1231600,330.7593961439796,0.0,0.375,0.25
1231700,331.13197219723844,0.0,0.3125,0.328125
1231800,331.4801996923931,0.0,0.3125,0.296875
1231900,331.8871291470011,0.0,0.4375,0.28125
1232000,332.6577903040927,0.0,0.4375,0.296875
1232100,333.1221950752371,0.0,0.3125,0.296875
1232200,333.43197327335594,0.0,0.3125,0.265625
1232300,333.71959385069965,0.0,0.3125,0.3125
1232400,334.203914323661,0.0,0.3125,0.375
1232500,334.66049719603427,0.0,0.3125,0.3125
1232600,335.4559043683218,0.0,0.375,0.328125
1232700,336.05609467103716,0.0,0.4375,0.421875
1232800,336.9915081146309,0.0,0.3125,0.265625
1232900,337.88908013294565,0.0,0.3125,0.28125
1233000,338.49140353748015,0.0,0.3125,0.296875
1233100,339.2019843367976,0.0,0.3125,0.21875
1233200,339.9967752176844,0.0,0.375,0.28125
1233300,340.6281090040588,0.0,0.3125,0.328125
1233400,341.7058801611099,0.0,0.375,0.34375
1233500,342.31312426135173,0.0,0.375,0.421875
1233600,343.60565363711993,0.0,0.3125,0.390625
1233700,344.5331405872401,0.0,0.125,0.15625
1233800,346.34049235001464,0.0,0.3125,0.234375
1233900,347.65029632076397,0.0,0.25,0.21875
1234000,348.5499699347673,0.0,0.375,0.25
1234100,349.1474024285883,0.0,0.375,0.1875
1234200,350.2392331149535,0.0,0.3125,0.25
1234300,351.1576409616857,0.0,0.3125,0.234375
1234400,351.6424692268324,0.0,0.4375,0.34375
1234500,352.6813305676145,0.0,0.4375,0.34375
1234600,353.7031355503808,0.0,0.25,0.25
1234700,354.41057392020497,0.0,0.375,0.28125
1234800,355.15199922030905,0.0,0.375,0.296875
1234900,355.84833971995124,0.0,0.3125,0.203125
1235000,356.676163620558,0.0,0.3125,0.28125
1235100,357.4835434386522,0.0,0.3125,0.328125
1235200,358.0706196658957,0.0,0.375,0.359375
1235300,358.6483502753844,0.0,0.25,0.265625
1235400,359.3761236463708,0.0,0.25,0.265625
1235500,359.79941292066724,0.0,0.375,0.328125
1235600,360.2320958039089,0.0,0.25,0.28125
1235700,360.94899730905894,0.0,0.25,0.3125
1235800,361.41094898886564,0.0,0.25,0.21875
1235900,361.84405241979016,0.0,0.375,0.328125
1236000,362.61681891137084,0.0,0.3125,0.265625
1236100,362.979535901419,0.0,0.375,0.21875
1236200,363.66518318032877,0.0,0.375,0.203125
1236300,364.0790379970141,0.0,0.375,0.234375
1236400,364.6248054445512,0.0,0.3125,0.234375
1236500,365.230954456042,0.0,0.3125,0.234375
1236600,365.70918548125087,0.0,0.375,0.3125
1236700,366.11138237648845,0.0,0.375,0.28125
1236800,366.492832090599,0.0,0.375,0.359375
1236900,367.024738481596,0.0,0.4375,0.25
1237000,367.5874320511044,0.0,0.3125,0.296875
1237100,367.9998512594698,0.0,0.5,0.25
1237200,368.594839280346,0.0,0.3125,0.3125
1237300,368.8137999732285,0.0,0.3125,0.328125
1237400,369.4265238442632,0.0,0.3125,0.28125
1237500,369.9831151396736,0.0,0.375,0.328125
1237600,370.2567336414578,0.0,0.375,0.21875
1237700,370.9293348661264,0.0,0.25,0.203125
1237800,371.5237488605828,0.0,0.3125,0.359375
1237900,371.72248231013145,0.0,0.4375,0.234375
1238000,372.30589950925355,0.0,0.3125,0.328125
1238100,372.9047151532507,0.0,0.25,0.328125
1238200,373.4659932328601,0.0,0.4375,0.3125
1238300,374.07126633620385,0.0,0.375,0.265625
1238400,374.51677685254174,0.0,0.3125,0.265625
1238500,375.0936901044851,0.0,0.5,0.296875
1238600,376.1915068314193,0.0,0.25,0.265625
1238700,376.6818869757602,0.0,0.3125,0.265625
1238800,377.32587907086304,0.0,0.3125,0.28125
1238900,377.97227598767944,0.0,0.4375,0.328125
1239000,378.21759902497394,0.0,0.4375,0.234375
1239100,378.9382120527125,0.0,0.375,0.359375
1239200,379.4148924514971,0.0,0.4375,0.234375
1239300,380.01342562530033,0.0,0.3125,0.25
1239400,380.4220249481188,0.0,0.3125,0.21875
1239500,380.6844030042064,0.0,0.3125,0.328125
1239600,380.99560683686485,0.0,0.3125,0.328125
1239700,381.29229806544345,0.0,0.3125,0.359375
1239800,381.5494898283523,0.0,0.375,0.34375
1239900,382.1304218938331,0.0,0.3125,0.234375
1240000,382.41493324436146,0.0,0.25,0.234375
1240100,383.04808249707906,0.0,0.375,0.3125
1240200,383.77947352088955,0.0,0.3125,0.359375
1240300,383.9260051322666,0.0,0.3125,0.28125
1240400,384.1700500883863,0.0,0.375,0.28125
1240500,384.5929262412703,0.0,0.3125,0.25
1240600,384.92223182571036,0.0,0.25,0.265625
1240700,385.4116624798254,0.0,0.25,0.28125
1240800,385.67550870843803,0.0,0.25,0.296875
1240900,385.9339639543476,0.0,0.375,0.359375
1241000,386.14638774827694,0.0,0.375,0.265625
1241100,386.5008169228787,0.0,0.3125,0.296875
1241200,386.88151707846043,0.0,0.3125,0.296875
1241300,387.50508279617014,0.0,0.4375,0.28125
1241400,387.7426930393523,0.0,0.375,0.265625
1241500,387.94077301609855,0.0,0.3125,0.265625
1241600,388.1987519747302,0.0,0.375,0.328125
1241700,388.577394316629,0.0,0.375,0.1875
1241800,389.2270931184476,0.0,0.3125,0.3125
1241900,389.46625284103976,0.0,0.3125,0.25
1242000,389.7675524822085,0.0,0.3125,0.328125
1242100,390.1137697412482,0.0,0.3125,0.359375
1242200,390.3894472565729,0.0,0.3125,0.359375
1242300,390.87779910143445,0.0,0.3125,0.25
1242400,391.141205095852,0.0,0.375,0.3125
1242500,391.3388974225572,0.0,0.3125,0.34375
1242600,391.5790177757583,0.0,0.375,0.265625
1242700,391.70384857566853,0.0,0.3125,0.203125
1242800,391.90802018678096,0.0,0.25,0.296875
1242900,392.1617223752635,0.0,0.4375,0.3125
1243000,392.5618464135192,0.0,0.3125,0.265625
1243100,392.9643043614702,0.0,0.3125,0.28125
1243200,393.15880996988494,0.0,0.25,0.265625
1243300,393.32670447940995,0.0,0.375,0.40625
1243400,393.6949277551357,0.0,0.1875,0.25
1243500,393.9952175174011,0.0,0.3125,0.21875
1243600,394.11341592238466,0.0,0.3125,0.328125
1243700,394.50011302663603,0.0,0.3125,0.203125
1243800,394.6437029989058,0.0,0.3125,0.421875
1243900,394.86410634229804,0.0,0.375,0.390625
1244000,395.1422086775705,0.0,0.3125,0.28125
1244100,395.4009195976373,0.0,0.3125,0.390625
1244200,395.56548405520215,0.0,0.3125,0.28125
1244300,395.913656325087,0.0,0.3125,0.28125
1244400,396.1011126899649,0.0,0.375,0.25
1244500,396.3923805485647,0.0,0.375,0.296875
1244600,396.6236010188903,0.0,0.25,0.28125
1244700,396.9470032195721,0.0,0.3125,0.203125
1244800,397.1558136538936,0.0,0.25,0.25
1244900,397.4370849128572,0.0,0.375,0.296875
1245000,397.699282863824,0.0,0.3125,0.265625
1245100,397.9216492621366,0.0,0.3125,0.34375
1245200,398.19035690153925,0.0,0.375,0.234375
1245300,398.6042124988257,0.0,0.25,0.296875
1245400,398.96029210843284,0.0,0.3125,0.34375
1245500,399.1705214663104,0.0,0.3125,0.28125
1245600,399.2976332910414,0.0,0.375,0.265625
1245700,399.42344097087494,0.0,0.25,0.265625
1245800,399.60812789924677,0.0,0.25,0.265625
1245900,399.78916483636345,0.0,0.3125,0.25
1246000,400.0088020623578,0.0,0.3125,0.34375
1246100,400.1989519279758,0.0,0.375,0.296875
1246200,400.35223808215676,0.0,0.3125,0.328125
1246300,400.55110784230936,0.0,0.25,0.203125
1246400,400.8519512916884,0.0,0.375,0.40625
1246500,401.10831675921156,0.0,0.375,0.359375
1246600,401.2835210550596,0.0,0.3125,0.25
1246700,401.48184578834866,0.0,0.25,0.25
1246800,401.8720772339748,0.0,0.3125,0.328125
1246900,402.2866031111057,0.0,0.375,0.40625
1247000,402.46783065749315,0.0,0.375,0.375
1247100,402.6847535776711,0.0,0.25,0.3125
1247200,402.8774773378906,0.0,0.3125,0.28125
1247300,402.99678741104583,0.0,0.375,0.3125
1247400,403.1505932477581,0.0,0.375,0.3125
1247500,403.4565188834653,0.0,0.4375,0.328125
1247600,403.8156301959551,0.0,0.3125,0.25
1247700,404.0297376470278,0.0,0.4375,0.265625
1247800,404.32875525948805,0.0,0.3125,0.25
1247900,404.6716246652786,0.0,0.3125,0.28125
1248000,404.8491307585835,0.0,0.3125,0.3125
1248100,405.43620021179834,0.0,0.375,0.390625
1248200,405.59100240599656,0.0,0.3125,0.21875
1248300,405.8252710112526,0.0,0.3125,0.359375
1248400,406.00055689832976,0.0,0.3125,0.390625
1248500,406.2647011801742,0.0,0.3125,0.359375
1248600,406.5006765149888,0.0,0.3125,0.40625
1248700,406.7086813861705,0.0,0.375,0.3125
1248800,407.02078651530866,0.0,0.3125,0.40625
1248900,407.30149589276016,0.0,0.25,0.34375
1249000,407.5677756512735,0.0,0.125,0.140625
1249100,407.7340213454645,0.0,0.3125,0.21875
1249200,408.0447994798714,0.0,0.3125,0.40625
1249300,408.4881278264213,0.0,0.25,0.1875
1249400,408.75205766049896,0.0,0.3125,0.296875
1249500,409.1129155211829,0.0,0.3125,0.34375
1249600,409.3278236629825,0.0,0.3125,0.328125
1249700,409.46936280548886,0.0,0.375,0.359375
1249800,409.65973208953875,0.0,0.375,0.28125
1249900,410.10225701165734,0.0,0.3125,0.265625
1250000,240.10791576996357,0.0,0.3125,0.34375
1250100,243.52193273777596,0.0,0.375,0.359375
1250200,248.55003642001603,0.0,0.375,0.265625
1250300,253.54948476358632,0.0,0.4375,0.28125
1250400,259.2050936204304,0.0,0.3125,0.453125
1250500,264.70714625099276,0.0,0.375,0.4375
1250600,269.16617652981614,0.0,0.4375,0.390625
1250700,277.4532064049334,0.0,0.3125,0.359375
1250800,289.69979725104275,0.0,0.25,0.3125
1250900,300.1804612879882,0.0,0.3125,0.28125
1251000,306.89838866952533,0.0,0.3125,0.359375
1251100,315.67511245142,0.0,0.375,0.25
1251200,318.4350065252265,0.0,0.5,0.296875
1251300,320.5192311850712,0.0,0.25,0.296875
1251400,321.01838581646024,0.0,0.375,0.3125
1251500,322.1023277324539,0.0,0.25,0.3125
1251600,323.0002929799471,0.0,0.25,0.328125
1251700,324.00608564978955,0.0,0.375,0.28125
1251800,324.76388311363064,0.0,0.4375,0.390625
1251900,325.2776540672306,0.0,0.3125,0.359375
1252000,325.76576324700835,0.0,0.3125,0.21875
1252100,326.4414405665752,0.0,0.375,0.25
1252200,327.6041572264531,0.0,0.25,0.421875
1252300,328.3616219060929,0.0,0.375,0.34375
1252400,329.2760500049747,0.0,0.3125,0.296875
1252500,330.0947215875019,0.0,0.3125,0.25
1252600,330.8550371993185,0.0,0.25,0.34375
1252700,332.0341153094425,0.0,0.3125,0.34375
1252800,333.03218810147297,0.0,0.375,0.28125
1252900,334.2664317807004,0.0,0.375,0.390625
1253000,335.6329217356993,0.0,0.375,0.375
1253100,337.0607297861986,0.0,0.4375,0.34375
1253200,338.2629051347542,0.0,0.4375,0.34375
1253300,342.06149146136767,0.0,0.375,0.328125
1253400,344.17161214037077,0.0,0.375,0.328125
1253500,346.1455577459875,0.0,0.3125,0.203125
1253600,352.5289315591583,0.0,0.3125,0.296875
1253700,362.33057491208325,0.0,0.375,0.3125
1253800,371.47621732427314,0.0,0.375,0.265625
1253900,378.16165506934493,0.0,0.375,0.265625
1254000,384.9754140294115,0.0,0.25,0.359375
1254100,391.6800330598696,0.0,0.3125,0.34375
1254200,394.72343501146446,0.0,0.375,0.296875
1254300,396.8059512528949,0.0,0.375,0.265625
1254400,398.11795496886936,0.0,0.375,0.296875
1254500,399.13150722549597,0.0,0.25,0.28125
1254600,400.5745963308516,0.0,0.375,0.28125
1254700,402.07979957557575,0.0,0.3125,0.171875
1254800,402.8245582214355,0.0,0.375,0.28125
1254900,403.96402246883144,0.0,0.375,0.28125
1255000,404.7648065763138,0.0,0.3125,0.265625
1255100,406.01260000160437,0.0,0.375,0.28125
1255200,406.86984368648143,0.0,0.3125,0.203125
1255300,407.71529424784393,0.0,0.25,0.265625
1255400,408.71148027876137,0.0,0.25,0.328125
1255500,409.4901246903305,0.0,0.25,0.25
1255600,410.0892822271239,0.0,0.3125,0.265625
1255700,410.5260796689613,0.0,0.375,0.265625
1255800,411.1394280403536,0.0,0.3125,0.34375
1255900,411.85012172416924,0.0,0.25,0.28125
1256000,412.40292293620615,0.0,0.3125,0.40625
1256100,413.0724674919162,0.0,0.3125,0.265625
1256200,413.6910167942034,0.0,0.3125,0.25
1256300,414.1658260674475,0.0,0.3125,0.375
1256400,414.6635330591301,0.0,0.3125,0.3125
1256500,415.05471419703275,0.0,0.375,0.328125
1256600,415.5312240913499,0.0,0.25,0.3125
1256700,416.3000149164681,0.0,0.375,0.34375
1256800,416.78918677406153,0.0,0.3125,0.40625
1256900,417.3328263498383,0.0,0.3125,0.203125
1257000,417.78351248848446,0.0,0.3125,0.21875
1257100,418.2808434059984,0.0,0.375,0.3125
1257200,418.8216857316022,0.0,0.1875,0.21875
1257300,419.11875884693677,0.0,0.375,0.359375
1257400,419.5842200960445,0.0,0.25,0.234375
1257500,419.96640829443515,0.0,0.3125,0.25
1257600,420.36223973685776,0.0,0.375,0.265625
1257700,420.7322284183273,0.0,0.3125,0.359375
1257800,421.0087047703792,0.0,0.25,0.328125
1257900,421.4696620294976,0.0,0.25,0.3125
1258000,421.7319650563784,0.0,0.3125,0.265625
1258100,422.05034417894433,0.0,0.3125,0.328125
1258200,422.3976623776031,0.0,0.3125,0.265625
1258300,422.61820939575784,0.0,0.375,0.40625
1258400,422.76975029354656,0.0,0.375,0.375
1258500,423.0327669642111,0.0,0.375,0.390625
1258600,423.29753852674105,0.0,0.3125,0.171875
1258700,423.47900316424926,0.0,0.3125,0.234375
1258800,423.73341474547135,0.0,0.3125,0.234375
1258900,424.1334390950311,0.0,0.3125,0.328125
1259000,424.3917859540755,0.0,0.375,0.3125
1259100,424.625550284647,0.0,0.375,0.3125
1259200,424.7541815694383,0.0,0.1875,0.234375
1259300,424.89955103510647,0.0,0.3125,0.234375
1259400,425.135651759409,0.0,0.3125,0.359375
1259500,425.2913070966905,0.0,0.25,0.375
1259600,425.5309437382635,0.0,0.375,0.3125
1259700,425.74932793948557,0.0,0.25,0.34375
1259800,425.924149665982,0.0,0.3125,0.4375
1259900,426.2174981616452,0.0,0.375,0.375
1260000,426.40784892548976,0.0,0.375,0.3125
1260100,426.60938354552565,0.0,0.375,0.3125
1260200,426.76447724285026,0.0,0.375,0.375
1260300,426.93812493204257,0.0,0.3125,0.3125
1260400,427.0970857202947,0.0,0.3125,0.21875
1260500,427.25459659382597,0.0,0.3125,0.328125
1260600,427.47305787603335,0.0,0.4375,0.375
1260700,427.6584575300635,0.0,0.3125,0.203125
1260800,427.7671712219672,0.0,0.3125,0.328125
1260900,427.92314790793483,0.0,0.3125,0.484375
1261000,428.0231761507755,0.0,0.3125,0.359375
1261100,428.11085397529257,0.0,0.3125,0.234375
1261200,428.26496386643646,0.0,0.4375,0.40625
1261300,428.3756606012677,0.0,0.375,0.40625
1261400,428.4327938472509,0.0,0.3125,0.359375
1261500,428.48764151052313,0.0,0.3125,0.296875
1261600,428.607522831127,0.0,0.375,0.34375
1261700,428.6448104936882,0.0,0.25,0.25
1261800,428.68835893767533,0.0,0.3125,0.3125
1261900,428.77268380852473,0.0,0.3125,0.34375
1262000,428.89488574691444,0.0,0.3125,0.328125
1262100,428.949534615568,0.0,0.3125,0.265625
1262200,429.10039371891355,0.0,0.375,0.328125
1262300,429.29151389873164,0.0,0.25,0.359375
1262400,429.4192409825727,0.0,0.25,0.25
1262500,429.4831249401724,0.0,0.3125,0.28125
1262600,429.6461592082669,0.0,0.375,0.28125
1262700,429.7790111580773,0.0,0.25,0.265625
1262800,429.87111083689905,0.0,0.1875,0.125
1262900,430.069598248099,0.0,0.3125,0.265625
1263000,430.09153094350694,0.0,0.375,0.3125
1263100,430.19317673979725,0.0,0.3125,0.25
1263200,430.35538268535004,0.0,0.25,0.34375
1263300,430.4292818560215,0.0,0.3125,0.34375
1263400,430.4692299117102,0.0,0.25,0.265625
1263500,430.6196699678874,0.0,0.25,0.453125
1263600,430.70228440299786,0.0,0.375,0.390625
1263700,430.78746461532495,0.0,0.3125,0.3125
1263800,430.9216105053101,0.0,0.3125,0.390625
1263900,430.95800386837584,0.0,0.25,0.34375
1264000,431.03302125504814,0.0,0.25,0.328125
1264100,431.1870059591402,0.0,0.3125,0.328125
1264200,431.2434915937292,0.0,0.3125,0.328125
1264300,431.2741055837904,0.0,0.25,0.359375
1264400,431.38038941024195,0.0,0.25,0.265625
1264500,431.4429667095373,0.0,0.375,0.328125
1264600,431.56259489912327,0.0,0.3125,0.34375
1264700,431.68475076510884,0.0,0.25,0.40625
1264800,431.71815475841134,0.0,0.25,0.34375
1264900,431.84496205307653,0.0,0.25,0.265625
1265000,431.9135577357506,0.0,0.375,0.484375
1265100,431.9625981061696,0.0,0.3125,0.28125
1265200,432.026991002429,0.0,0.3125,0.265625
1265300,432.069568158088,0.0,0.375,0.34375
1265400,432.15361427470526,0.0,0.375,0.375
1265500,432.2671257345186,0.0,0.25,0.28125
1265600,432.3348546807304,0.0,0.3125,0.328125
1265700,432.42061532572893,0.0,0.3125,0.296875
1265800,432.44744224706557,0.0,0.3125,0.3125
1265900,432.5583533309226,0.0,0.3125,0.296875
1266000,432.65955959751903,0.0,0.25,0.234375
1266100,432.7097990815307,0.0,0.25,0.21875
1266200,432.8508246245556,0.0,0.25,0.4375
1266300,432.89616423060255,0.0,0.3125,0.3125
1266400,432.9850517198331,0.0,0.4375,0.421875
1266500,433.1889917862863,0.0,0.3125,0.390625
1266600,433.2520322136737,0.0,0.25,0.234375
1266700,433.28576992899355,0.0,0.3125,0.390625
1266800,433.37123505369,0.0,0.375,0.328125
1266900,433.4337897332508,0.0,0.25,0.265625
1267000,433.5285372083777,0.0,0.3125,0.234375
1267100,433.55692974968446,0.0,0.3125,0.34375
1267200,433.6127131089209,0.0,0.25,0.328125
1267300,433.7218676971559,0.0,0.3125,0.3125
1267400,433.9385146989129,0.0,0.25,0.234375
1267500,434.0098966618768,0.0,0.375,0.390625
1267600,434.07731668018994,0.0,0.375,0.34375
1267700,434.11559547846275,0.0,0.375,0.28125
1267800,434.1443699083187,0.0,0.4375,0.453125
1267900,434.20484941407545,0.0,0.375,0.421875
1268000,434.22494129056486,0.0,0.3125,0.265625
1268100,434.2424882897818,0.0,0.375,0.3125
1268200,434.26513697949537,0.0,0.3125,0.3125
1268300,434.37593429884066,0.0,0.375,0.3125
1268400,434.44234040829446,0.0,0.3125,0.34375
1268500,434.46520967536213,0.0,0.25,0.375
1268600,434.5986227477573,0.0,0.25,0.28125
1268700,434.7481579247493,0.0,0.3125,0.375
1268800,434.7848233935723,0.0,0.4375,0.328125
1268900,434.79861018069187,0.0,0.25,0.34375
1269000,434.9690257366503,0.0,0.3125,0.359375
1269100,435.0789266713124,0.0,0.25,0.28125
1269200,435.16184254760617,0.0,0.3125,0.21875
1269300,435.2510381545301,0.0,0.3125,0.3125
1269400,435.3538026353287,0.0,0.3125,0.25
1269500,435.4953328120305,0.0,0.25,0.375
1269600,435.5321572278305,0.0,0.25,0.3125
1269700,435.65209645758614,0.0,0.3125,0.296875
1269800,435.7331083686015,0.0,0.3125,0.28125
1269900,435.7879185245248,0.0,0.375,0.234375
1270000,435.90349808165774,0.0,0.25,0.265625
1270100,435.9387954933628,0.0,0.3125,0.46875
1270200,435.9880331853307,0.0,0.3125,0.265625
1270300,436.01210048305364,0.0,0.25,0.296875
1270400,436.12914292935614,0.0,0.25,0.203125
1270500,436.24564749416805,0.0,0.25,0.296875
1270600,436.3722261541168,0.0,0.25,0.390625
1270700,436.4333849051442,0.0,0.3125,0.375
1270800,436.4663852001104,0.0,0.25,0.25
1270900,436.59833203508504,0.0,0.25,0.25
1271000,436.6545413465027,0.0,0.375,0.359375
1271100,436.76327650696584,0.0,0.25,0.265625
1271200,436.8272559978624,0.0,0.3125,0.3125
1271300,436.8996933898845,0.0,0.3125,0.328125
1271400,436.9923874080997,0.0,0.25,0.28125
1271500,437.0839458407863,0.0,0.3125,0.40625
1271600,437.1896391315188,0.0,0.3125,0.28125
1271700,437.3317780673327,0.0,0.375,0.4375
1271800,437.38634444324475,0.0,0.3125,0.40625
1271900,437.4386308006452,0.0,0.25,0.3125
1272000,437.49776182474324,0.0,0.375,0.296875
1272100,437.5097239662367,0.0,0.375,0.28125
1272200,437.59211207445645,0.0,0.3125,0.328125
1272300,437.65608818916496,0.0,0.3125,0.3125
1272400,437.6951503611824,0.0,0.1875,0.265625
1272500,437.7866016310551,0.0,0.375,0.21875
1272600,437.86373581425113,0.0,0.3125,0.390625
1272700,437.89798235168547,0.0,0.1875,0.234375
1272800,437.943614780125,0.0,0.3125,0.34375
1272900,437.9741711817999,0.0,0.3125,0.296875
1273000,438.05207968891875,0.0,0.25,0.328125
1273100,438.14135181046595,0.0,0.3125,0.359375
1273200,438.1836883507409,0.0,0.375,0.3125
1273300,438.1964460975097,0.0,0.3125,0.40625
1273400,438.2258549797355,0.0,0.375,0.359375
1273500,438.3338254376221,0.0,0.4375,0.421875
1273600,438.45835968899615,0.0,0.375,0.328125
1273700,438.52873867471845,0.0,0.3125,0.359375
1273800,438.56037222523025,0.0,0.25,0.296875
1273900,438.61996347941573,0.0,0.3125,0.375
1274000,438.7062279423443,0.0,0.3125,0.375
1274100,438.7270925931077,0.0,0.1875,0.203125
1274200,438.80251014381884,0.0,0.3125,0.3125
1274300,438.84389813801556,0.0,0.25,0.265625
1274400,438.95583726860673,0.0,0.3125,0.328125
1274500,439.0175310021017,0.0,0.3125,0.296875
1274600,439.1201800414377,0.0,0.3125,0.34375
1274700,439.21725898067444,0.0,0.375,0.4375
1274800,439.23309999776797,0.0,0.3125,0.40625
1274900,439.2676519173599,0.0,0.4375,0.328125
1275000,272.0923081927099,0.0,0.3125,0.21875
1275100,285.6774972557167,0.0,0.375,0.328125
1275200,293.9500062710919,0.0,0.375,0.28125
1275300,298.4338186641819,0.0,0.3125,0.328125
1275400,300.4187291772358,0.0,0.375,0.328125
1275500,301.6177830191723,0.0,0.3125,0.296875
1275600,303.1432129201013,0.0,0.3125,0.359375
1275700,304.5145464268984,0.0,0.3125,0.34375
1275800,306.3512696503309,0.0,0.3125,0.484375
1275900,308.2321223868151,0.0,0.3125,0.34375
1276000,309.9297643016748,0.0,0.3125,0.265625
1276100,312.76117392081846,0.0,0.3125,0.34375
1276200,314.26029233624894,0.0,0.25,0.3125
1276300,316.8659406498041,0.0,0.25,0.375
1276400,319.68366321926146,0.0,0.375,0.375
1276500,328.6959761061453,0.0,0.25,0.28125
1276600,354.7287141789277,0.0,0.25,0.375
1276700,379.5756068855762,0.0,0.25,0.40625
1276800,389.8988905029797,0.0,0.375,0.34375
1276900,393.0114029803765,0.0,0.25,0.34375
1277000,395.7018381503378,0.0,0.3125,0.296875
1277100,398.3303665358885,0.0,0.375,0.421875
1277200,399.5165054480428,0.0,0.3125,0.5
1277300,401.38300647336706,0.0,0.3125,0.375
1277400,403.95486952089664,0.0,0.375,0.390625
1277500,405.5688698991839,0.0,0.3125,0.34375
1277600,407.24055464459525,0.0,0.25,0.328125
1277700,408.61843734183793,0.0,0.375,0.375
1277800,409.52069344947716,0.0,0.25,0.21875
1277900,410.47700167254766,0.0,0.375,0.328125
1278000,411.51721815188586,0.0,0.375,0.375
1278100,412.4214222102233,0.0,0.4375,0.453125
1278200,413.0885106704898,0.0,0.3125,0.390625
1278300,413.9873069387677,0.0,0.3125,0.34375
1278400,414.84866556922964,0.0,0.3125,0.3125
1278500,416.09129984127316,0.0,0.25,0.40625
1278600,416.5740133378415,0.0,0.25,0.328125
1278700,417.19643038141743,0.0,0.3125,0.34375
1278800,417.7525425595387,0.0,0.3125,0.34375
1278900,418.50616259087195,0.0,0.25,0.3125
1279000,418.9863306621944,0.0,0.375,0.40625
1279100,419.62717887665764,0.0,0.25,0.34375
1279200,420.0663055354506,0.0,0.25,0.3125
1279300,420.4702785487474,0.0,0.3125,0.28125
1279400,420.99473976797987,0.0,0.3125,0.34375
1279500,421.34097669185627,0.0,0.3125,0.40625
1279600,421.8450333399188,0.0,0.25,0.3125
1279700,422.3993646203329,0.0,0.3125,0.421875
1279800,422.9513067045078,0.0,0.4375,0.34375
1279900,423.1415161614921,0.0,0.375,0.3125
1280000,423.8349554172117,0.0,0.375,0.40625
1280100,424.3065763334475,0.0,0.4375,0.28125
1280200,424.6582189966714,0.0,0.3125,0.359375
1280300,424.9892333771178,0.0,0.375,0.453125
1280400,425.4745620469567,0.0,0.375,0.3125
1280500,425.86397855652535,0.0,0.375,0.359375
1280600,426.17750977061655,0.0,0.375,0.28125
1280700,426.62169215260974,0.0,0.375,0.296875
1280800,426.9383440019656,0.0,0.3125,0.296875
1280900,427.3072036256396,0.0,0.25,0.359375
1281000,427.6101589134366,0.0,0.3125,0.359375
1281100,427.9099250332873,0.0,0.3125,0.375
1281200,428.2392180619313,0.0,0.25,0.359375
1281300,428.59740680263457,0.0,0.375,0.4375
1281400,428.8542696865614,0.0,0.375,0.265625
1281500,429.21702558015403,0.0,0.3125,0.421875
1281600,429.4919611905274,0.0,0.3125,0.375
1281700,429.87399367185554,0.0,0.3125,0.328125
1281800,430.1049854833262,0.0,0.25,0.28125
1281900,430.3416792108077,0.0,0.3125,0.40625
1282000,430.5904239256837,0.0,0.375,0.296875
1282100,430.88796926371754,0.0,0.3125,0.390625
1282200,431.0534855717402,0.0,0.375,0.359375
1282300,431.1996366541809,0.0,0.375,0.234375
1282400,431.37395342929415,0.0,0.25,0.296875
1282500,431.5746186291679,0.0,0.375,0.234375
1282600,431.7187762354691,0.0,0.375,0.296875
1282700,431.9322021289739,0.0,0.375,0.34375
1282800,432.3867030062451,0.0,0.3125,0.328125
1282900,432.52923992148436,0.0,0.3125,0.296875
1283000,432.8058883365773,0.0,0.375,0.296875
1283100,432.97201561460656,0.0,0.3125,0.328125
1283200,433.14788692965374,0.0,0.3125,0.265625
1283300,433.2623430431489,0.0,0.4375,0.40625
1283400,433.34464332240003,0.0,0.25,0.34375
1283500,433.4890954595432,0.0,0.25,0.34375
1283600,433.64903507349476,0.0,0.375,0.4375
1283700,433.76188018216106,0.0,0.3125,0.453125
1283800,433.97273240159035,0.0,0.4375,0.34375
1283900,434.1315548363327,0.0,0.3125,0.3125
1284000,434.2263603250536,0.0,0.375,0.296875
1284100,434.3866772261959,0.0,0.375,0.421875
1284200,434.42598939389495,0.0,0.3125,0.3125
1284300,434.52038795200315,0.0,0.375,0.296875
1284400,434.60062520014327,0.0,0.375,0.359375
1284500,434.7484058398534,0.0,0.375,0.28125
1284600,434.9216935393552,0.0,0.3125,0.328125
1284700,434.9921015990231,0.0,0.375,0.171875
1284800,435.11021535601594,0.0,0.1875,0.328125
1284900,435.23884357957365,0.0,0.375,0.359375
1285000,435.34476247077976,0.0,0.3125,0.328125
1285100,435.5256477658807,0.0,0.375,0.296875
1285200,435.6635171753829,0.0,0.4375,0.3125
1285300,435.72815857463024,0.0,0.3125,0.3125
1285400,435.8406427939374,0.0,0.3125,0.390625
1285500,435.9511719748809,0.0,0.375,0.296875
1285600,436.0940263474616,0.0,0.3125,0.28125
1285700,436.26441073265704,0.0,0.5,0.34375
1285800,436.3480281021912,0.0,0.375,0.453125
1285900,436.3949608173485,0.0,0.375,0.3125
1286000,436.51264551058233,0.0,0.375,0.375
1286100,436.65532019607616,0.0,0.25,0.203125
1286200,436.7760685488828,0.0,0.375,0.34375
1286300,436.9278611257388,0.0,0.375,0.359375
1286400,437.007006348841,0.0,0.4375,0.375
1286500,437.12640943479136,0.0,0.25,0.265625
1286600,437.2797430317546,0.0,0.3125,0.34375
1286700,437.3082622497164,0.0,0.3125,0.3125
1286800,437.3881491790906,0.0,0.4375,0.34375
1286900,437.52836959271315,0.0,0.4375,0.359375
1287000,437.58377901652375,0.0,0.5,0.3125
1287100,437.677697311213,0.0,0.375,0.359375
1287200,437.7038685029021,0.0,0.375,0.328125
1287300,437.89362266449456,0.0,0.3125,0.34375
1287400,438.0012931320767,0.0,0.5,0.359375
1287500,438.05050317227904,0.0,0.375,0.421875
1287600,438.1368448562051,0.0,0.3125,0.328125
1287700,438.19658911855754,0.0,0.375,0.34375
1287800,438.3447220119951,0.0,0.375,0.421875
1287900,438.42207734786456,0.0,0.3125,0.34375
1288000,438.50536344296603,0.0,0.3125,0.34375
1288100,438.56002059862834,0.0,0.375,0.328125
1288200,438.64182248165076,0.0,0.375,0.265625
1288300,438.72351753228753,0.0,0.375,0.3125
1288400,438.8602919492929,0.0,0.375,0.328125
1288500,438.93176201907454,0.0,0.4375,0.375
1288600,439.03381161214503,0.0,0.3125,0.375
1288700,439.1701210756369,0.0,0.375,0.421875
1288800,439.2644232741364,0.0,0.3125,0.359375
1288900,439.3337486287058,0.0,0.3125,0.3125
1289000,439.3944359002217,0.0,0.375,0.296875
1289100,439.561327281259,0.0,0.375,0.296875
1289200,439.67200769743135,0.0,0.375,0.296875
1289300,439.752684959618,0.0,0.4375,0.34375
1289400,439.80112889955825,0.0,0.375,0.390625
1289500,439.8424084166478,0.0,0.375,0.3125
1289600,439.9168613724123,0.0,0.3125,0.28125
1289700,439.94622146964963,0.0,0.3125,0.34375
1289800,439.96780303872237,0.0,0.375,0.359375
1289900,440.0110682250488,0.0,0.4375,0.453125
1290000,440.0855015201986,0.0,0.375,0.390625
1290100,440.18189342156353,0.0,0.3125,0.28125
1290200,440.24478260922086,0.0,0.375,0.3125
1290300,440.318367442607,0.0,0.4375,0.421875
1290400,440.42048811246417,0.0,0.3125,0.1875
1290500,440.498197293701,0.0,0.375,0.390625
1290600,440.59768284384927,0.0,0.3125,0.3125
1290700,440.7002990627264,0.0,0.3125,0.25
1290800,440.75952005740453,0.0,0.4375,0.359375
1290900,440.7900301991814,0.0,0.375,0.296875
1291000,440.846334282433,0.0,0.25,0.203125
1291100,440.8863080953961,0.0,0.4375,0.328125
1291200,440.9543101724769,0.0,0.5,0.375
1291300,440.99176723381015,0.0,0.3125,0.34375
1291400,441.01844346966925,0.0,0.3125,0.296875
1291500,441.0470370714959,0.0,0.375,0.296875
1291600,441.07955732479735,0.0,0.25,0.25
1291700,441.1007469549755,0.0,0.375,0.21875
1291800,441.2479682474611,0.0,0.5,0.34375
1291900,441.3160212707905,0.0,0.3125,0.234375
1292000,441.3742005053663,0.0,0.3125,0.3125
1292100,441.45258275836585,0.0,0.375,0.296875
1292200,441.47053204309384,0.0,0.5625,0.296875
1292300,441.5723650171457,0.0,0.4375,0.390625
1292400,441.60381474487065,0.0,0.375,0.390625
1292500,441.662983790343,0.0,0.375,0.375
1292600,441.6996034165494,0.0,0.375,0.390625
1292700,441.75053198811503,0.0,0.3125,0.3125
1292800,441.8930834774926,0.0,0.4375,0.40625
1292900,441.9867641421378,0.0,0.375,0.25
1293000,442.01834231234886,0.0,0.375,0.296875
1293100,442.0586421204579,0.0,0.4375,0.296875
1293200,442.0956043965632,0.0,0.4375,0.46875
1293300,442.13882707944464,0.0,0.375,0.3125
1293400,442.19364976150774,0.0,0.4375,0.40625
1293500,442.27131270976895,0.0,0.3125,0.234375
1293600,442.2939935831294,0.0,0.4375,0.453125
1293700,442.33760376584365,0.0,0.5,0.359375
1293800,442.42242490912264,0.0,0.4375,0.375
1293900,442.4764108187892,0.0,0.375,0.3125
1294000,442.56263079433893,0.0,0.375,0.296875
1294100,442.60195265489494,0.0,0.4375,0.4375
1294200,442.6478987914715,0.0,0.3125,0.296875
1294300,442.73848959065947,0.0,0.3125,0.265625
1294400,442.9380408916183,0.0,0.375,0.328125
1294500,443.0042873450446,0.0,0.4375,0.328125
1294600,443.06552060709305,0.0,0.4375,0.296875
1294700,443.09426189876365,0.0,0.5,0.34375
1294800,443.1529921301853,0.0,0.5,0.375
1294900,443.1874564155188,0.0,0.375,0.390625
1295000,443.2851385456098,0.0,0.4375,0.265625
1295100,443.3183751399662,0.0,0.4375,0.3125
1295200,443.35582782824235,0.0,0.4375,0.421875
1295300,443.40342156954006,0.0,0.3125,0.359375
1295400,443.43518634322606,0.0,0.375,0.3125
1295500,443.48281845489817,0.0,0.5,0.3125
1295600,443.5124971563486,0.0,0.3125,0.265625
1295700,443.5696267692555,0.0,0.375,0.265625
1295800,443.5951254240242,0.0,0.4375,0.28125
1295900,443.6164971702954,0.0,0.4375,0.359375
1296000,443.7580486771533,0.0,0.375,0.296875
1296100,443.80922192492255,0.0,0.375,0.328125
1296200,443.86452811100526,0.0,0.5,0.453125
1296300,443.9095589042074,0.0,0.3125,0.265625
1296400,443.9397088308452,0.0,0.3125,0.296875
1296500,444.00026754595507,0.0,0.375,0.421875
1296600,444.0489995385572,0.0,0.4375,0.3125
1296700,444.0932828393336,0.0,0.375,0.3125
1296800,444.1163183451812,0.0,0.3125,0.328125
1296900,444.1903256559416,0.0,0.5,0.390625
1297000,444.2360479940316,0.0,0.25,0.25
1297100,444.26740993346,0.0,0.375,0.359375
1297200,444.3330180015285,0.0,0.4375,0.375
1297300,444.4030404871113,0.0,0.375,0.296875
1297400,444.46618241474334,0.0,0.25,0.21875
1297500,444.5288462981592,0.0,0.375,0.28125
1297600,444.5763509833768,0.0,0.4375,0.328125
1297700,444.5943737177447,0.0,0.375,0.25
1297800,444.64543039880056,0.0,0.3125,0.3125
1297900,444.7104848087156,0.0,0.375,0.34375
1298000,444.7996080984238,0.0,0.375,0.234375
1298100,444.848244394833,0.0,0.375,0.25
1298200,444.887524414984,0.0,0.3125,0.328125
1298300,444.964339083627,0.0,0.5,0.28125
1298400,445.01422928761195,0.0,0.4375,0.40625
1298500,445.11585209487595,0.0,0.4375,0.328125
1298600,445.13274247460936,0.0,0.5,0.34375
1298700,445.1793048453281,0.0,0.4375,0.359375
1298800,445.2119573429868,0.0,0.375,0.234375
1298900,445.28005893773275,0.0,0.375,0.421875
1299000,445.4631569731316,0.0,0.4375,0.296875
1299100,445.495901797495,0.0,0.4375,0.4375
1299200,445.57996608672573,0.0,0.3125,0.359375
1299300,445.6146671756339,0.0,0.3125,0.25
1299400,445.67141280245124,0.0,0.375,0.265625
1299500,445.73717142498583,0.0,0.3125,0.34375
1299600,445.7696127949174,0.0,0.4375,0.28125
1299700,445.78310477193077,0.0,0.4375,0.3125
1299800,445.8187806928638,0.0,0.4375,0.375
1299900,445.8475636190818,0.0,0.5,0.328125
1300000,236.73651261050205,0.0,0.4375,0.375
1300100,237.19353113142373,0.0,0.4375,0.40625
1300200,237.5807776790435,0.0,0.375,0.21875
1300300,238.32047641048948,0.0,0.375,0.34375
1300400,238.951133331626,0.0,0.375,0.375
1300500,239.43249199826232,0.0,0.5,0.296875
1300600,240.07904027240846,0.0,0.4375,0.359375
1300700,240.64866258720025,0.0,0.375,0.296875
1300800,241.2201000315291,0.0,0.375,0.296875
1300900,242.10852415736105,0.0,0.3125,0.296875
1301000,243.41772740750525,0.0,0.4375,0.359375
1301100,244.5673158103188,0.0,0.4375,0.328125
1301200,245.4154967155789,0.0,0.375,0.34375
1301300,247.73430244511403,0.0,0.5625,0.359375
1301400,249.45385697252638,0.0,0.5,0.40625
1301500,253.275974099946,0.0,0.375,0.28125
1301600,255.6640648271094,0.0,0.4375,0.3125
1301700,260.0639868753312,0.0,0.375,0.40625
1301800,268.43951157319725,0.0,0.4375,0.390625
1301900,282.0430657279371,0.0,0.5,0.328125
1302000,292.6155017528923,0.0,0.5,0.3125
1302100,303.3529051138165,0.0,0.375,0.296875
1302200,310.55920401144743,0.0,0.4375,0.328125
1302300,314.1454070858467,0.0,0.375,0.359375
1302400,317.3543361671374,0.0,0.3125,0.265625
1302500,318.0715393060841,0.0,0.5,0.375
1302600,319.6072283460485,0.0,0.3125,0.328125
1302700,321.25289353004257,0.0,0.375,0.25
1302800,322.69843212663295,0.0,0.375,0.234375
1302900,323.8918875131217,0.0,0.4375,0.359375
1303000,325.6583797806845,0.0,0.375,0.28125
1303100,327.4336670626351,0.0,0.375,0.25
1303200,329.76844579165925,0.0,0.375,0.390625
1303300,333.6049397305876,0.0,0.4375,0.296875
1303400,336.14654728727606,0.0,0.375,0.375
1303500,343.7327630369522,0.0,0.25,0.265625
1303600,355.9923132655541,0.0,0.375,0.328125
1303700,373.87243238538275,0.0,0.3125,0.34375
1303800,396.5145149142243,0.0,0.375,0.28125
1303900,406.3401131409634,0.0,0.375,0.328125
1304000,409.1417462978701,0.0,0.4375,0.25
1304100,411.45218656464885,0.0,0.3125,0.34375
1304200,413.4520955771915,0.0,0.4375,0.296875
1304300,415.5055598401594,0.0,0.375,0.3125
1304400,416.8937988794997,0.0,0.5,0.359375
1304500,418.3943642020763,0.0,0.375,0.3125
1304600,419.3207553664456,0.0,0.5,0.296875
1304700,420.55289612841096,0.0,0.5,0.296875
1304800,421.6715294460864,0.0,0.4375,0.3125
1304900,422.691845216207,0.0,0.375,0.28125
1305000,423.61409866861567,0.0,0.375,0.34375
1305100,424.7099948134955,0.0,0.3125,0.265625
1305200,425.6865245069454,0.0,0.1875,0.25
1305300,426.7745200989902,0.0,0.5,0.328125
1305400,427.2679169945277,0.0,0.4375,0.40625
1305500,427.846901521385,0.0,0.3125,0.265625
1305600,428.6955777974977,0.0,0.4375,0.3125
1305700,429.5087437129086,0.0,0.375,0.328125
1305800,430.3133523882019,0.0,0.4375,0.28125
1305900,431.03840322376203,0.0,0.375,0.40625
1306000,431.5304110317589,0.0,0.4375,0.453125
1306100,431.9528835657937,0.0,0.4375,0.34375
1306200,432.19062788453306,0.0,0.4375,0.390625
1306300,432.6197070822228,0.0,0.3125,0.28125
1306400,432.9788120067997,0.0,0.4375,0.296875
1306500,433.23828173773836,0.0,0.375,0.375
1306600,433.576666250575,0.0,0.3125,0.3125
1306700,433.9723442108118,0.0,0.375,0.375
1306800,434.30448076481304,0.0,0.5,0.375
1306900,434.5723063367163,0.0,0.5,0.359375
1307000,434.8269529986013,0.0,0.375,0.25
1307100,435.0193358379872,0.0,0.375,0.3125
1307200,435.1147503745346,0.0,0.375,0.296875
1307300,435.45955217714663,0.0,0.375,0.359375
1307400,435.6419656763662,0.0,0.3125,0.3125
1307500,435.7575166496982,0.0,0.375,0.296875
1307600,435.84771612335993,0.0,0.5,0.28125
1307700,436.20023068316885,0.0,0.375,0.265625
1307800,436.4708191804804,0.0,0.5,0.453125
1307900,436.534981179256,0.0,0.3125,0.25
1308000,436.8290983372251,0.0,0.3125,0.21875
1308100,437.02931868463367,0.0,0.375,0.28125
1308200,437.2098670086862,0.0,0.375,0.328125
1308300,437.3683682588303,0.0,0.5625,0.34375
1308400,437.4157781444199,0.0,0.4375,0.296875
1308500,437.5737913667544,0.0,0.4375,0.359375
1308600,437.766719428861,0.0,0.5625,0.328125
1308700,438.03588914607553,0.0,0.4375,0.421875
1308800,438.12372751470895,0.0,0.4375,0.375
1308900,438.2265190047283,0.0,0.375,0.296875
1309000,438.2647358522157,0.0,0.375,0.34375
1309100,438.4099851338907,0.0,0.375,0.28125
1309200,438.50202658643093,0.0,0.3125,0.328125
1309300,438.5432020295651,0.0,0.375,0.28125
1309400,438.729934920942,0.0,0.3125,0.21875
1309500,438.83031064477194,0.0,0.3125,0.203125
1309600,438.92277029479925,0.0,0.4375,0.34375
1309700,438.96614364569007,0.0,0.5625,0.34375
1309800,439.0415972653213,0.0,0.375,0.3125
1309900,439.0698195164557,0.0,0.5,0.296875
1310000,439.13834034082515,0.0,0.5,0.40625
1310100,439.2958343959922,0.0,0.4375,0.34375
1310200,439.41265197164586,0.0,0.4375,0.328125
1310300,439.432547101449,0.0,0.375,0.40625
1310400,439.5313276632984,0.0,0.3125,0.359375
1310500,439.5640197057051,0.0,0.4375,0.328125
1310600,439.613877788264,0.0,0.375,0.421875
1310700,439.7018310244745,0.0,0.375,0.296875
1310800,439.8387386349857,0.0,0.5,0.46875
1310900,439.8599335752887,0.0,0.3125,0.265625
1311000,439.93076762511396,0.0,0.3125,0.28125
1311100,440.04609411908785,0.0,0.3125,0.296875
1311200,440.0742371491684,0.0,0.4375,0.34375
1311300,440.163431633509,0.0,0.4375,0.296875
1311400,440.1920639631127,0.0,0.5,0.265625
1311500,440.2232379083625,0.0,0.5625,0.25
1311600,440.26650278516905,0.0,0.4375,0.25
1311700,440.3540636346869,0.0,0.4375,0.3125
1311800,440.4285456866809,0.0,0.4375,0.3125
1311900,440.6352395042732,0.0,0.5,0.265625
1312000,440.79104976832645,0.0,0.3125,0.265625
1312100,440.8617885501049,0.0,0.5,0.34375
1312200,440.94030616309186,0.0,0.5,0.234375
1312300,441.0224288096234,0.0,0.375,0.265625
1312400,441.1089906180862,0.0,0.25,0.203125
1312500,441.20721829393574,0.0,0.4375,0.34375
1312600,441.23010567966776,0.0,0.4375,0.328125
1312700,441.25795292431116,0.0,0.4375,0.46875
1312800,441.3315110946,0.0,0.5,0.359375
1312900,441.35630410064437,0.0,0.5,0.359375
1313000,441.416186196702,0.0,0.375,0.296875
1313100,441.50399312374697,0.0,0.4375,0.328125
1313200,441.5564223221072,0.0,0.3125,0.359375
1313300,441.631087499273,0.0,0.3125,0.28125
1313400,441.6474865246163,0.0,0.375,0.28125
1313500,441.68391606898325,0.0,0.375,0.28125
1313600,441.7171308522455,0.0,0.4375,0.359375
1313700,441.78028694638255,0.0,0.375,0.234375
1313800,441.8760341235406,0.0,0.3125,0.296875
1313900,441.9755287328508,0.0,0.375,0.3125
1314000,442.060640475362,0.0,0.25,0.3125
1314100,442.1243440212814,0.0,0.375,0.296875
1314200,442.3494034265346,0.0,0.375,0.28125
1314300,442.402738893289,0.0,0.5,0.421875
1314400,442.59011260639954,0.0,0.5,0.453125
1314500,442.6247784183247,0.0,0.375,0.359375
1314600,442.7110887788577,0.0,0.4375,0.3125
1314700,442.76379305002035,0.0,0.375,0.296875
1314800,442.80033788425453,0.0,0.3125,0.375
1314900,442.88562600224355,0.0,0.4375,0.359375
1315000,442.9564979415347,0.0,0.25,0.25
1315100,443.0205788594859,0.0,0.4375,0.375
1315200,443.1300821113906,0.0,0.4375,0.34375
1315300,443.2135298150831,0.0,0.375,0.25
1315400,443.2590131704399,0.0,0.4375,0.375
1315500,443.31820291180776,0.0,0.4375,0.28125
1315600,443.4239579127441,0.0,0.375,0.390625
1315700,443.4734980371096,0.0,0.375,0.359375
1315800,443.5884059587358,0.0,0.4375,0.328125
1315900,443.67763394846645,0.0,0.4375,0.4375
1316000,443.78412056468454,0.0,0.375,0.265625
1316100,443.8233691911483,0.0,0.3125,0.3125
1316200,443.9288573313266,0.0,0.4375,0.359375
1316300,444.01053666961775,0.0,0.375,0.3125
1316400,444.03040030611817,0.0,0.375,0.28125
1316500,444.1285320795051,0.0,0.375,0.390625
1316600,444.16921054235127,0.0,0.375,0.25
1316700,444.2106759766694,0.0,0.5625,0.46875
1316800,444.31832690127425,0.0,0.3125,0.328125
1316900,444.37503103903987,0.0,0.5625,0.390625
1317000,444.5061671435926,0.0,0.4375,0.453125
1317100,444.56993025769987,0.0,0.375,0.375
1317200,444.6085436549186,0.0,0.4375,0.3125
1317300,444.6394695865429,0.0,0.4375,0.421875
1317400,444.6720184450235,0.0,0.4375,0.40625
1317500,444.76640425653636,0.0,0.3125,0.3125
1317600,444.9146048208463,0.0,0.25,0.3125
1317700,445.00023340758014,0.0,0.4375,0.40625
1317800,445.13033095847646,0.0,0.4375,0.4375
1317900,445.1559669753038,0.0,0.3125,0.25
1318000,445.2451210040118,0.0,0.4375,0.375
1318100,445.3281814194556,0.0,0.5,0.484375
1318200,445.3515021015256,0.0,0.375,0.3125
1318300,445.36779732648233,0.0,0.3125,0.25
1318400,445.4570551173462,0.0,0.3125,0.296875
1318500,445.5188638391203,0.0,0.375,0.40625
1318600,445.5249143250813,0.0,0.5,0.421875
1318700,445.58724316721015,0.0,0.4375,0.375
1318800,445.59769169014106,0.0,0.4375,0.375
1318900,445.67258584963105,0.0,0.3125,0.328125
1319000,445.7751653421227,0.0,0.3125,0.4375
1319100,445.8307810507126,0.0,0.375,0.390625
1319200,445.9385247076793,0.0,0.3125,0.328125
1319300,446.00040934720397,0.0,0.375,0.4375
1319400,446.02944012336883,0.0,0.25,0.3125
1319500,446.15112030139323,0.0,0.4375,0.296875
1319600,446.2158217793564,0.0,0.5,0.34375
1319700,446.2488121939658,0.0,0.375,0.359375
1319800,446.33637326190365,0.0,0.4375,0.421875
1319900,446.3783940287671,0.0,0.3125,0.359375
1320000,446.4472151002747,0.0,0.375,0.390625
1320100,446.47178553429484,0.0,0.3125,0.34375
1320200,446.51068900483574,0.0,0.4375,0.34375
1320300,446.5839208168444,0.0,0.375,0.359375
1320400,446.6326685667446,0.0,0.375,0.328125
1320500,446.67858329777766,0.0,0.375,0.25
1320600,446.6904661125944,0.0,0.375,0.328125
1320700,446.70692497965564,0.0,0.4375,0.34375
1320800,446.79249020818503,0.0,0.4375,0.328125
1320900,446.8308361117832,0.0,0.375,0.375
1321000,446.8801078820646,0.0,0.3125,0.28125
1321100,446.89822017472534,0.0,0.25,0.328125
1321200,446.937435751965,0.0,0.3125,0.421875
1321300,447.0178356467882,0.0,0.375,0.3125
1321400,447.06122073627984,0.0,0.375,0.359375
1321500,447.09586007002906,0.0,0.3125,0.390625
1321600,447.18924401436976,0.0,0.5,0.5
1321700,447.270505309862,0.0,0.5,0.40625
1321800,447.3459303326603,0.0,0.375,0.328125
1321900,447.39126703834336,0.0,0.375,0.3125
1322000,447.4326422648024,0.0,0.25,0.328125
1322100,447.47999889074777,0.0,0.25,0.4375
1322200,447.52955209136354,0.0,0.375,0.390625
1322300,447.6027765746708,0.0,0.4375,0.484375
1322400,447.62765637413025,0.0,0.3125,0.421875
1322500,447.6447917400965,0.0,0.4375,0.515625
1322600,447.70598997985,0.0,0.4375,0.421875
1322700,447.76104903479535,0.0,0.25,0.328125
1322800,447.79883697824334,0.0,0.375,0.375
1322900,447.8427530801085,0.0,0.375,0.40625
1323000,447.89285774286986,0.0,0.5,0.46875
1323100,447.96064576645296,0.0,0.3125,0.375
1323200,447.9689864409126,0.0,0.375,0.453125
1323300,447.98679614262346,0.0,0.3125,0.328125
1323400,448.0391196508095,0.0,0.4375,0.46875
1323500,448.0863192695327,0.0,0.4375,0.390625
1323600,448.19950353326,0.0,0.25,0.515625
1323700,448.23840703403715,0.0,0.375,0.46875
1323800,448.28801198034824,0.0,0.375,0.40625
1323900,448.312862624308,0.0,0.375,0.40625
1324000,448.3286372633999,0.0,0.375,0.4375
1324100,448.364578988982,0.0,0.3125,0.390625
1324200,448.37909132673605,0.0,0.375,0.4375
1324300,448.39773654562356,0.0,0.4375,0.375
1324400,448.4535146415912,0.0,0.1875,0.3125
1324500,448.46561374199945,0.0,0.4375,0.390625
1324600,448.4826710869337,0.0,0.375,0.296875
1324700,448.5463470756701,0.0,0.3125,0.40625
1324800,448.5783886050787,0.0,0.4375,0.46875
1324900,448.5906639055706,0.0,0.375,0.46875
1325000,236.74578658238647,0.0,0.4375,0.40625
1325100,237.05078511863474,0.0,0.375,0.421875
1325200,237.3665096785342,0.0,0.375,0.4375
1325300,237.6818546218624,0.0,0.375,0.546875
1325400,238.153972923391,0.0,0.4375,0.453125
1325500,238.60703453544056,0.0,0.3125,0.328125
1325600,239.06394312392328,0.0,0.4375,0.40625
1325700,239.44690184356332,0.0,0.375,0.46875
1325800,240.2959122777039,0.0,0.375,0.484375
1325900,240.79187294221543,0.0,0.4375,0.3125
1326000,241.51511367757914,0.0,0.4375,0.421875
1326100,242.37233553308215,0.0,0.3125,0.421875
1326200,244.1025125201416,0.0,0.375,0.375
1326300,246.52309928511286,0.0,0.3125,0.390625
1326400,249.5212006797137,0.0,0.375,0.34375
1326500,256.50846086930056,0.0,0.375,0.359375
1326600,267.4404144365173,0.0,0.375,0.4375
1326700,282.2450682901255,0.0,0.375,0.359375
1326800,292.43306221730955,0.0,0.25,0.390625
1326900,300.70559823066696,0.0,0.3125,0.375
1327000,305.48615122921666,0.0,0.375,0.34375
1327100,307.95321517494204,0.0,0.375,0.421875
1327200,309.5432846848719,0.0,0.4375,0.46875
1327300,310.06749561000527,0.0,0.4375,0.390625
1327400,310.62925860734794,0.0,0.4375,0.453125
1327500,311.99606306362284,0.0,0.3125,0.453125
1327600,312.60839731097457,0.0,0.375,0.453125
1327700,313.48250026541353,0.0,0.375,0.328125
1327800,314.071413668934,0.0,0.4375,0.46875
1327900,315.07550527297064,0.0,0.5,0.40625
1328000,315.87706616227786,0.0,0.3125,0.453125
1328100,316.3849677777741,0.0,0.4375,0.46875
1328200,316.99970510418433,0.0,0.1875,0.28125
1328300,317.4659181544829,0.0,0.3125,0.328125
1328400,317.9846915033345,0.0,0.4375,0.40625
1328500,318.48976056649167,0.0,0.4375,0.453125
1328600,318.90600111992524,0.0,0.5,0.453125
1328700,319.3457121093885,0.0,0.375,0.40625
1328800,319.85773195677837,0.0,0.4375,0.328125
1328900,320.43251841779187,0.0,0.25,0.3125
1329000,320.7510484847696,0.0,0.3125,0.359375
1329100,321.20422261376245,0.0,0.375,0.390625
1329200,321.54265882510884,0.0,0.4375,0.46875
1329300,322.17292590057394,0.0,0.375,0.484375
1329400,322.60805279827497,0.0,0.4375,0.515625
1329500,323.15632463402284,0.0,0.375,0.484375
1329600,323.5726301150537,0.0,0.3125,0.375
1329700,324.05733456302,0.0,0.375,0.453125
1329800,324.5183756083397,0.0,0.375,0.40625
1329900,325.06211601515486,0.0,0.375,0.453125
1330000,325.5790067028376,0.0,0.375,0.375
1330100,326.0658221442671,0.0,0.3125,0.40625
1330200,326.57359216647194,0.0,0.375,0.375
1330300,327.0232609851387,0.0,0.25,0.34375
1330400,327.6355642645319,0.0,0.25,0.375
1330500,328.0581984904547,0.0,0.3125,0.375
1330600,328.24537635062876,0.0,0.3125,0.265625
1330700,328.6009445711254,0.0,0.3125,0.390625
1330800,328.8088719583202,0.0,0.375,0.421875
1330900,329.0972287091786,0.0,0.3125,0.421875
1331000,329.3675495573406,0.0,0.4375,0.46875
1331100,329.66928419656927,0.0,0.4375,0.453125
1331200,330.1116285861445,0.0,0.3125,0.34375
1331300,330.41679551114674,0.0,0.375,0.390625
1331400,330.6217857803292,0.0,0.3125,0.34375
1331500,330.788385096625,0.0,0.3125,0.453125
1331600,331.1145006275803,0.0,0.4375,0.375
1331700,331.380562113055,0.0,0.4375,0.453125
1331800,331.5886358231163,0.0,0.375,0.53125
1331900,331.81391405324644,0.0,0.3125,0.4375
1332000,332.09129874379016,0.0,0.3125,0.453125
1332100,332.2465972330491,0.0,0.375,0.390625
1332200,332.4628436923245,0.0,0.375,0.546875
1332300,332.75655949112564,0.0,0.375,0.4375
1332400,333.1554837564873,0.0,0.375,0.453125
1332500,333.5892009442435,0.0,0.3125,0.359375
1332600,333.95215172017765,0.0,0.3125,0.4375
1332700,334.2035277086267,0.0,0.3125,0.40625
1332800,334.4493572138451,0.0,0.375,0.484375
1332900,335.04454113467426,0.0,0.4375,0.4375
1333000,335.36453508416406,0.0,0.5,0.4375
1333100,335.8299276720822,0.0,0.4375,0.484375
1333200,336.1490607592005,0.0,0.375,0.375
1333300,336.59344636337573,0.0,0.375,0.375
1333400,337.368812323435,0.0,0.3125,0.421875
1333500,338.12067394114763,0.0,0.375,0.375
1333600,338.5102654100846,0.0,0.3125,0.421875
1333700,339.4841073167444,0.0,0.375,0.421875
1333800,341.1339060077411,0.0,0.375,0.5625
1333900,342.65955948750076,0.0,0.3125,0.390625
1334000,346.2854624475577,0.0,0.375,0.421875
1334100,352.0803813413773,0.0,0.25,0.4375
1334200,357.9837816055535,0.0,0.25,0.375
1334300,366.35551703613095,0.0,0.4375,0.46875
1334400,373.1424302302177,0.0,0.375,0.359375
1334500,375.4624488693582,0.0,0.5,0.46875
1334600,376.76534972176245,0.0,0.4375,0.546875
1334700,378.36128535184986,0.0,0.25,0.296875
1334800,379.28838097081876,0.0,0.375,0.421875
1334900,380.8137678726577,0.0,0.4375,0.390625
1335000,381.7891866339059,0.0,0.375,0.46875
1335100,383.292753302011,0.0,0.4375,0.421875
1335200,384.3273625460749,0.0,0.375,0.40625
1335300,385.08722598728804,0.0,0.25,0.4375
1335400,386.12688216606466,0.0,0.25,0.359375
1335500,386.87997333194835,0.0,0.375,0.4375
1335600,387.79695147677216,0.0,0.25,0.375
1335700,388.62946897655854,0.0,0.375,0.4375
1335800,389.2926287183474,0.0,0.375,0.421875
1335900,389.8308743905334,0.0,0.4375,0.5
1336000,390.22404165608987,0.0,0.5,0.34375
1336100,390.8985875927491,0.0,0.25,0.453125
1336200,391.2898821699502,0.0,0.375,0.40625
1336300,391.9304183039287,0.0,0.3125,0.34375
1336400,392.4873119878645,0.0,0.375,0.390625
1336500,392.83011286527267,0.0,0.4375,0.46875
1336600,393.3383193285526,0.0,0.3125,0.46875
1336700,393.9016420965594,0.0,0.375,0.515625
1336800,394.33781305068374,0.0,0.375,0.546875
1336900,394.66867435480805,0.0,0.4375,0.46875
1337000,395.2466452601617,0.0,0.5,0.53125
1337100,396.0198236961269,0.0,0.375,0.40625
1337200,396.887306431395,0.0,0.4375,0.359375
1337300,397.1976284896199,0.0,0.4375,0.453125
1337400,397.81768070977824,0.0,0.375,0.453125
1337500,398.32142812125755,0.0,0.4375,0.328125
1337600,398.7299691831675,0.0,0.3125,0.421875
1337700,399.06781396490584,0.0,0.4375,0.4375
1337800,399.41704652977575,0.0,0.375,0.4375
1337900,399.83216049906054,0.0,0.25,0.5
1338000,400.35260221005336,0.0,0.25,0.46875
1338100,400.75023237936483,0.0,0.25,0.390625
1338200,401.0586051876232,0.0,0.375,0.359375
1338300,401.6237226500725,0.0,0.3125,0.46875
1338400,401.99107781954405,0.0,0.375,0.359375
1338500,402.4739526256868,0.0,0.375,0.34375
1338600,402.8577285496206,0.0,0.3125,0.4375
1338700,403.2902853663486,0.0,0.5,0.421875
1338800,403.4571481910234,0.0,0.4375,0.46875
1338900,403.95716484451765,0.0,0.4375,0.390625
1339000,404.39263298509945,0.0,0.3125,0.546875
1339100,404.6612319452669,0.0,0.375,0.453125
1339200,405.0786419763675,0.0,0.375,0.328125
1339300,405.30341680613986,0.0,0.375,0.421875
1339400,405.6670086516311,0.0,0.375,0.4375
1339500,405.9539592356131,0.0,0.3125,0.390625
1339600,406.1731141010604,0.0,0.4375,0.40625
1339700,406.44033172470637,0.0,0.4375,0.390625
1339800,406.7287583091649,0.0,0.375,0.484375
1339900,406.921878302889,0.0,0.3125,0.421875
1340000,407.22945362789073,0.0,0.375,0.421875
1340100,407.51754584703315,0.0,0.3125,0.40625
1340200,407.79617029357354,0.0,0.4375,0.421875
1340300,408.00001905250235,0.0,0.375,0.3125
1340400,408.1369751961408,0.0,0.4375,0.390625
1340500,408.31688416994245,0.0,0.375,0.390625
1340600,408.6692882870961,0.0,0.375,0.4375
1340700,408.9009457868139,0.0,0.3125,0.515625
1340800,409.21009342452817,0.0,0.4375,0.421875
1340900,409.4771562343668,0.0,0.5,0.46875
1341000,409.83324416898785,0.0,0.4375,0.453125
1341100,410.2408403861235,0.0,0.375,0.40625
1341200,410.44007573777577,0.0,0.3125,0.4375
1341300,410.7764993953345,0.0,0.25,0.484375
1341400,410.99762327427334,0.0,0.375,0.46875
1341500,411.1832828976043,0.0,0.3125,0.390625
1341600,411.3398971935688,0.0,0.3125,0.34375
1341700,411.62513571915696,0.0,0.4375,0.453125
1341800,411.8620581070526,0.0,0.375,0.453125
1341900,412.02811943193694,0.0,0.4375,0.375
1342000,412.2376117825353,0.0,0.5,0.421875
1342100,412.42012973098394,0.0,0.375,0.46875
1342200,412.6427345722792,0.0,0.4375,0.5
1342300,412.9047869205441,0.0,0.375,0.40625
1342400,413.060080073513,0.0,0.4375,0.453125
1342500,413.33181789617817,0.0,0.3125,0.515625
1342600,413.6631941567736,0.0,0.25,0.5
1342700,413.8011876417781,0.0,0.4375,0.5
1342800,413.9901989242348,0.0,0.3125,0.328125
1342900,414.1401227310613,0.0,0.4375,0.453125
1343000,414.4182738117217,0.0,0.4375,0.5
1343100,414.5956997904781,0.0,0.375,0.5625
1343200,414.7150595972168,0.0,0.4375,0.40625
1343300,414.85506315934987,0.0,0.3125,0.4375
1343400,414.95356095882016,0.0,0.375,0.421875
1343500,415.1002829084533,0.0,0.3125,0.5
1343600,415.4387138395598,0.0,0.3125,0.46875
1343700,415.50306429588784,0.0,0.4375,0.5
1343800,415.7881564687193,0.0,0.3125,0.46875
1343900,415.99928882584277,0.0,0.5,0.375
1344000,416.15659358970044,0.0,0.3125,0.390625
1344100,416.5393285069095,0.0,0.4375,0.53125
1344200,416.8000507082025,0.0,0.375,0.46875
1344300,416.92554595729194,0.0,0.375,0.5
1344400,417.1001519786891,0.0,0.3125,0.484375
1344500,417.2961443778753,0.0,0.4375,0.5
1344600,417.4311785029696,0.0,0.4375,0.421875
1344700,417.5909014191296,0.0,0.3125,0.53125
1344800,417.8442610985611,0.0,0.3125,0.40625
1344900,418.0387011261293,0.0,0.375,0.46875
1345000,418.1692247836297,0.0,0.3125,0.453125
1345100,418.3068837313176,0.0,0.3125,0.46875
1345200,418.4498320135443,0.0,0.375,0.375
1345300,418.5690147916544,0.0,0.3125,0.546875
1345400,418.76687336299057,0.0,0.3125,0.359375
1345500,418.90509670620816,0.0,0.3125,0.40625
1345600,419.0304651644535,0.0,0.3125,0.40625
1345700,419.1820628548024,0.0,0.3125,0.515625
1345800,419.37685930080767,0.0,0.375,0.390625
1345900,419.4862621283917,0.0,0.375,0.375
1346000,419.6269783913407,0.0,0.3125,0.5
1346100,419.6961370351071,0.0,0.375,0.4375
1346200,419.84830601408953,0.0,0.375,0.40625
1346300,419.99530881431104,0.0,0.25,0.46875
1346400,420.1964155289608,0.0,0.375,0.453125
1346500,420.4357098266377,0.0,0.3125,0.421875
1346600,420.4904423134411,0.0,0.3125,0.203125
1346700,420.5957857144799,0.0,0.4375,0.515625
1346800,420.6742975987165,0.0,0.375,0.359375
1346900,420.85370319413767,0.0,0.3125,0.46875
1347000,420.94375983878854,0.0,0.3125,0.53125
1347100,421.0629246539021,0.0,0.4375,0.578125
1347200,421.18021086210337,0.0,0.4375,0.40625
1347300,421.2929919218474,0.0,0.25,0.359375
1347400,421.48400275165505,0.0,0.3125,0.484375
1347500,421.6867443893219,0.0,0.25,0.421875
1347600,421.80521922695846,0.0,0.375,0.421875
1347700,421.9948245750752,0.0,0.3125,0.453125
1347800,422.11691753856286,0.0,0.4375,0.359375
1347900,422.2573444357121,0.0,0.3125,0.484375
1348000,422.4196711828745,0.0,0.375,0.421875
1348100,422.58243534319763,0.0,0.3125,0.484375
1348200,422.72488513580436,0.0,0.375,0.5625
1348300,422.868574812624,0.0,0.3125,0.46875
1348400,423.0575923910752,0.0,0.375,0.421875
1348500,423.1778334878367,0.0,0.375,0.546875
1348600,423.3338021947332,0.0,0.3125,0.359375
1348700,423.4966550281005,0.0,0.5,0.453125
1348800,423.7094042363205,0.0,0.5,0.609375
1348900,423.8144050536583,0.0,0.4375,0.453125
1349000,423.96763419330296,0.0,0.375,0.515625
1349100,424.0454285564756,0.0,0.375,0.4375
1349200,424.1586741851197,0.0,0.3125,0.546875
1349300,424.2840337482534,0.0,0.375,0.421875
1349400,424.3809464009626,0.0,0.25,0.390625
1349500,424.48852137521135,0.0,0.25,0.375
1349600,424.6672407611798,0.0,0.3125,0.359375
1349700,424.8012780532081,0.0,0.3125,0.375
1349800,424.8667704471145,0.0,0.375,0.4375
1349900,425.0436916079948,0.0,0.4375,0.5625
1350000,251.9801461088162,0.0,0.375,0.390625
1350100,252.9451995976363,0.0,0.375,0.40625
1350200,253.33526130733637,0.0,0.25,0.390625
1350300,255.16640847474363,0.0,0.375,0.546875
1350400,257.0622720155328,0.0,0.3125,0.515625
1350500,258.4683003865796,0.0,0.3125,0.453125
1350600,260.31031277647975,0.0,0.3125,0.484375
1350700,263.64147871557316,0.0,0.3125,0.46875
1350800,267.04458171504166,0.0,0.3125,0.53125
1350900,273.3452976859772,0.0,0.375,0.453125
1351000,288.55405157018726,0.0,0.3125,0.5625
1351100,296.5917926551912,0.0,0.375,0.5625
1351200,309.56059695427666,0.0,0.4375,0.53125
1351300,314.28287952351036,0.0,0.375,0.5625
1351400,320.28986445578295,0.0,0.4375,0.546875
1351500,327.74619752276317,0.0,0.4375,0.59375
1351600,330.2938794819256,0.0,0.1875,0.3125
1351700,331.53781776915366,0.0,0.25,0.421875
1351800,332.4500499144704,0.0,0.4375,0.515625
1351900,333.26383363193736,0.0,0.375,0.53125
1352000,333.67536970039913,0.0,0.25,0.5625
1352100,334.10520312690005,0.0,0.3125,0.40625
1352200,334.5145534735738,0.0,0.4375,0.5625
1352300,335.1059926635561,0.0,0.4375,0.46875
1352400,335.5165367893756,0.0,0.3125,0.4375
1352500,335.8910966711693,0.0,0.375,0.484375
1352600,336.4651120731159,0.0,0.3125,0.40625
1352700,336.7574800024641,0.0,0.25,0.53125
1352800,337.25325560776884,0.0,0.3125,0.484375
1352900,337.50970352525985,0.0,0.4375,0.390625
1353000,338.2182744586599,0.0,0.4375,0.4375
1353100,338.7956718861544,0.0,0.3125,0.34375
1353200,339.4731065604407,0.0,0.4375,0.5625
1353300,340.0209851213276,0.0,0.3125,0.53125
1353400,340.4019658396847,0.0,0.3125,0.5625
1353500,340.87311848068913,0.0,0.3125,0.578125
1353600,341.7643982400761,0.0,0.375,0.5
1353700,342.3356269102115,0.0,0.3125,0.453125
1353800,343.1443600769044,0.0,0.3125,0.4375
1353900,343.9989580824423,0.0,0.25,0.4375
1354000,345.9875170074416,0.0,0.375,0.515625
1354100,348.30050353306353,0.0,0.4375,0.53125
1354200,351.1355516183222,0.0,0.3125,0.3125
1354300,361.5580664668073,0.0,0.4375,0.546875
1354400,363.4494327441306,0.0,0.375,0.34375
1354500,366.5596704872229,0.0,0.375,0.421875
1354600,369.04197048734306,0.0,0.375,0.5
1354700,371.2445753049531,0.0,0.3125,0.484375
1354800,373.2664780039415,0.0,0.3125,0.375
1354900,374.7528795113221,0.0,0.375,0.4375
1355000,376.8035450281915,0.0,0.375,0.484375
1355100,377.4270085825883,0.0,0.375,0.390625
1355200,378.6922485813203,0.0,0.3125,0.453125
1355300,379.8108597926344,0.0,0.25,0.421875
1355400,380.7234220666571,0.0,0.3125,0.359375
1355500,381.84141753942896,0.0,0.375,0.5625
1355600,382.8164026810584,0.0,0.25,0.40625
1355700,383.57557628726687,0.0,0.4375,0.46875
1355800,384.738836461841,0.0,0.3125,0.453125
1355900,385.4437334173158,0.0,0.3125,0.21875
1356000,386.3615310476993,0.0,0.375,0.5
1356100,386.9774424175935,0.0,0.375,0.484375
1356200,387.8683263479911,0.0,0.375,0.53125
1356300,388.1806985050696,0.0,0.3125,0.421875
1356400,388.9079896240188,0.0,0.375,0.53125
1356500,389.4020952796665,0.0,0.3125,0.375
1356600,389.73672970782064,0.0,0.375,0.5
1356700,390.4192782376551,0.0,0.4375,0.34375
1356800,391.027357579637,0.0,0.375,0.484375
1356900,391.77121949534705,0.0,0.4375,0.515625
1357000,392.17580409847454,0.0,0.375,0.40625
1357100,392.55692222692375,0.0,0.3125,0.59375
1357200,393.04108581548326,0.0,0.375,0.46875
1357300,393.49325206441677,0.0,0.3125,0.46875
1357400,393.87766593842105,0.0,0.25,0.34375
1357500,394.43811078886887,0.0,0.4375,0.40625
1357600,394.80754671213174,0.0,0.4375,0.484375
1357700,395.1402710244367,0.0,0.3125,0.34375
1357800,395.2940605591745,0.0,0.375,0.40625
1357900,395.7177430911258,0.0,0.3125,0.375
1358000,395.91100434165946,0.0,0.375,0.4375
1358100,396.47245263125745,0.0,0.375,0.46875
1358200,396.66601208376966,0.0,0.375,0.4375
1358300,397.04305362808503,0.0,0.375,0.40625
1358400,397.15726169985794,0.0,0.4375,0.484375
1358500,397.37110336337673,0.0,0.3125,0.46875
1358600,397.7414418260578,0.0,0.375,0.453125
1358700,398.19389221897916,0.0,0.375,0.375
1358800,398.5574496402469,0.0,0.375,0.515625
1358900,398.68475663724655,0.0,0.375,0.46875
1359000,398.884277065552,0.0,0.3125,0.46875
1359100,399.31500563518114,0.0,0.375,0.46875
1359200,399.6172757257626,0.0,0.375,0.359375
1359300,399.86496350379593,0.0,0.375,0.359375
1359400,400.2021697511956,0.0,0.375,0.515625
1359500,400.433997527961,0.0,0.375,0.375
1359600,400.6616113293803,0.0,0.5,0.46875
1359700,400.78140492308967,0.0,0.4375,0.421875
1359800,400.94795079710656,0.0,0.375,0.421875
1359900,401.14396695919385,0.0,0.4375,0.546875
1360000,401.32050708004726,0.0,0.25,0.34375
1360100,401.4496285870283,0.0,0.375,0.453125
1360200,401.511307169534,0.0,0.25,0.296875
1360300,401.66347450896905,0.0,0.4375,0.46875
1360400,401.83270712568185,0.0,0.375,0.390625
1360500,401.97176569226383,0.0,0.375,0.375
1360600,402.1076526099824,0.0,0.375,0.484375
1360700,402.2171214324286,0.0,0.375,0.328125
1360800,402.29633104126924,0.0,0.4375,0.390625
1360900,402.9623959051529,0.0,0.375,0.5625
1361000,403.0519602302352,0.0,0.3125,0.3125
1361100,403.16801683494185,0.0,0.4375,0.375
1361200,403.3817124423648,0.0,0.3125,0.390625
1361300,403.5361599764131,0.0,0.25,0.28125
1361400,403.60273043875554,0.0,0.3125,0.296875
1361500,403.7507080329589,0.0,0.4375,0.4375
1361600,403.8885672621979,0.0,0.5625,0.453125
1361700,403.9832652127593,0.0,0.3125,0.359375
1361800,404.0568062286117,0.0,0.375,0.4375
1361900,404.09713850739337,0.0,0.375,0.390625
1362000,404.18243056771774,0.0,0.375,0.40625
1362100,404.3080635617697,0.0,0.4375,0.328125
1362200,404.3859323024647,0.0,0.3125,0.421875
1362300,404.45858245365724,0.0,0.3125,0.28125
1362400,404.5048087757903,0.0,0.375,0.390625
1362500,404.57827763040075,0.0,0.375,0.3125
1362600,404.7500467312522,0.0,0.3125,0.390625
1362700,404.98078849128,0.0,0.4375,0.4375
1362800,405.0793782444002,0.0,0.25,0.375
1362900,405.1630017109111,0.0,0.4375,0.4375
1363000,405.2917088108283,0.0,0.3125,0.234375
1363100,405.4424559535534,0.0,0.3125,0.171875
1363200,405.5477159120122,0.0,0.375,0.359375
1363300,405.7390514361927,0.0,0.375,0.421875
1363400,405.82120713428264,0.0,0.375,0.265625
1363500,405.86376657123094,0.0,0.4375,0.4375
1363600,405.9622536767437,0.0,0.4375,0.359375
1363700,406.0497233543377,0.0,0.375,0.40625
1363800,406.1656879321373,0.0,0.375,0.296875
1363900,406.32026019942344,0.0,0.3125,0.421875
1364000,406.48288800878936,0.0,0.3125,0.296875
1364100,406.64363674055437,0.0,0.25,0.375
1364200,406.7917039157907,0.0,0.3125,0.4375
1364300,406.8576209055532,0.0,0.3125,0.296875
1364400,406.9973614604233,0.0,0.4375,0.375
1364500,407.09143612238586,0.0,0.375,0.421875
1364600,407.18597916390354,0.0,0.375,0.296875
1364700,407.31392714812966,0.0,0.375,0.296875
1364800,407.4030513771019,0.0,0.375,0.390625
1364900,407.5002257853844,0.0,0.375,0.34375
1365000,407.6274897388207,0.0,0.4375,0.421875
1365100,407.82691749315785,0.0,0.375,0.34375
1365200,407.95587433925544,0.0,0.3125,0.265625
1365300,408.0310971154229,0.0,0.4375,0.40625
1365400,408.2981158164921,0.0,0.3125,0.296875
1365500,408.3539190457295,0.0,0.375,0.359375
1365600,408.4258151457345,0.0,0.375,0.3125
1365700,408.4761370691309,0.0,0.375,0.375
1365800,408.59658964887296,0.0,0.375,0.390625
1365900,408.76595282368925,0.0,0.375,0.359375
1366000,408.8881456957597,0.0,0.3125,0.359375
1366100,408.9425383676386,0.0,0.4375,0.484375
1366200,409.0374939638197,0.0,0.375,0.34375
1366300,409.2193985313827,0.0,0.375,0.4375
1366400,409.31845675659724,0.0,0.3125,0.3125
1366500,409.37321819294715,0.0,0.375,0.359375
1366600,409.4058402455164,0.0,0.375,0.390625
1366700,409.49815599574845,0.0,0.3125,0.28125
1366800,409.61222792187846,0.0,0.375,0.359375
1366900,409.72789990594435,0.0,0.375,0.328125
1367000,409.952270056709,0.0,0.25,0.3125
1367100,410.08467589121284,0.0,0.5,0.421875
1367200,410.12780389919374,0.0,0.3125,0.40625
1367300,410.25735125964474,0.0,0.4375,0.265625
1367400,410.46644373423567,0.0,0.375,0.390625
1367500,410.62601059649194,0.0,0.4375,0.4375
1367600,410.74536758942367,0.0,0.375,0.375
1367700,410.77410647083883,0.0,0.375,0.4375
1367800,410.88026145880167,0.0,0.25,0.296875
1367900,410.94580870297176,0.0,0.3125,0.234375
1368000,411.09813152925943,0.0,0.4375,0.359375
1368100,411.1983483352167,0.0,0.3125,0.3125
1368200,411.25351723257745,0.0,0.375,0.34375
1368300,411.3415262835927,0.0,0.375,0.34375
1368400,411.405639110738,0.0,0.3125,0.296875
1368500,411.5334974462039,0.0,0.375,0.296875
1368600,411.64703061090137,0.0,0.375,0.28125
1368700,411.7307894263365,0.0,0.375,0.328125
1368800,411.8175579502381,0.0,0.375,0.359375
1368900,411.8843949613921,0.0,0.375,0.359375
1369000,412.00745611622654,0.0,0.4375,0.328125
1369100,412.06344844230966,0.0,0.375,0.265625
1369200,412.1543712532635,0.0,0.3125,0.25
1369300,412.24181132426963,0.0,0.4375,0.34375
1369400,412.33887006886715,0.0,0.4375,0.265625
1369500,412.40835733991975,0.0,0.3125,0.234375
1369600,412.47265218182434,0.0,0.3125,0.34375
1369700,412.60522066821136,0.0,0.4375,0.3125
1369800,412.7811564513014,0.0,0.3125,0.234375
1369900,412.81744851881854,0.0,0.3125,0.3125
1370000,412.92371526752095,0.0,0.3125,0.3125
1370100,413.04090340889826,0.0,0.375,0.265625
1370200,413.0782428248759,0.0,0.3125,0.265625
1370300,413.2180947863181,0.0,0.375,0.296875
1370400,413.35517982568695,0.0,0.375,0.234375
1370500,413.509573354788,0.0,0.4375,0.25
1370600,413.6024715146201,0.0,0.375,0.328125
1370700,413.68677000173363,0.0,0.375,0.3125
1370800,413.7414724818648,0.0,0.25,0.265625
1370900,414.1545886032372,0.0,0.4375,0.234375
1371000,414.2158074881402,0.0,0.4375,0.25
1371100,414.2455894726038,0.0,0.25,0.265625
1371200,414.266858452426,0.0,0.3125,0.265625
1371300,414.3650432596506,0.0,0.375,0.3125
1371400,414.37823038737434,0.0,0.4375,0.359375
1371500,414.40114941703587,0.0,0.375,0.328125
1371600,414.4764620146303,0.0,0.4375,0.359375
1371700,414.5448745971792,0.0,0.25,0.296875
1371800,414.5773937495491,0.0,0.3125,0.21875
1371900,414.7719647839874,0.0,0.25,0.234375
1372000,414.8481106292882,0.0,0.4375,0.359375
1372100,414.9260980007782,0.0,0.375,0.34375
1372200,415.04248670288985,0.0,0.375,0.203125
1372300,415.18065274311255,0.0,0.5,0.296875
1372400,415.296703831579,0.0,0.3125,0.3125
1372500,415.3506294609162,0.0,0.3125,0.1875
1372600,415.55748953082735,0.0,0.3125,0.25
1372700,415.5925823713932,0.0,0.375,0.3125
1372800,415.705574441318,0.0,0.25,0.296875
1372900,415.84627139339557,0.0,0.3125,0.28125
1373000,415.96724352898894,0.0,0.375,0.375
1373100,416.0486614427453,0.0,0.1875,0.3125
1373200,416.18410721281396,0.0,0.5,0.359375
1373300,416.271063620574,0.0,0.3125,0.265625
1373400,416.352206437907,0.0,0.375,0.140625
1373500,416.39209309820205,0.0,0.4375,0.3125
1373600,416.4931740431426,0.0,0.3125,0.28125
1373700,416.5762268973677,0.0,0.375,0.296875
1373800,416.6214151952407,0.0,0.4375,0.21875
1373900,416.72983192018125,0.0,0.3125,0.25
1374000,416.75729478820546,0.0,0.3125,0.28125
1374100,416.80136634013394,0.0,0.3125,0.265625
1374200,416.82091867602196,0.0,0.25,0.140625
1374300,416.8463556724278,0.0,0.4375,0.25
1374400,416.9219955937674,0.0,0.4375,0.3125
1374500,417.02729787005524,0.0,0.25,0.234375
1374600,417.0500967172274,0.0,0.375,0.21875
1374700,417.1378318716646,0.0,0.4375,0.203125
1374800,417.2750861849881,0.0,0.25,0.28125
1374900,417.38925545154586,0.0,0.3125,0.296875
1375000,360.9107771059104,0.0,0.3125,0.25
1375100,388.6004627274448,0.0,0.4375,0.328125
1375200,397.0410987511981,0.0,0.25,0.25
1375300,400.1923393099497,0.0,0.3125,0.1875
1375400,404.1285426429807,0.0,0.4375,0.21875
1375500,405.9210894253607,0.0,0.3125,0.203125
1375600,408.68486063420033,0.0,0.375,0.296875
1375700,411.1974328962353,0.0,0.25,0.234375
1375800,412.61889963240907,0.0,0.3125,0.28125
1375900,414.1557217592816,0.0,0.375,0.375
1376000,415.1411851335038,0.0,0.375,0.3125
1376100,416.55857223037157,0.0,0.375,0.265625
1376200,418.05435798472547,0.0,0.4375,0.34375
1376300,419.01529065075795,0.0,0.4375,0.3125
1376400,419.555614317454,0.0,0.375,0.375
1376500,420.311166830945,0.0,0.375,0.375
1376600,421.0505392939431,0.0,0.3125,0.265625
1376700,421.4697361546606,0.0,0.4375,0.28125
1376800,422.50139738953993,0.0,0.375,0.3125
1376900,423.16585531131904,0.0,0.4375,0.359375
1377000,423.7267527451172,0.0,0.5,0.328125
1377100,424.2683427172003,0.0,0.3125,0.265625
1377200,424.9434587344675,0.0,0.3125,0.234375
1377300,425.39078763325597,0.0,0.375,0.375
1377400,425.74956675932305,0.0,0.25,0.34375
1377500,426.3503695233519,0.0,0.4375,0.328125
1377600,426.64641379139454,0.0,0.4375,0.21875
1377700,427.03820113927924,0.0,0.3125,0.203125
1377800,427.35856132168146,0.0,0.1875,0.171875
1377900,427.68705880779396,0.0,0.375,0.28125
1378000,428.1746119144393,0.0,0.375,0.25
1378100,428.4932778106002,0.0,0.4375,0.375
1378200,429.08626782242635,0.0,0.4375,0.328125
1378300,429.4252128359663,0.0,0.25,0.3125
1378400,429.793804920065,0.0,0.4375,0.203125
1378500,430.0038178656061,0.0,0.375,0.265625
1378600,430.31422451329786,0.0,0.25,0.28125
1378700,430.59451577112816,0.0,0.25,0.09375
1378800,430.8572677223493,0.0,0.4375,0.34375
1378900,431.2175373401242,0.0,0.5,0.34375
1379000,431.3836301767987,0.0,0.4375,0.265625
1379100,431.6414034549539,0.0,0.4375,0.296875
1379200,431.9556350165945,0.0,0.375,0.25
1379300,432.32647069750396,0.0,0.3125,0.234375
1379400,432.46154044161744,0.0,0.375,0.21875
1379500,432.70267465463473,0.0,0.3125,0.203125
1379600,432.85270214799067,0.0,0.375,0.3125
1379700,433.274835018512,0.0,0.4375,0.25
1379800,433.54037603159526,0.0,0.3125,0.3125
1379900,433.7441929098233,0.0,0.4375,0.296875
1380000,433.93681924648257,0.0,0.5,0.328125
1380100,434.1079456480698,0.0,0.375,0.3125
1380200,434.253246739881,0.0,0.3125,0.328125
1380300,434.4717369808015,0.0,0.375,0.296875
1380400,434.88389971901427,0.0,0.375,0.296875
1380500,435.00983157358525,0.0,0.375,0.265625
1380600,435.40613538000525,0.0,0.4375,0.234375
1380700,435.59255413924365,0.0,0.3125,0.28125
1380800,435.85440049357317,0.0,0.375,0.21875
1380900,436.1184101345873,0.0,0.375,0.265625
1381000,436.2671565888436,0.0,0.375,0.25
1381100,436.4252274017244,0.0,0.375,0.203125
1381200,436.64909755714655,0.0,0.3125,0.140625
1381300,436.854284027674,0.0,0.25,0.21875
1381400,437.07070170515993,0.0,0.25,0.15625
1381500,437.36052923709303,0.0,0.4375,0.28125
1381600,437.49561644603455,0.0,0.4375,0.265625
1381700,437.6599729184715,0.0,0.3125,0.265625
1381800,437.79787856358786,0.0,0.4375,0.359375
1381900,437.9300964846072,0.0,0.375,0.28125
1382000,438.16206329608553,0.0,0.3125,0.296875
1382100,438.45979682618645,0.0,0.4375,0.296875
1382200,438.51060187249755,0.0,0.3125,0.203125
1382300,438.68403918139444,0.0,0.375,0.265625
1382400,438.860759593426,0.0,0.375,0.28125
1382500,439.0223848095611,0.0,0.375,0.265625
1382600,439.09099124310364,0.0,0.375,0.234375
1382700,439.1778260803145,0.0,0.375,0.296875
1382800,439.2986875059095,0.0,0.3125,0.265625
1382900,439.4495166697078,0.0,0.3125,0.234375
1383000,439.4811270131735,0.0,0.375,0.234375
1383100,439.60594922501235,0.0,0.4375,0.203125
1383200,439.74638814547353,0.0,0.375,0.328125
1383300,439.8129241357639,0.0,0.375,0.296875
1383400,439.9002913712928,0.0,0.4375,0.328125
1383500,440.0389348511028,0.0,0.4375,0.296875
1383600,440.09239871413905,0.0,0.4375,0.265625
1383700,440.14753052058694,0.0,0.4375,0.28125
1383800,440.2134164775107,0.0,0.4375,0.25
1383900,440.27238511344876,0.0,0.375,0.25
1384000,440.3569414758773,0.0,0.4375,0.28125
1384100,440.42690140716473,0.0,0.1875,0.21875
1384200,440.5469917036313,0.0,0.5,0.25
1384300,440.58170078988553,0.0,0.4375,0.359375
1384400,440.7356549320526,0.0,0.375,0.25
1384500,440.7605620205864,0.0,0.3125,0.21875
1384600,440.78323091035105,0.0,0.375,0.328125
1384700,440.9202772939147,0.0,0.4375,0.34375
1384800,440.99540283455224,0.0,0.375,0.390625
1384900,441.0849305763544,0.0,0.25,0.125
1385000,441.30338957276746,0.0,0.4375,0.28125
1385100,441.5014014479994,0.0,0.4375,0.1875
1385200,441.58370040668166,0.0,0.375,0.3125
1385300,441.6335154440919,0.0,0.375,0.234375
1385400,441.71672928497014,0.0,0.375,0.3125
1385500,441.75923848125814,0.0,0.4375,0.25
1385600,441.8310858484308,0.0,0.375,0.265625
1385700,441.87400552192196,0.0,0.4375,0.234375
1385800,441.94833521629363,0.0,0.3125,0.265625
1385900,442.05090510212756,0.0,0.4375,0.234375
1386000,442.12420204219575,0.0,0.4375,0.265625
1386100,442.20418133187184,0.0,0.375,0.34375
1386200,442.305439596033,0.0,0.375,0.28125
1386300,442.33088295378354,0.0,0.25,0.234375
1386400,442.36428970253155,0.0,0.375,0.28125
1386500,442.49578507356415,0.0,0.25,0.25
1386600,442.563382210794,0.0,0.375,0.3125
1386700,442.6703059520778,0.0,0.3125,0.234375
1386800,442.70317866817607,0.0,0.3125,0.1875
1386900,442.74444343975347,0.0,0.4375,0.34375
1387000,442.80660156510754,0.0,0.375,0.25
1387100,442.83365852662797,0.0,0.375,0.234375
1387200,442.87819615074164,0.0,0.375,0.328125
1387300,442.9300551734626,0.0,0.5,0.25
1387400,443.02538909148757,0.0,0.375,0.265625
1387500,443.0622509950677,0.0,0.3125,0.21875
1387600,443.07396410876584,0.0,0.3125,0.296875
1387700,443.09385496606944,0.0,0.375,0.296875
1387800,443.1445489240399,0.0,0.375,0.25
1387900,443.19839016738763,0.0,0.5,0.296875
1388000,443.2161857735004,0.0,0.4375,0.28125
1388100,443.2783758342622,0.0,0.4375,0.359375
1388200,443.29805853970396,0.0,0.4375,0.265625
1388300,443.3224242293228,0.0,0.4375,0.21875
1388400,443.4890809429705,0.0,0.375,0.21875
1388500,443.53137181183547,0.0,0.4375,0.390625
1388600,443.5648914257839,0.0,0.3125,0.1875
1388700,443.7486929102573,0.0,0.375,0.234375
1388800,443.82819045352016,0.0,0.3125,0.34375
1388900,443.88645946713063,0.0,0.375,0.359375
1389000,443.93206580464056,0.0,0.375,0.265625
1389100,444.02628739618234,0.0,0.375,0.234375
1389200,444.16102940073904,0.0,0.375,0.296875
1389300,444.1810388422635,0.0,0.375,0.3125
1389400,444.24579227958594,0.0,0.5,0.359375
1389500,444.26996905732386,0.0,0.4375,0.25
1389600,444.2983660256956,0.0,0.375,0.140625
1389700,444.37243112371107,0.0,0.4375,0.328125
1389800,444.45354352290735,0.0,0.3125,0.234375
1389900,444.54195164440796,0.0,0.4375,0.28125
1390000,444.54986328319086,0.0,0.375,0.328125
1390100,444.66884390967283,0.0,0.25,0.21875
1390200,444.6836779493827,0.0,0.3125,0.234375
1390300,444.7090658620567,0.0,0.375,0.25
1390400,444.723430955442,0.0,0.3125,0.21875
1390500,444.85630766068243,0.0,0.4375,0.375
1390600,444.87649180130154,0.0,0.375,0.25
1390700,444.9063172755749,0.0,0.4375,0.234375
1390800,444.9707253521299,0.0,0.3125,0.171875
1390900,444.9923678842563,0.0,0.5,0.375
1391000,445.0368380766655,0.0,0.3125,0.3125
1391100,445.12625579368154,0.0,0.375,0.359375
1391200,445.1393371138627,0.0,0.4375,0.390625
1391300,445.22678305784126,0.0,0.375,0.3125
1391400,445.3041413794476,0.0,0.3125,0.296875
1391500,445.441135624512,0.0,0.375,0.21875
1391600,445.48836257836587,0.0,0.4375,0.265625
1391700,445.6035048870012,0.0,0.4375,0.28125
1391800,445.6505186663172,0.0,0.375,0.28125
1391900,445.7090626756958,0.0,0.375,0.296875
1392000,445.75041068875566,0.0,0.5,0.328125
1392100,445.7761493629464,0.0,0.5,0.375
1392200,445.82353146138115,0.0,0.375,0.296875
1392300,445.86719934931375,0.0,0.4375,0.3125
1392400,445.93369045822186,0.0,0.375,0.265625
1392500,445.9701196646107,0.0,0.4375,0.25
1392600,445.99607864375133,0.0,0.4375,0.40625
1392700,446.0390603635213,0.0,0.4375,0.21875
1392800,446.0547012737016,0.0,0.375,0.21875
1392900,446.21865977337285,0.0,0.375,0.265625
1393000,446.2525713149087,0.0,0.375,0.21875
1393100,446.4402888040574,0.0,0.3125,0.203125
1393200,446.4634103609244,0.0,0.375,0.328125
1393300,446.52875014561465,0.0,0.375,0.234375
1393400,446.5998636466593,0.0,0.4375,0.15625
1393500,446.6407629973732,0.0,0.375,0.265625
1393600,446.72901202212086,0.0,0.5,0.3125
1393700,446.81801446906104,0.0,0.375,0.359375
1393800,446.85405270723123,0.0,0.1875,0.15625
1393900,446.9797598584225,0.0,0.3125,0.28125
1394000,447.06623416364033,0.0,0.375,0.296875
1394100,447.08434427943695,0.0,0.3125,0.265625
1394200,447.114303312592,0.0,0.5,0.265625
1394300,447.21447991585234,0.0,0.375,0.265625
1394400,447.2473174618006,0.0,0.25,0.234375
1394500,447.3105886104442,0.0,0.375,0.296875
1394600,447.33417551114405,0.0,0.3125,0.421875
1394700,447.3906305922198,0.0,0.3125,0.390625
1394800,447.47309996938674,0.0,0.375,0.265625
1394900,447.56739261806,0.0,0.3125,0.265625
1395000,447.66277225289906,0.0,0.375,0.21875
1395100,447.6889368759081,0.0,0.3125,0.3125
1395200,447.7371572397274,0.0,0.4375,0.3125
1395300,447.7458108514057,0.0,0.3125,0.359375
1395400,447.7920033775896,0.0,0.4375,0.328125
1395500,447.82323393787385,0.0,0.375,0.328125
1395600,447.83368305735684,0.0,0.3125,0.328125
1395700,447.87294124222996,0.0,0.375,0.3125
1395800,447.879576659074,0.0,0.4375,0.3125
1395900,447.92290138636616,0.0,0.3125,0.265625
1396000,447.96036229983736,0.0,0.4375,0.328125
1396100,448.0075728545463,0.0,0.4375,0.390625
1396200,448.0155064265102,0.0,0.25,0.296875
1396300,448.0942058959537,0.0,0.375,0.390625
1396400,448.1308725690778,0.0,0.3125,0.3125
1396500,448.17315766184936,0.0,0.5,0.234375
1396600,448.20811043367667,0.0,0.375,0.34375
1396700,448.2631872142798,0.0,0.4375,0.203125
1396800,448.3270216682549,0.0,0.3125,0.265625
1396900,448.4332479656009,0.0,0.3125,0.28125
1397000,448.483366225356,0.0,0.3125,0.234375
1397100,448.5252338301168,0.0,0.3125,0.28125
1397200,448.64507052626755,0.0,0.3125,0.25
1397300,448.687256796467,0.0,0.375,0.296875
1397400,448.7214714819901,0.0,0.3125,0.234375
1397500,448.7292914776995,0.0,0.3125,0.28125
1397600,448.73661391437844,0.0,0.375,0.3125
1397700,448.81368973439083,0.0,0.25,0.25
1397800,448.8351229338981,0.0,0.3125,0.34375
1397900,448.86006081083326,0.0,0.4375,0.265625
1398000,448.8758571368276,0.0,0.25,0.25
1398100,448.92235852009185,0.0,0.4375,0.25
1398200,448.95824750819486,0.0,0.3125,0.265625
1398300,449.03404914353615,0.0,0.375,0.328125
1398400,449.04616413334077,0.0,0.3125,0.328125
1398500,449.0605323556955,0.0,0.3125,0.375
1398600,449.0817287262389,0.0,0.3125,0.265625
1398700,449.1409992112603,0.0,0.5,0.28125
1398800,449.20677937173963,0.0,0.4375,0.328125
1398900,449.2512761693649,0.0,0.5,0.296875
1399000,449.3087724910001,0.0,0.375,0.375
1399100,449.3407956101906,0.0,0.4375,0.296875
1399200,449.37043451200236,0.0,0.3125,0.3125
1399300,449.4041243674652,0.0,0.3125,0.1875
1399400,449.453607274454,0.0,0.375,0.359375
1399500,449.5177535946984,0.0,0.375,0.296875
1399600,449.576398204538,0.0,0.4375,0.34375
1399700,449.60979300957,0.0,0.25,0.21875
1399800,449.6377611998784,0.0,0.4375,0.328125
1399900,449.65489663036414,0.0,0.375,0.40625
1400000,238.27344808009508,0.0,0.5,0.328125
1400100,238.5887267855362,0.0,0.375,0.375
1400200,238.88297872904062,0.0,0.4375,0.328125
1400300,239.20128302021848,0.0,0.3125,0.265625
1400400,239.72877921783729,0.0,0.375,0.328125
1400500,240.29471507053995,0.0,0.4375,0.34375
1400600,240.70129419902224,0.0,0.375,0.3125
1400700,241.11422563026719,0.0,0.4375,0.328125
1400800,241.71239426043567,0.0,0.3125,0.203125
1400900,242.34259780809322,0.0,0.375,0.34375
1401000,243.19203725285178,0.0,0.375,0.359375
1401100,243.83230924300446,0.0,0.3125,0.328125
1401200,245.52002904857565,0.0,0.25,0.203125
1401300,246.92340708583512,0.0,0.5,0.28125
1401400,249.08393081453178,0.0,0.4375,0.3125
1401500,252.73429513335665,0.0,0.375,0.3125
1401600,256.1924923386484,0.0,0.4375,0.296875
1401700,263.2000755434849,0.0,0.5,0.328125
1401800,287.0205229792995,0.0,0.3125,0.359375
1401900,306.5302593756878,0.0,0.5,0.34375
1402000,318.76302474520213,0.0,0.25,0.359375
1402100,326.72850298740826,0.0,0.4375,0.390625
1402200,334.1412247467663,0.0,0.375,0.296875
1402300,337.99049137689923,0.0,0.375,0.28125
1402400,342.8157947601371,0.0,0.375,0.3125
1402500,348.2775842892674,0.0,0.5625,0.296875
1402600,351.877590323844,0.0,0.375,0.34375
1402700,355.61473098288405,0.0,0.375,0.390625
1402800,361.5145010133993,0.0,0.3125,0.203125
1402900,367.6747096550873,0.0,0.375,0.34375
1403000,373.1501348109107,0.0,0.4375,0.359375
1403100,378.6980929715065,0.0,0.4375,0.28125
1403200,385.5414211931436,0.0,0.375,0.375
1403300,391.1332069670881,0.0,0.3125,0.296875
1403400,393.6008245803204,0.0,0.4375,0.265625
1403500,394.3690246420829,0.0,0.375,0.28125
1403600,394.71467676990886,0.0,0.3125,0.203125
1403700,394.99757576191524,0.0,0.3125,0.296875
1403800,395.29853831043783,0.0,0.375,0.328125
1403900,395.5978819521697,0.0,0.4375,0.34375
1404000,395.93126265640575,0.0,0.4375,0.390625
1404100,396.2529019332441,0.0,0.375,0.21875
1404200,396.47709571890357,0.0,0.4375,0.34375
1404300,396.6689040490636,0.0,0.375,0.375
1404400,397.05715136563003,0.0,0.375,0.28125
1404500,397.38965962780054,0.0,0.25,0.28125
1404600,397.5873636840327,0.0,0.4375,0.296875
1404700,397.73676622144706,0.0,0.375,0.28125
1404800,397.97814682177125,0.0,0.3125,0.296875
1404900,398.28689406792137,0.0,0.375,0.3125
1405000,398.5601664451274,0.0,0.3125,0.328125
1405100,398.86820541774296,0.0,0.4375,0.359375
1405200,399.0427233754259,0.0,0.3125,0.296875
1405300,399.18299525867957,0.0,0.4375,0.375
1405400,399.37369482172414,0.0,0.375,0.421875
1405500,399.54941656013517,0.0,0.3125,0.234375
1405600,399.8391020326565,0.0,0.5,0.296875
1405700,400.0870982330776,0.0,0.5,0.390625
1405800,400.3433011674962,0.0,0.5,0.28125
1405900,400.4709675670514,0.0,0.375,0.375
1406000,400.71584725117935,0.0,0.375,0.3125
1406100,400.79733281047606,0.0,0.3125,0.34375
1406200,400.8760810122489,0.0,0.5,0.375
1406300,401.0005530555492,0.0,0.5,0.328125
1406400,401.20454859351116,0.0,0.3125,0.375
1406500,401.3332314318701,0.0,0.3125,0.34375
1406600,401.5042516562354,0.0,0.3125,0.328125
1406700,401.67627565826376,0.0,0.3125,0.234375
1406800,401.8338703578634,0.0,0.3125,0.25
1406900,402.0437036480102,0.0,0.4375,0.359375
1407000,402.25374916327104,0.0,0.3125,0.265625
1407100,402.3145385717883,0.0,0.4375,0.34375
1407200,402.4045920020529,0.0,0.375,0.3125
1407300,402.52229987210825,0.0,0.3125,0.296875
1407400,402.5787904024985,0.0,0.4375,0.375
1407500,402.73415382124284,0.0,0.25,0.3125
1407600,402.86129286295136,0.0,0.4375,0.25
1407700,402.9839221960868,0.0,0.4375,0.375
1407800,403.06279814125463,0.0,0.3125,0.390625
1407900,403.13960681625343,0.0,0.375,0.3125
1408000,403.2882600225666,0.0,0.4375,0.296875
1408100,403.4221231780565,0.0,0.4375,0.46875
1408200,403.52817081822695,0.0,0.4375,0.296875
1408300,403.6206719372208,0.0,0.4375,0.296875
1408400,403.71505803216144,0.0,0.3125,0.234375
1408500,403.8135220314002,0.0,0.375,0.375
1408600,403.9251322757357,0.0,0.5,0.359375
1408700,404.0939408200972,0.0,0.375,0.359375
1408800,404.20700851940285,0.0,0.3125,0.234375
1408900,404.38726035030874,0.0,0.375,0.40625
1409000,404.51756522950905,0.0,0.25,0.3125
1409100,404.60266069533105,0.0,0.375,0.328125
1409200,404.6926609006324,0.0,0.4375,0.40625
1409300,404.75530762899274,0.0,0.4375,0.265625
1409400,404.8640013237407,0.0,0.375,0.25
1409500,405.0518081052475,0.0,0.3125,0.28125
1409600,405.09884463406564,0.0,0.3125,0.40625
1409700,405.1473130360306,0.0,0.25,0.265625
1409800,405.1852607164042,0.0,0.4375,0.25
1409900,405.27972336592177,0.0,0.4375,0.34375
1410000,406.0178809897462,0.0,0.4375,0.296875
1410100,406.079140831609,0.0,0.375,0.328125
1410200,406.109116474212,0.0,0.4375,0.3125
1410300,406.1364244872601,0.0,0.375,0.328125
1410400,406.39482751728207,0.0,0.375,0.359375
1410500,406.4853372536776,0.0,0.375,0.21875
1410600,406.65328193354725,0.0,0.375,0.25
1410700,406.9381239534426,0.0,0.25,0.234375
1410800,406.97826254647447,0.0,0.4375,0.40625
1410900,407.06701305376583,0.0,0.5,0.359375
1411000,407.27045500151485,0.0,0.4375,0.296875
1411100,407.4678905907372,0.0,0.3125,0.28125
1411200,407.62299252508126,0.0,0.375,0.296875
1411300,407.9201054516783,0.0,0.3125,0.28125
1411400,407.966412014436,0.0,0.375,0.3125
1411500,408.0337143125629,0.0,0.4375,0.25
1411600,408.1861323674167,0.0,0.375,0.25
1411700,408.27966639054046,0.0,0.375,0.265625
1411800,408.3113003844653,0.0,0.375,0.28125
1411900,408.35262345962536,0.0,0.4375,0.34375
1412000,408.3743624570784,0.0,0.375,0.296875
1412100,408.40180579273806,0.0,0.5,0.328125
1412200,408.47753437989917,0.0,0.375,0.375
1412300,408.48696584255913,0.0,0.4375,0.34375
1412400,408.5207397696769,0.0,0.375,0.296875
1412500,408.6422893311507,0.0,0.5,0.296875
1412600,408.66086306799656,0.0,0.375,0.3125
1412700,408.6856360726057,0.0,0.5625,0.34375
1412800,408.8966876215095,0.0,0.375,0.25
1412900,409.00600196419816,0.0,0.3125,0.265625
1413000,409.1145179269768,0.0,0.375,0.34375
1413100,409.2298656819802,0.0,0.4375,0.296875
1413200,409.32226781079453,0.0,0.3125,0.3125
1413300,409.37260398877174,0.0,0.3125,0.171875
1413400,409.4505940466008,0.0,0.5,0.34375
1413500,409.56102685200256,0.0,0.3125,0.203125
1413600,409.697640669186,0.0,0.375,0.328125
1413700,409.7774812552568,0.0,0.4375,0.296875
1413800,409.8543782572148,0.0,0.4375,0.296875
1413900,409.8907096958724,0.0,0.375,0.453125
1414000,410.0389718488823,0.0,0.375,0.3125
1414100,410.10004251146,0.0,0.4375,0.296875
1414200,410.2088075685604,0.0,0.375,0.28125
1414300,410.28792530658063,0.0,0.4375,0.3125
1414400,410.4395160948368,0.0,0.375,0.21875
1414500,410.5692983093901,0.0,0.375,0.28125
1414600,410.67943196552176,0.0,0.5,0.265625
1414700,410.818920814888,0.0,0.375,0.25
1414800,410.86850770454646,0.0,0.4375,0.3125
1414900,410.93259888896154,0.0,0.375,0.265625
1415000,411.07657342579444,0.0,0.375,0.453125
1415100,411.1194233282728,0.0,0.375,0.203125
1415200,411.177457029651,0.0,0.4375,0.421875
1415300,411.2779000356188,0.0,0.4375,0.234375
1415400,411.3720073971921,0.0,0.375,0.390625
1415500,411.52389368797265,0.0,0.3125,0.25
1415600,411.57711310632686,0.0,0.4375,0.28125
1415700,411.6626984676633,0.0,0.375,0.3125
1415800,411.6879033400217,0.0,0.3125,0.3125
1415900,411.7496596956486,0.0,0.3125,0.21875
1416000,411.82233988871616,0.0,0.4375,0.296875
1416100,411.92730816152107,0.0,0.4375,0.375
1416200,412.0204960668684,0.0,0.375,0.28125
1416300,412.1089717399985,0.0,0.4375,0.34375
1416400,412.2222015103382,0.0,0.375,0.359375
1416500,412.3724794542953,0.0,0.5,0.265625
1416600,412.4425801389821,0.0,0.4375,0.265625
1416700,412.5578418514797,0.0,0.375,0.34375
1416800,412.58570778153177,0.0,0.375,0.234375
1416900,412.67687127626704,0.0,0.4375,0.359375
1417000,412.71052437230946,0.0,0.4375,0.265625
1417100,412.77747265687213,0.0,0.375,0.296875
1417200,412.92148698004695,0.0,0.4375,0.265625
1417300,412.9864264515702,0.0,0.4375,0.28125
1417400,413.1696198847976,0.0,0.25,0.234375
1417500,413.2804992077566,0.0,0.5,0.3125
1417600,413.30096783267686,0.0,0.4375,0.265625
1417700,413.4318555373819,0.0,0.375,0.296875
1417800,413.51773263832666,0.0,0.375,0.265625
1417900,413.54649827274466,0.0,0.3125,0.1875
1418000,413.58314069251367,0.0,0.3125,0.265625
1418100,413.59398345997,0.0,0.3125,0.25
1418200,413.65881376136247,0.0,0.375,0.296875
1418300,413.68603327102795,0.0,0.25,0.21875
1418400,413.778568597153,0.0,0.375,0.21875
1418500,413.8556635886031,0.0,0.4375,0.25
1418600,413.8810375746792,0.0,0.5,0.34375
1418700,413.9264403178771,0.0,0.375,0.21875
1418800,413.94360710649016,0.0,0.375,0.234375
1418900,413.99551467338637,0.0,0.375,0.21875
1419000,414.07823321674385,0.0,0.5,0.25
1419100,414.1237225689395,0.0,0.4375,0.265625
1419200,414.1652042501159,0.0,0.4375,0.390625
1419300,414.19207940126154,0.0,0.3125,0.3125
1419400,414.22631318986106,0.0,0.4375,0.28125
1419500,414.25944333629064,0.0,0.4375,0.4375
1419600,414.31074913233317,0.0,0.4375,0.21875
1419700,414.3618846695809,0.0,0.4375,0.296875
1419800,414.4476877647143,0.0,0.3125,0.234375
1419900,414.6219001210012,0.0,0.4375,0.21875
1420000,414.7567332803841,0.0,0.3125,0.375
1420100,414.8514552917517,0.0,0.375,0.390625
1420200,414.94213155241556,0.0,0.375,0.375
1420300,414.9818637028225,0.0,0.4375,0.3125
1420400,415.0586183915703,0.0,0.4375,0.296875
1420500,415.1410995273119,0.0,0.3125,0.296875
1420600,415.1998025380822,0.0,0.375,0.296875
1420700,415.2489319781615,0.0,0.3125,0.296875
1420800,415.2860179430616,0.0,0.5,0.265625
1420900,415.397423560858,0.0,0.3125,0.265625
1421000,415.52848551170456,0.0,0.375,0.3125
1421100,415.54106209201035,0.0,0.4375,0.265625
1421200,415.65574332363076,0.0,0.5,0.328125
1421300,415.6816426269161,0.0,0.3125,0.1875
1421400,415.77800975327204,0.0,0.375,0.296875
1421500,415.9330326040886,0.0,0.3125,0.34375
1421600,416.0201041857087,0.0,0.4375,0.25
1421700,416.1233713895571,0.0,0.375,0.265625
1421800,416.19787549281267,0.0,0.4375,0.296875
1421900,416.22704388207285,0.0,0.4375,0.296875
1422000,416.291992072286,0.0,0.4375,0.296875
1422100,416.3490814815887,0.0,0.3125,0.265625
1422200,416.3936755822354,0.0,0.4375,0.375
1422300,416.533052264727,0.0,0.5,0.265625
1422400,416.60219796499973,0.0,0.5,0.265625
1422500,416.6394322922458,0.0,0.375,0.28125
1422600,416.70203887871304,0.0,0.3125,0.328125
1422700,416.79329827074355,0.0,0.3125,0.296875
1422800,416.93264645663976,0.0,0.5,0.3125
1422900,417.05671676496786,0.0,0.5625,0.34375
1423000,417.2239723053105,0.0,0.375,0.25
1423100,417.37776860467096,0.0,0.5,0.375
1423200,417.40225107329394,0.0,0.4375,0.296875
1423300,417.45349716926717,0.0,0.375,0.3125
1423400,417.4912422377077,0.0,0.3125,0.265625
1423500,417.49676291808925,0.0,0.4375,0.28125
1423600,417.6286152077491,0.0,0.5,0.390625
1423700,417.9064263517604,0.0,0.375,0.28125
1423800,418.05201864305894,0.0,0.375,0.25
1423900,418.15214125916583,0.0,0.3125,0.3125
1424000,418.2379982142335,0.0,0.5,0.328125
1424100,418.3361306823013,0.0,0.25,0.1875
1424200,418.4439215268351,0.0,0.375,0.328125
1424300,418.51892705464684,0.0,0.4375,0.328125
1424400,418.6122883938692,0.0,0.25,0.21875
1424500,418.7790776490779,0.0,0.3125,0.21875
1424600,418.85388873046276,0.0,0.375,0.40625
1424700,418.9343811179177,0.0,0.25,0.296875
1424800,418.94302682659435,0.0,0.4375,0.3125
1424900,419.03643156277377,0.0,0.375,0.25
1425000,297.1057783527173,0.0,0.375,0.28125
1425100,301.31540129927066,0.0,0.5,0.25
1425200,303.78710216962094,0.0,0.375,0.25
1425300,305.45693187004747,0.0,0.3125,0.21875
1425400,306.68915095444214,0.0,0.375,0.25
1425500,307.8237755042427,0.0,0.375,0.265625
1425600,308.96093346107176,0.0,0.3125,0.21875
1425700,309.87127749609016,0.0,0.375,0.203125
1425800,310.83821238383615,0.0,0.3125,0.296875
1425900,311.3930142208167,0.0,0.3125,0.25
1426000,311.9189709019746,0.0,0.375,0.3125
1426100,312.923542598183,0.0,0.375,0.265625
1426200,313.79918711449454,0.0,0.3125,0.328125
1426300,314.27322368882136,0.0,0.3125,0.234375
1426400,314.9956479923968,0.0,0.3125,0.25
1426500,315.59227527407523,0.0,0.3125,0.25
1426600,316.31915163498957,0.0,0.4375,0.328125
1426700,316.83172069299167,0.0,0.3125,0.203125
1426800,317.40881125626777,0.0,0.375,0.203125
1426900,317.8478095337556,0.0,0.4375,0.25
1427000,318.27766706171064,0.0,0.25,0.21875
1427100,318.58604838002714,0.0,0.3125,0.203125
1427200,319.0578473229877,0.0,0.375,0.34375
1427300,319.5530433181078,0.0,0.375,0.25
1427400,319.9856709333578,0.0,0.3125,0.203125
1427500,320.39531115283904,0.0,0.375,0.28125
1427600,320.9723972666941,0.0,0.375,0.21875
1427700,321.50469147333627,0.0,0.3125,0.21875
1427800,321.9402028960589,0.0,0.375,0.234375
1427900,322.52449233447595,0.0,0.5,0.296875
1428000,323.35220228600747,0.0,0.375,0.265625
1428100,323.80222762968947,0.0,0.3125,0.296875
1428200,324.2960535020428,0.0,0.3125,0.234375
1428300,324.86059380686424,0.0,0.3125,0.234375
1428400,325.2957246279324,0.0,0.3125,0.28125
1428500,325.7934545997566,0.0,0.4375,0.375
1428600,326.3908435763616,0.0,0.3125,0.21875
1428700,327.0188224424578,0.0,0.375,0.28125
1428800,327.5634360248128,0.0,0.4375,0.328125
1428900,328.0806842969837,0.0,0.375,0.328125
1429000,328.5020348526825,0.0,0.375,0.203125
1429100,329.2023341944951,0.0,0.375,0.234375
1429200,329.8708050505913,0.0,0.375,0.265625
1429300,330.7205577153884,0.0,0.3125,0.25
1429400,331.91532807481616,0.0,0.375,0.3125
1429500,332.519716435241,0.0,0.375,0.25
1429600,333.33164078312683,0.0,0.5,0.234375
1429700,334.41292366173394,0.0,0.375,0.296875
1429800,336.09185405491075,0.0,0.5,0.28125
1429900,338.0747051036166,0.0,0.375,0.296875
1430000,341.3052929969537,0.0,0.4375,0.328125
1430100,344.3196418294604,0.0,0.3125,0.296875
1430200,348.3564487781079,0.0,0.375,0.25
1430300,353.1216924999484,0.0,0.375,0.328125
1430400,358.6114351559457,0.0,0.375,0.21875
1430500,361.72313054900405,0.0,0.5,0.25
1430600,365.42151948630794,0.0,0.3125,0.3125
1430700,367.39334189535913,0.0,0.4375,0.328125
1430800,369.0109116943822,0.0,0.3125,0.265625
1430900,370.3728676013438,0.0,0.3125,0.265625
1431000,371.79579383341377,0.0,0.375,0.3125
1431100,373.03686585129344,0.0,0.3125,0.28125
1431200,374.5441182485726,0.0,0.4375,0.34375
1431300,375.7115832848015,0.0,0.375,0.359375
1431400,376.5209566702871,0.0,0.375,0.28125
1431500,377.451646398526,0.0,0.4375,0.265625
1431600,378.47348543709495,0.0,0.375,0.3125
1431700,379.80027273255394,0.0,0.375,0.328125
1431800,381.3445615647284,0.0,0.3125,0.28125
1431900,383.0626686147735,0.0,0.3125,0.3125
1432000,384.2524620192052,0.0,0.3125,0.296875
1432100,385.2226799097572,0.0,0.3125,0.328125
1432200,385.9964338138188,0.0,0.375,0.265625
1432300,387.1653897983095,0.0,0.375,0.34375
1432400,388.0433308985313,0.0,0.5,0.421875
1432500,388.78643933880755,0.0,0.4375,0.375
1432600,389.38495706183323,0.0,0.25,0.21875
1432700,389.94774377190015,0.0,0.3125,0.28125
1432800,390.63160544424557,0.0,0.4375,0.265625
1432900,391.21327402460304,0.0,0.25,0.3125
1433000,391.7892037052541,0.0,0.4375,0.28125
1433100,392.52778932405965,0.0,0.375,0.265625
1433200,392.88747442300183,0.0,0.25,0.28125
1433300,393.52194490121985,0.0,0.25,0.203125
1433400,394.0163669604443,0.0,0.3125,0.28125
1433500,394.44191656599537,0.0,0.3125,0.28125
1433600,395.0183266332059,0.0,0.3125,0.3125
1433700,395.31528688044233,0.0,0.375,0.265625
1433800,395.79664061496607,0.0,0.375,0.25
1433900,396.0875936184224,0.0,0.3125,0.359375
1434000,396.61142095720646,0.0,0.4375,0.4375
1434100,397.051154987787,0.0,0.3125,0.265625
1434200,397.49408470986054,0.0,0.3125,0.28125
1434300,398.17528839311217,0.0,0.3125,0.265625
1434400,398.68367970638434,0.0,0.375,0.296875
1434500,399.35902279298307,0.0,0.5,0.359375
1434600,399.6706369555018,0.0,0.375,0.34375
1434700,400.11428451975945,0.0,0.4375,0.296875
1434800,400.4988563337319,0.0,0.3125,0.1875
1434900,400.95599911812496,0.0,0.3125,0.1875
1435000,401.4171628908987,0.0,0.375,0.265625
1435100,401.64664697993976,0.0,0.3125,0.234375
1435200,401.9159651784879,0.0,0.4375,0.21875
1435300,402.3616301061635,0.0,0.3125,0.203125
1435400,402.68820455245003,0.0,0.5625,0.328125
1435500,402.96765377387055,0.0,0.4375,0.328125
1435600,403.1444144299458,0.0,0.25,0.234375
1435700,403.52451155251265,0.0,0.3125,0.21875
1435800,403.7220712281799,0.0,0.4375,0.265625
1435900,403.97373684507215,0.0,0.4375,0.25
1436000,404.28902683618037,0.0,0.3125,0.328125
1436100,404.4330360858654,0.0,0.375,0.28125
1436200,404.8073653291574,0.0,0.375,0.296875
1436300,404.92222664795213,0.0,0.4375,0.28125
1436400,405.28910319877957,0.0,0.375,0.296875
1436500,405.55610345430426,0.0,0.4375,0.328125
1436600,405.8560924278728,0.0,0.3125,0.28125
1436700,406.0390876725748,0.0,0.375,0.3125
1436800,406.2999661111324,0.0,0.4375,0.359375
1436900,406.4333524406626,0.0,0.375,0.21875
1437000,406.5665779655345,0.0,0.4375,0.453125
1437100,406.72571741790705,0.0,0.3125,0.34375
1437200,407.04981277101365,0.0,0.375,0.3125
1437300,407.46010965204925,0.0,0.4375,0.390625
1437400,407.7271703769135,0.0,0.3125,0.265625
1437500,408.0756438853392,0.0,0.25,0.15625
1437600,408.2095185918003,0.0,0.375,0.3125
1437700,408.35541587652386,0.0,0.4375,0.328125
1437800,408.44461041856215,0.0,0.4375,0.28125
1437900,408.63302805936826,0.0,0.375,0.3125
1438000,408.7927156857764,0.0,0.4375,0.296875
1438100,408.9389964274904,0.0,0.375,0.25
1438200,409.0302847130215,0.0,0.3125,0.390625
1438300,409.2282733242689,0.0,0.4375,0.328125
1438400,409.3597994843796,0.0,0.3125,0.359375
1438500,409.46052132217994,0.0,0.375,0.34375
1438600,409.53210333259455,0.0,0.25,0.203125
1438700,409.87022272794786,0.0,0.3125,0.28125
1438800,410.1073211488156,0.0,0.375,0.3125
1438900,410.17553137134934,0.0,0.375,0.359375
1439000,410.4612050463445,0.0,0.4375,0.296875
1439100,410.6342981779377,0.0,0.3125,0.203125
1439200,410.8839743956141,0.0,0.25,0.265625
1439300,411.00935886477953,0.0,0.375,0.21875
1439400,411.314109106692,0.0,0.375,0.3125
1439500,411.56481148935427,0.0,0.3125,0.21875
1439600,411.8201260589053,0.0,0.4375,0.28125
1439700,411.9970505960907,0.0,0.4375,0.359375
1439800,412.22544617666426,0.0,0.5,0.265625
1439900,412.43094690290013,0.0,0.4375,0.234375
1440000,412.50948298782237,0.0,0.4375,0.203125
1440100,412.60431233995087,0.0,0.4375,0.296875
1440200,412.712129057128,0.0,0.4375,0.390625
1440300,412.9630983220137,0.0,0.3125,0.21875
1440400,413.05942997037187,0.0,0.3125,0.3125
1440500,413.28623102849906,0.0,0.375,0.359375
1440600,413.4537633509908,0.0,0.3125,0.28125
1440700,413.6508084995542,0.0,0.4375,0.40625
1440800,413.8077431882724,0.0,0.375,0.328125
1440900,413.92399844708905,0.0,0.4375,0.3125
1441000,414.08643229017133,0.0,0.375,0.3125
1441100,414.3664254847149,0.0,0.4375,0.328125
1441200,414.4659911591186,0.0,0.375,0.296875
1441300,414.5783609600889,0.0,0.375,0.359375
1441400,414.72993546019165,0.0,0.4375,0.265625
1441500,414.90091429896955,0.0,0.375,0.328125
1441600,415.0595349305864,0.0,0.375,0.328125
1441700,415.3201114092922,0.0,0.375,0.359375
1441800,415.4789928566399,0.0,0.3125,0.28125
1441900,415.74921328623077,0.0,0.375,0.328125
1442000,415.99838901327104,0.0,0.3125,0.1875
1442100,416.4242545630359,0.0,0.375,0.390625
1442200,416.5794762062182,0.0,0.3125,0.265625
1442300,416.69586769306494,0.0,0.3125,0.390625
1442400,416.8489264817368,0.0,0.4375,0.34375
1442500,417.23237327136826,0.0,0.4375,0.296875
1442600,417.40817753972755,0.0,0.4375,0.28125
1442700,417.75244644871515,0.0,0.375,0.3125
1442800,417.94303440858437,0.0,0.375,0.296875
1442900,418.0501975631391,0.0,0.375,0.40625
1443000,418.194994394233,0.0,0.4375,0.359375
1443100,418.3592492267508,0.0,0.375,0.28125
1443200,418.510070316419,0.0,0.375,0.3125
1443300,418.629739021048,0.0,0.375,0.3125
1443400,418.8074762156888,0.0,0.3125,0.25
1443500,419.04915941547796,0.0,0.1875,0.1875
1443600,419.2444585799305,0.0,0.3125,0.265625
1443700,419.5166901765016,0.0,0.375,0.359375
1443800,419.6776653370811,0.0,0.3125,0.234375
1443900,419.9289529673745,0.0,0.4375,0.28125
1444000,420.1380080703081,0.0,0.3125,0.203125
1444100,420.29003735556364,0.0,0.4375,0.34375
1444200,420.37561851026953,0.0,0.5,0.328125
1444300,420.4778139789137,0.0,0.25,0.328125
1444400,420.6480254427323,0.0,0.3125,0.21875
1444500,420.77833336557404,0.0,0.4375,0.28125
1444600,421.0058175256016,0.0,0.3125,0.28125
1444700,421.20502439384126,0.0,0.4375,0.28125
1444800,421.29389370501053,0.0,0.375,0.359375
1444900,421.50501184645407,0.0,0.375,0.328125
1445000,421.6392693007061,0.0,0.375,0.328125
1445100,421.85288376040756,0.0,0.3125,0.3125
1445200,422.0662941840918,0.0,0.375,0.3125
1445300,422.2155147689965,0.0,0.375,0.296875
1445400,422.3802802217033,0.0,0.375,0.28125
1445500,422.5286127333966,0.0,0.375,0.296875
1445600,422.7055848696883,0.0,0.4375,0.265625
1445700,422.83699624801693,0.0,0.375,0.28125
1445800,422.95239957712533,0.0,0.375,0.3125
1445900,423.1289093221772,0.0,0.3125,0.21875
1446000,423.271658330328,0.0,0.375,0.234375
1446100,423.39134397967894,0.0,0.375,0.375
1446200,423.58556213622694,0.0,0.375,0.34375
1446300,423.77771779505093,0.0,0.375,0.21875
1446400,423.99710890380163,0.0,0.3125,0.359375
1446500,424.150801698084,0.0,0.25,0.34375
1446600,424.4725956937847,0.0,0.4375,0.40625
1446700,424.64198511019447,0.0,0.375,0.328125
1446800,424.81262705159935,0.0,0.375,0.328125
1446900,425.16697583394256,0.0,0.375,0.28125
1447000,425.3303712330922,0.0,0.375,0.375
1447100,425.42077070138714,0.0,0.375,0.296875
1447200,425.5727976244659,0.0,0.3125,0.453125
1447300,425.658901810913,0.0,0.375,0.421875
1447400,425.8693577085295,0.0,0.375,0.328125
1447500,425.9730354757394,0.0,0.3125,0.34375
1447600,426.1881301722265,0.0,0.4375,0.296875
1447700,426.33974528807806,0.0,0.4375,0.265625
1447800,426.61829365109116,0.0,0.3125,0.34375
1447900,426.8122398866617,0.0,0.375,0.359375
1448000,426.93096200042874,0.0,0.375,0.375
1448100,427.0106891599628,0.0,0.375,0.28125
1448200,427.1327457818991,0.0,0.375,0.359375
1448300,427.4222502844841,0.0,0.375,0.328125
1448400,427.51953405805614,0.0,0.4375,0.328125
1448500,427.613174594276,0.0,0.4375,0.359375
1448600,427.9219803474412,0.0,0.375,0.21875
1448700,428.0089210428303,0.0,0.4375,0.390625
1448800,428.1131413377554,0.0,0.375,0.359375
1448900,428.2465410874222,0.0,0.375,0.359375
1449000,428.295250966045,0.0,0.4375,0.359375
1449100,428.564735553038,0.0,0.375,0.25
1449200,428.66047201448424,0.0,0.4375,0.3125
1449300,428.7535476832389,0.0,0.4375,0.28125
1449400,429.0092462097693,0.0,0.4375,0.25
1449500,429.186844595408,0.0,0.375,0.203125
1449600,429.2521918445789,0.0,0.375,0.265625
1449700,429.4007551520799,0.0,0.375,0.46875
1449800,429.4225690625493,0.0,0.4375,0.390625
1449900,429.61682491782943,0.0,0.375,0.375
1450000,234.63074907099465,0.0,0.375,0.453125
1450100,235.6342401980025,0.0,0.3125,0.234375
1450200,236.9048745891955,0.0,0.375,0.265625
1450300,238.94745010440602,0.0,0.375,0.328125
1450400,242.50080325329014,0.0,0.375,0.34375
1450500,245.60044052039777,0.0,0.375,0.328125
1450600,247.35118920682754,0.0,0.375,0.34375
1450700,250.16765457395232,0.0,0.375,0.25
1450800,255.34201693053748,0.0,0.4375,0.203125
1450900,260.45352188759733,0.0,0.375,0.453125
1451000,265.81299414429736,0.0,0.3125,0.3125
1451100,277.22243726268664,0.0,0.4375,0.3125
1451200,290.97019058704615,0.0,0.375,0.375
1451300,306.96222270795573,0.0,0.375,0.5
1451400,315.6986588565431,0.0,0.375,0.3125
1451500,320.93585022930193,0.0,0.3125,0.265625
1451600,323.1384302198165,0.0,0.4375,0.390625
1451700,324.7969119565468,0.0,0.375,0.28125
1451800,325.82534401232175,0.0,0.375,0.328125
1451900,326.69084092172807,0.0,0.25,0.28125
1452000,327.11330418467935,0.0,0.3125,0.34375
1452100,327.7231019953739,0.0,0.3125,0.265625
1452200,328.04238748671764,0.0,0.3125,0.265625
1452300,328.4597091003867,0.0,0.3125,0.25
1452400,329.25268284843224,0.0,0.375,0.34375
1452500,329.691869134204,0.0,0.375,0.328125
1452600,330.09835724206164,0.0,0.375,0.359375
1452700,330.8282274896851,0.0,0.375,0.390625
1452800,331.48621684166767,0.0,0.4375,0.328125
1452900,331.8911595856744,0.0,0.4375,0.46875
1453000,332.3861022325779,0.0,0.3125,0.328125
1453100,332.72648435380665,0.0,0.5,0.4375
1453200,333.39672840111143,0.0,0.4375,0.375
1453300,334.01991762354294,0.0,0.375,0.328125
1453400,334.4487356453149,0.0,0.3125,0.25
1453500,335.4137546439006,0.0,0.25,0.25
1453600,335.80875139798684,0.0,0.375,0.265625
1453700,336.54486055746975,0.0,0.5,0.375
1453800,337.54327237531226,0.0,0.4375,0.296875
1453900,338.1374074440937,0.0,0.375,0.390625
1454000,339.28704998688136,0.0,0.375,0.296875
1454100,340.7364300930597,0.0,0.3125,0.3125
1454200,342.88904339340314,0.0,0.3125,0.171875
1454300,346.29204498864914,0.0,0.4375,0.359375
1454400,353.2671959880096,0.0,0.3125,0.28125
1454500,364.6946227951007,0.0,0.375,0.40625
1454600,384.71092479366973,0.0,0.4375,0.265625
1454700,410.7688475285835,0.0,0.5,0.421875
1454800,415.9602375033005,0.0,0.375,0.296875
1454900,417.612303754443,0.0,0.25,0.21875
1455000,418.87781271076153,0.0,0.3125,0.265625
1455100,419.90323645267785,0.0,0.375,0.375
1455200,420.67544258654345,0.0,0.375,0.328125
1455300,421.5395073476305,0.0,0.3125,0.328125
1455400,422.5513061230269,0.0,0.375,0.328125
1455500,422.9839367175187,0.0,0.375,0.375
1455600,423.46550213573465,0.0,0.4375,0.359375
1455700,424.23917472465496,0.0,0.3125,0.203125
1455800,425.1080536525639,0.0,0.375,0.4375
1455900,425.9267547783362,0.0,0.4375,0.328125
1456000,426.7156874265175,0.0,0.3125,0.375
1456100,427.4140659918784,0.0,0.3125,0.34375
1456200,428.221174701121,0.0,0.375,0.421875
1456300,428.83574589527285,0.0,0.375,0.3125
1456400,429.524509623489,0.0,0.25,0.25
1456500,429.74351787091797,0.0,0.4375,0.34375
1456600,430.2612517725281,0.0,0.375,0.328125
1456700,430.97252608021427,0.0,0.3125,0.296875
1456800,431.5193612692015,0.0,0.3125,0.3125
1456900,431.791480308352,0.0,0.3125,0.234375
1457000,432.0121823353786,0.0,0.375,0.296875
1457100,432.47657796839894,0.0,0.3125,0.28125
1457200,432.6714555414412,0.0,0.3125,0.390625
1457300,433.11365508795177,0.0,0.375,0.28125
1457400,433.37506520110605,0.0,0.4375,0.265625
1457500,433.75503779417664,0.0,0.4375,0.28125
1457600,434.07961037122544,0.0,0.375,0.34375
1457700,434.260049386911,0.0,0.5,0.390625
1457800,434.50102402050976,0.0,0.375,0.34375
1457900,434.9114281461679,0.0,0.5,0.34375
1458000,435.1215853592585,0.0,0.375,0.296875
1458100,435.30655788148437,0.0,0.375,0.375
1458200,435.72304017968867,0.0,0.5,0.40625
1458300,436.02748791741294,0.0,0.3125,0.34375
1458400,436.28184269881694,0.0,0.3125,0.328125
1458500,436.5742500775037,0.0,0.375,0.171875
1458600,436.7235703391036,0.0,0.4375,0.234375
1458700,436.8976603726329,0.0,0.4375,0.328125
1458800,437.0659586097169,0.0,0.375,0.265625
1458900,437.35052062782904,0.0,0.375,0.3125
1459000,437.43467258019825,0.0,0.3125,0.34375
1459100,437.56302267027274,0.0,0.375,0.34375
1459200,437.66173891584305,0.0,0.375,0.390625
1459300,437.836371785732,0.0,0.375,0.359375
1459400,437.9289797897096,0.0,0.4375,0.359375
1459500,438.09481589465236,0.0,0.4375,0.3125
1459600,438.3040736933528,0.0,0.375,0.390625
1459700,438.43296619013444,0.0,0.375,0.3125
1459800,438.54274374111844,0.0,0.375,0.3125
1459900,438.71353960690914,0.0,0.375,0.3125
1460000,438.9299815045669,0.0,0.375,0.296875
1460100,439.0671166196234,0.0,0.3125,0.296875
1460200,439.15100337032663,0.0,0.25,0.234375
1460300,439.2959282472125,0.0,0.3125,0.296875
1460400,439.5141833488198,0.0,0.3125,0.28125
1460500,439.66719811734237,0.0,0.375,0.296875
1460600,439.7306780566102,0.0,0.375,0.28125
1460700,439.9275289147685,0.0,0.4375,0.359375
1460800,440.1385693118244,0.0,0.375,0.328125
1460900,440.2338966104686,0.0,0.3125,0.328125
1461000,440.32771738463146,0.0,0.3125,0.265625
1461100,440.37955926939793,0.0,0.4375,0.328125
1461200,440.5601205256015,0.0,0.4375,0.3125
1461300,440.646431365528,0.0,0.3125,0.21875
1461400,440.71633759414425,0.0,0.3125,0.359375
1461500,440.7835038681477,0.0,0.5,0.421875
1461600,440.96043719714623,0.0,0.4375,0.28125
1461700,441.0330698783288,0.0,0.375,0.453125
1461800,441.0674118792713,0.0,0.4375,0.234375
1461900,441.13780191757695,0.0,0.375,0.359375
1462000,441.2033923494901,0.0,0.5,0.375
1462100,441.30244784266625,0.0,0.375,0.328125
1462200,441.45942445032966,0.0,0.4375,0.25
1462300,441.4947811772044,0.0,0.3125,0.359375
1462400,441.6275769862716,0.0,0.3125,0.265625
1462500,441.69298511355004,0.0,0.5,0.328125
1462600,441.81438904868526,0.0,0.4375,0.328125
1462700,441.8320842022462,0.0,0.375,0.40625
1462800,441.96373627257867,0.0,0.375,0.296875
1462900,442.03690181905154,0.0,0.375,0.328125
1463000,442.15824410714595,0.0,0.375,0.34375
1463100,442.19736332795065,0.0,0.375,0.328125
1463200,442.26871178391764,0.0,0.4375,0.375
1463300,442.28499612272986,0.0,0.375,0.25
1463400,442.36297670579575,0.0,0.375,0.328125
1463500,442.5394496194601,0.0,0.3125,0.359375
1463600,442.5912561247379,0.0,0.4375,0.421875
1463700,442.62650735173395,0.0,0.375,0.4375
1463800,442.65880725487733,0.0,0.375,0.234375
1463900,442.7802651781472,0.0,0.3125,0.28125
1464000,442.82437512059226,0.0,0.25,0.296875
1464100,442.9060766071365,0.0,0.375,0.234375
1464200,443.01528510124086,0.0,0.3125,0.375
1464300,443.0409520207402,0.0,0.3125,0.296875
1464400,443.1172478522024,0.0,0.5,0.40625
1464500,443.1686967063008,0.0,0.375,0.359375
1464600,443.2207995430832,0.0,0.375,0.359375
1464700,443.31457167670465,0.0,0.4375,0.421875
1464800,443.3501577609385,0.0,0.4375,0.421875
1464900,443.3668226988546,0.0,0.3125,0.296875
1465000,443.45541588021894,0.0,0.3125,0.3125
1465100,443.4877470818939,0.0,0.4375,0.40625
1465200,443.5031390152728,0.0,0.5,0.40625
1465300,443.53584566402515,0.0,0.375,0.296875
1465400,443.55964244011113,0.0,0.375,0.3125
1465500,443.59259638608467,0.0,0.4375,0.46875
1465600,443.68305536253405,0.0,0.25,0.453125
1465700,443.69646557065437,0.0,0.4375,0.34375
1465800,443.7413433360709,0.0,0.4375,0.359375
1465900,443.7614871528412,0.0,0.375,0.296875
1466000,443.8348824687226,0.0,0.375,0.265625
1466100,443.87894765292094,0.0,0.3125,0.28125
1466200,444.0257487985567,0.0,0.375,0.28125
1466300,444.0850874000786,0.0,0.375,0.375
1466400,444.11611131804847,0.0,0.375,0.3125
1466500,444.1424872221081,0.0,0.3125,0.34375
1466600,444.19591555519105,0.0,0.4375,0.359375
1466700,444.25314848174924,0.0,0.4375,0.359375
1466800,444.2962259462702,0.0,0.4375,0.4375
1466900,444.3639558160669,0.0,0.5,0.359375
1467000,444.4018234601807,0.0,0.5,0.453125
1467100,444.45633771110755,0.0,0.4375,0.40625
1467200,444.51484773136644,0.0,0.4375,0.40625
1467300,444.5516553907435,0.0,0.375,0.3125
1467400,444.5971735626754,0.0,0.375,0.359375
1467500,444.70815523178163,0.0,0.375,0.390625
1467600,444.7631505564818,0.0,0.5,0.34375
1467700,444.8069152561272,0.0,0.5,0.296875
1467800,444.836202616893,0.0,0.5,0.390625
1467900,444.863155532211,0.0,0.375,0.421875
1468000,444.8963735476922,0.0,0.375,0.296875
1468100,444.9157435681976,0.0,0.4375,0.40625
1468200,444.9464513222945,0.0,0.5,0.375
1468300,444.9803473332279,0.0,0.25,0.234375
1468400,445.000953030042,0.0,0.4375,0.359375
1468500,445.04360521653825,0.0,0.4375,0.421875
1468600,445.0947784423804,0.0,0.5,0.3125
1468700,445.20360874332357,0.0,0.375,0.375
1468800,445.22613289051935,0.0,0.375,0.375
1468900,445.25143128173164,0.0,0.5,0.296875
1469000,445.33854853505693,0.0,0.4375,0.390625
1469100,445.36942202654325,0.0,0.5,0.28125
1469200,445.41707700582975,0.0,0.4375,0.34375
1469300,445.48573588977285,0.0,0.3125,0.40625
1469400,445.5413045766486,0.0,0.375,0.375
1469500,445.60297889824835,0.0,0.5625,0.421875
1469600,445.6383395997311,0.0,0.3125,0.3125
1469700,445.70234284872714,0.0,0.3125,0.25
1469800,445.76665634714294,0.0,0.375,0.390625
1469900,445.8166774282194,0.0,0.4375,0.453125
1470000,445.8555858257054,0.0,0.375,0.25
1470100,445.8766639028696,0.0,0.375,0.359375
1470200,445.9265909291696,0.0,0.4375,0.25
1470300,445.95231804161955,0.0,0.375,0.390625
1470400,445.989203239074,0.0,0.375,0.34375
1470500,446.03903367097365,0.0,0.3125,0.34375
1470600,446.12404576694786,0.0,0.375,0.375
1470700,446.158601829792,0.0,0.375,0.359375
1470800,446.17057736957577,0.0,0.375,0.328125
1470900,446.18682093766796,0.0,0.4375,0.421875
1471000,446.2296501827173,0.0,0.4375,0.390625
1471100,446.24878166144964,0.0,0.4375,0.296875
1471200,446.28530818943204,0.0,0.4375,0.390625
1471300,446.32441061733954,0.0,0.4375,0.234375
1471400,446.3781385116716,0.0,0.4375,0.328125
1471500,446.42020687058215,0.0,0.25,0.296875
1471600,446.48782851007195,0.0,0.375,0.359375
1471700,446.51722470060093,0.0,0.4375,0.390625
1471800,446.5673953413887,0.0,0.375,0.328125
1471900,446.6228280935117,0.0,0.375,0.34375
1472000,446.654156919904,0.0,0.4375,0.3125
1472100,446.6793524267318,0.0,0.375,0.375
1472200,446.71402905107817,0.0,0.4375,0.4375
1472300,446.7332781094059,0.0,0.375,0.328125
1472400,446.749095728625,0.0,0.3125,0.265625
1472500,446.7862136655949,0.0,0.4375,0.421875
1472600,446.81266829272283,0.0,0.375,0.34375
1472700,446.8552407990541,0.0,0.375,0.34375
1472800,446.9566796030206,0.0,0.375,0.40625
1472900,446.9829542828323,0.0,0.3125,0.328125
1473000,447.0335683463388,0.0,0.375,0.375
1473100,447.0545347715124,0.0,0.4375,0.40625
1473200,447.099943651471,0.0,0.4375,0.328125
1473300,447.2004538748732,0.0,0.25,0.265625
1473400,447.2805404927668,0.0,0.375,0.328125
1473500,447.30495152217924,0.0,0.375,0.46875
1473600,447.3606574835053,0.0,0.375,0.4375
1473700,447.3939097116317,0.0,0.375,0.40625
1473800,447.45206573594953,0.0,0.375,0.5
1473900,447.47682395664543,0.0,0.25,0.28125
1474000,447.54283793452794,0.0,0.4375,0.296875
1474100,447.5543394217385,0.0,0.375,0.390625
1474200,447.57987344322925,0.0,0.375,0.28125
1474300,447.6093757625829,0.0,0.375,0.40625
1474400,447.64817092330867,0.0,0.25,0.421875
1474500,447.67581530966606,0.0,0.375,0.375
1474600,447.730099816694,0.0,0.4375,0.515625
1474700,447.7492564787968,0.0,0.375,0.390625
1474800,447.7973427399399,0.0,0.375,0.40625
1474900,447.8717364714459,0.0,0.375,0.5
1475000,76.38482119162663,0.0,0.4375,0.328125
1475100,121.60968438431884,0.0,0.375,0.34375
1475200,182.58690348805484,0.0,0.375,0.4375
1475300,194.14661102453502,0.0,0.375,0.34375
1475400,202.40876356501246,0.0,0.4375,0.375
1475500,208.1775527425672,0.0,0.375,0.296875
1475600,219.64869540403714,0.0,0.4375,0.34375
1475700,291.03968271659477,0.0,0.25,0.46875
1475800,344.6346341626743,0.0,0.375,0.390625
1475900,360.6924162573804,0.0,0.3125,0.46875
1476000,372.5520391531692,0.0,0.375,0.46875
1476100,378.76590821139547,0.0,0.4375,0.421875
1476200,385.0416886393228,0.0,0.25,0.3125
1476300,389.0644726718466,0.0,0.4375,0.3125
1476400,392.57572567962507,0.0,0.4375,0.4375
1476500,395.9230512190533,0.0,0.3125,0.328125
1476600,399.66854143260446,0.0,0.375,0.3125
1476700,402.4393555596255,0.0,0.3125,0.375
1476800,405.22617459129964,0.0,0.4375,0.453125
1476900,407.9008946067766,0.0,0.5,0.40625
1477000,410.2704894076555,0.0,0.375,0.359375
1477100,411.56864625452897,0.0,0.375,0.390625
1477200,413.55462385278196,0.0,0.3125,0.421875
1477300,415.1617345649661,0.0,0.375,0.390625
1477400,417.2048225212906,0.0,0.3125,0.4375
1477500,418.655621940442,0.0,0.375,0.375
1477600,420.3124774892133,0.0,0.375,0.328125
1477700,421.2002330321015,0.0,0.375,0.359375
1477800,422.92415632607504,0.0,0.375,0.40625
1477900,424.0656447477684,0.0,0.3125,0.328125
1478000,425.07994041686226,0.0,0.375,0.328125
1478100,426.6751999383789,0.0,0.375,0.40625
1478200,427.7765687807135,0.0,0.375,0.34375
1478300,428.46062272437456,0.0,0.375,0.375
1478400,428.95710855351786,0.0,0.5,0.40625
1478500,429.844481253806,0.0,0.4375,0.421875
1478600,430.4760026231689,0.0,0.375,0.421875
1478700,430.97571762537046,0.0,0.5,0.25
1478800,431.53601010308853,0.0,0.375,0.375
1478900,432.46400196678053,0.0,0.3125,0.34375
1479000,432.99151432089235,0.0,0.4375,0.4375
1479100,433.5623712573655,0.0,0.4375,0.375
1479200,433.9478196866675,0.0,0.375,0.34375
1479300,434.30305777917187,0.0,0.375,0.453125
1479400,434.90356909415897,0.0,0.375,0.375
1479500,435.54279397559236,0.0,0.375,0.375
1479600,436.30369524443336,0.0,0.4375,0.421875
1479700,436.76937584518447,0.0,0.4375,0.34375
1479800,437.3712533628265,0.0,0.375,0.390625
1479900,437.70949210364364,0.0,0.3125,0.234375
1480000,438.0734272594745,0.0,0.4375,0.421875
1480100,438.4780610466973,0.0,0.375,0.296875
1480200,438.7844782785711,0.0,0.3125,0.234375
1480300,439.2384259376696,0.0,0.4375,0.296875
1480400,439.52729614601225,0.0,0.375,0.40625
1480500,439.72555035923284,0.0,0.4375,0.5
1480600,440.04737444018986,0.0,0.375,0.25
1480700,440.317714677807,0.0,0.3125,0.328125
1480800,440.49331215562114,0.0,0.375,0.46875
1480900,440.6893480716942,0.0,0.375,0.421875
1481000,440.8454358519618,0.0,0.375,0.390625
1481100,441.16988903514175,0.0,0.375,0.453125
1481200,441.40081180095694,0.0,0.3125,0.296875
1481300,441.6216296742365,0.0,0.375,0.375
1481400,441.7514001364806,0.0,0.3125,0.359375
1481500,441.961306637779,0.0,0.375,0.40625
1481600,442.0715812636606,0.0,0.4375,0.390625
1481700,442.1968706511921,0.0,0.3125,0.4375
1481800,442.36086529949984,0.0,0.375,0.34375
1481900,442.4671756059558,0.0,0.375,0.296875
1482000,442.55770711075996,0.0,0.3125,0.390625
1482100,442.74619690183044,0.0,0.5,0.359375
1482200,442.9708617509698,0.0,0.375,0.34375
1482300,443.1500884449498,0.0,0.375,0.328125
1482400,443.3220904117186,0.0,0.3125,0.1875
1482500,443.47926958537414,0.0,0.3125,0.34375
1482600,443.58131526585777,0.0,0.375,0.34375
1482700,443.78423980394996,0.0,0.5,0.328125
1482800,443.9380191205284,0.0,0.3125,0.328125
1482900,444.05845481917396,0.0,0.3125,0.234375
1483000,444.15943069497933,0.0,0.375,0.359375
1483100,444.25279937814884,0.0,0.3125,0.3125
1483200,444.36532482436985,0.0,0.375,0.375
1483300,444.45866150393624,0.0,0.5,0.328125
1483400,444.5309541536061,0.0,0.375,0.421875
1483500,444.57742106631116,0.0,0.375,0.296875
1483600,444.6838607503321,0.0,0.4375,0.359375
1483700,444.71322361126687,0.0,0.4375,0.296875
1483800,444.8024145150799,0.0,0.375,0.421875
1483900,444.9596479217925,0.0,0.4375,0.28125
1484000,445.02390746994666,0.0,0.4375,0.375
1484100,445.08677347483496,0.0,0.3125,0.328125
1484200,445.16350404113507,0.0,0.375,0.375
1484300,445.23952756577546,0.0,0.4375,0.390625
1484400,445.30690229451363,0.0,0.4375,0.3125
1484500,445.38521480902386,0.0,0.4375,0.421875
1484600,445.44997600202396,0.0,0.375,0.40625
1484700,445.51574490480493,0.0,0.375,0.28125
1484800,445.5902554177501,0.0,0.4375,0.390625
1484900,445.65412672798874,0.0,0.4375,0.328125
1485000,445.71734640767215,0.0,0.5,0.453125
1485100,445.7832617468732,0.0,0.4375,0.28125
1485200,445.82928123054864,0.0,0.3125,0.265625
1485300,445.89123044009193,0.0,0.375,0.515625
1485400,445.926625249373,0.0,0.375,0.375
1485500,445.9636135910626,0.0,0.5,0.40625
1485600,446.0721557621437,0.0,0.375,0.359375
1485700,446.15131600949985,0.0,0.5,0.375
1485800,446.2045629838334,0.0,0.4375,0.28125
1485900,446.26217046538017,0.0,0.5,0.390625
1486000,446.32440599662806,0.0,0.4375,0.390625
1486100,446.3632139676017,0.0,0.4375,0.375
1486200,446.3979471945333,0.0,0.375,0.421875
1486300,446.46591510285145,0.0,0.375,0.328125
1486400,446.4877422283353,0.0,0.4375,0.390625
1486500,446.5811024710519,0.0,0.4375,0.3125
1486600,446.6168340578624,0.0,0.5,0.375
1486700,446.66563126827106,0.0,0.4375,0.421875
1486800,446.71953856079483,0.0,0.5,0.296875
1486900,446.7943889791549,0.0,0.3125,0.3125
1487000,446.83130394512324,0.0,0.3125,0.40625
1487100,446.9158204861435,0.0,0.375,0.3125
1487200,446.9425506927886,0.0,0.375,0.296875
1487300,446.9860858761752,0.0,0.375,0.40625
1487400,447.0197692598786,0.0,0.4375,0.296875
1487500,447.06583485199906,0.0,0.4375,0.296875
1487600,447.09907233677967,0.0,0.4375,0.328125
1487700,447.1507725992356,0.0,0.3125,0.3125
1487800,447.238330154679,0.0,0.4375,0.390625
1487900,447.3175715636516,0.0,0.4375,0.40625
1488000,447.38848032899386,0.0,0.4375,0.375
1488100,447.4460117649394,0.0,0.4375,0.4375
1488200,447.47858315433297,0.0,0.25,0.25
1488300,447.548320380928,0.0,0.375,0.34375
1488400,447.56924942991026,0.0,0.375,0.375
1488500,447.6140960466827,0.0,0.25,0.265625
1488600,447.6430238120876,0.0,0.3125,0.234375
1488700,447.6879247934819,0.0,0.375,0.328125
1488800,447.7199724768489,0.0,0.4375,0.4375
1488900,447.8189733708589,0.0,0.4375,0.375
1489000,447.8617950306982,0.0,0.5,0.53125
1489100,447.89540040990283,0.0,0.5,0.390625
1489200,447.96465550261416,0.0,0.5,0.421875
1489300,447.98977075906197,0.0,0.4375,0.375
1489400,448.0384609248737,0.0,0.4375,0.296875
1489500,448.07702180615456,0.0,0.375,0.3125
1489600,448.0990365184511,0.0,0.625,0.390625
1489700,448.1476033614008,0.0,0.375,0.28125
1489800,448.18494308032405,0.0,0.4375,0.328125
1489900,448.2095330387846,0.0,0.375,0.1875
1490000,448.2185349754777,0.0,0.5,0.40625
1490100,448.2764037224825,0.0,0.375,0.453125
1490200,448.3304607056891,0.0,0.4375,0.328125
1490300,448.3415557675497,0.0,0.4375,0.390625
1490400,448.36293952463905,0.0,0.4375,0.390625
1490500,448.4018307076986,0.0,0.4375,0.390625
1490600,448.43339189508725,0.0,0.5,0.40625
1490700,448.47418026028623,0.0,0.5,0.296875
1490800,448.5262484289761,0.0,0.4375,0.25
1490900,448.5548110525496,0.0,0.4375,0.40625
1491000,448.60177561288634,0.0,0.375,0.375
1491100,448.6352894359753,0.0,0.5,0.359375
1491200,448.6732514756739,0.0,0.5,0.375
1491300,448.74444916420333,0.0,0.5,0.375
1491400,448.7930607109039,0.0,0.4375,0.328125
1491500,448.8224732185371,0.0,0.4375,0.453125
1491600,448.85568192862127,0.0,0.3125,0.28125
1491700,448.89723355275066,0.0,0.375,0.28125
1491800,448.9252599219217,0.0,0.5,0.390625
1491900,448.9767935887316,0.0,0.4375,0.34375
1492000,448.9957068629019,0.0,0.5,0.40625
1492100,449.0544815355881,0.0,0.25,0.21875
1492200,449.0795913906866,0.0,0.5625,0.375
1492300,449.09501576472286,0.0,0.4375,0.421875
1492400,449.1254518360286,0.0,0.5625,0.359375
1492500,449.1698660371913,0.0,0.4375,0.3125
1492600,449.1992457930503,0.0,0.3125,0.28125
1492700,449.23803203347956,0.0,0.375,0.34375
1492800,449.2516272066705,0.0,0.4375,0.40625
1492900,449.2721349527441,0.0,0.5,0.328125
1493000,449.28805435809784,0.0,0.4375,0.421875
1493100,449.31779788473773,0.0,0.4375,0.34375
1493200,449.3409065006379,0.0,0.4375,0.40625
1493300,449.3926760047682,0.0,0.375,0.34375
1493400,449.43172959797835,0.0,0.4375,0.328125
1493500,449.4781848875241,0.0,0.5,0.40625
1493600,449.5016139992844,0.0,0.5,0.3125
1493700,449.5382098773108,0.0,0.5,0.53125
1493800,449.5706495013632,0.0,0.5,0.40625
1493900,449.60509301050246,0.0,0.4375,0.390625
1494000,449.64101592723114,0.0,0.5,0.421875
1494100,449.68289361353817,0.0,0.4375,0.453125
1494200,449.70305602196066,0.0,0.4375,0.375
1494300,449.7382344252085,0.0,0.4375,0.359375
1494400,449.76133446821945,0.0,0.375,0.359375
1494500,449.7883309774668,0.0,0.5,0.328125
1494600,449.8106235172546,0.0,0.375,0.3125
1494700,449.82762681113564,0.0,0.5,0.390625
1494800,449.8525782064729,0.0,0.4375,0.359375
1494900,449.87685814407746,0.0,0.5,0.265625
1495000,449.89934821914704,0.0,0.375,0.375
1495100,449.9195956832224,0.0,0.4375,0.40625
1495200,449.9350461304992,0.0,0.5,0.390625
1495300,449.9493301344629,0.0,0.4375,0.359375
1495400,449.9779459140606,0.0,0.4375,0.359375
1495500,450.0085115233212,0.0,0.5625,0.46875
1495600,450.0218835688471,0.0,0.375,0.265625
1495700,450.0358512869999,0.0,0.5,0.390625
1495800,450.0588554995403,0.0,0.5,0.34375
1495900,450.103844794198,0.0,0.4375,0.40625
1496000,450.13728430218873,0.0,0.5,0.484375
1496100,450.17470119065774,0.0,0.3125,0.28125
1496200,450.2054582429928,0.0,0.4375,0.453125
1496300,450.22389610269653,0.0,0.5,0.390625
1496400,450.2426782504259,0.0,0.4375,0.453125
1496500,450.2573945383435,0.0,0.5,0.4375
1496600,450.28565474238025,0.0,0.4375,0.328125
1496700,450.3184253435385,0.0,0.5625,0.46875
1496800,450.35876654000367,0.0,0.4375,0.375
1496900,450.3822076124343,0.0,0.4375,0.328125
1497000,450.40436834522603,0.0,0.4375,0.46875
1497100,450.42024201983054,0.0,0.4375,0.265625
1497200,450.4505955121172,0.0,0.375,0.359375
1497300,450.473299229064,0.0,0.4375,0.40625
1497400,450.507737338972,0.0,0.5625,0.328125
1497500,450.5322929012161,0.0,0.5625,0.375
1497600,450.5512087773289,0.0,0.375,0.3125
1497700,450.5820803822685,0.0,0.4375,0.375
1497800,450.59297173889223,0.0,0.4375,0.34375
1497900,450.6010133508505,0.0,0.4375,0.234375
1498000,450.62227190519013,0.0,0.375,0.296875
1498100,450.6510389941311,0.0,0.5625,0.375
1498200,450.6787964356937,0.0,0.4375,0.421875
1498300,450.76371339235476,0.0,0.5625,0.390625
1498400,450.7894908839668,0.0,0.4375,0.390625
1498500,450.80439919979034,0.0,0.5,0.46875
1498600,450.8122260892583,0.0,0.375,0.453125
1498700,450.82042833779246,0.0,0.4375,0.359375
1498800,450.8610043402065,0.0,0.375,0.265625
1498900,450.8823698650463,0.0,0.4375,0.328125
1499000,450.8907989332891,0.0,0.375,0.34375
1499100,450.9186868666209,0.0,0.5,0.375
1499200,450.9324703810711,0.0,0.4375,0.328125
1499300,450.94988809469226,0.0,0.375,0.296875
1499400,450.97381171518595,0.0,0.375,0.375
1499500,450.99097830440195,0.0,0.375,0.34375
1499600,451.0043078424227,0.0,0.375,0.453125
1499700,451.0211406349209,0.0,0.3125,0.25
1499800,451.0308501157605,0.0,0.4375,0.5
1499900,451.05216570289844,0.0,0.625,0.40625
1500000,308.5804952185267,0.0,0.375,0.390625
1500100,323.8318382174894,0.0,0.375,0.40625
1500200,348.75459541243407,0.0,0.375,0.40625
1500300,366.74039909505615,0.0,0.4375,0.296875
1500400,375.91744653651915,0.0,0.5625,0.40625
1500500,382.47452333952106,0.0,0.4375,0.421875
1500600,386.31010200850415,0.0,0.4375,0.421875
1500700,389.62665196118706,0.0,0.5,0.4375
1500800,393.95048882322135,0.0,0.3125,0.296875
1500900,396.53797571447404,0.0,0.5,0.375
1501000,399.4581340293231,0.0,0.4375,0.328125
1501100,403.2548837076848,0.0,0.4375,0.390625
1501200,405.85332480138925,0.0,0.4375,0.40625
1501300,408.7104379692243,0.0,0.5,0.4375
1501400,410.409822123671,0.0,0.3125,0.328125
1501500,412.5605329010624,0.0,0.5,0.375
1501600,414.0056888137093,0.0,0.5,0.4375
1501700,415.0276044090947,0.0,0.5,0.4375
1501800,415.95244093667253,0.0,0.375,0.40625
1501900,417.41624414804,0.0,0.4375,0.296875
1502000,418.53490154349953,0.0,0.4375,0.390625
1502100,419.31162883635693,0.0,0.375,0.3125
1502200,420.5831931812713,0.0,0.5,0.328125
1502300,421.34293865567054,0.0,0.4375,0.359375
1502400,422.27279104800505,0.0,0.5625,0.390625
1502500,422.97274747977536,0.0,0.375,0.46875
1502600,423.9368583188241,0.0,0.4375,0.484375
1502700,424.91768618705504,0.0,0.4375,0.484375
1502800,425.3543895993801,0.0,0.4375,0.328125
1502900,426.15345775790547,0.0,0.3125,0.21875
1503000,426.6739622874255,0.0,0.5,0.328125
1503100,427.5473703364886,0.0,0.375,0.328125
1503200,428.2770181650916,0.0,0.5,0.296875
1503300,429.1948904404596,0.0,0.4375,0.359375
1503400,429.81582601756594,0.0,0.375,0.359375
1503500,430.4760336129518,0.0,0.4375,0.4375
1503600,430.8410909451073,0.0,0.5,0.3125
1503700,431.18450758269114,0.0,0.4375,0.359375
1503800,431.4620892541418,0.0,0.5,0.453125
1503900,431.90191434413316,0.0,0.4375,0.25
1504000,432.346068354567,0.0,0.4375,0.328125
1504100,432.93156164595837,0.0,0.4375,0.46875
1504200,433.3685663262591,0.0,0.4375,0.375
1504300,433.80830174092483,0.0,0.5,0.4375
1504400,434.17073164076913,0.0,0.4375,0.328125
1504500,434.587446402993,0.0,0.4375,0.46875
1504600,434.8236806414082,0.0,0.4375,0.34375
1504700,435.13415755759127,0.0,0.5,0.4375
1504800,435.45742099735367,0.0,0.375,0.390625
1504900,435.7566781674757,0.0,0.5,0.3125
1505000,435.98331064458324,0.0,0.4375,0.453125
1505100,436.37579187409773,0.0,0.4375,0.296875
1505200,436.63225633868944,0.0,0.4375,0.25
1505300,436.9444808284688,0.0,0.5,0.46875
1505400,437.3559856744608,0.0,0.4375,0.34375
1505500,437.5441330406919,0.0,0.375,0.28125
1505600,437.8091116652542,0.0,0.4375,0.375
1505700,438.0110621100502,0.0,0.375,0.328125
1505800,438.15571789879607,0.0,0.4375,0.40625
1505900,438.31931286919587,0.0,0.4375,0.34375
1506000,438.6623474455628,0.0,0.5625,0.34375
1506100,438.8947271774196,0.0,0.5625,0.40625
1506200,439.14061679197346,0.0,0.5,0.34375
1506300,439.3184224185869,0.0,0.4375,0.34375
1506400,439.5609624544541,0.0,0.4375,0.390625
1506500,439.7935114055162,0.0,0.5,0.4375
1506600,440.03775186925543,0.0,0.4375,0.390625
1506700,440.2645006664787,0.0,0.5,0.5625
1506800,440.4630177831822,0.0,0.4375,0.28125
1506900,440.5800543659613,0.0,0.5,0.484375
1507000,440.97336878557746,0.0,0.4375,0.5
1507100,441.1129939249017,0.0,0.4375,0.375
1507200,441.29932640563055,0.0,0.4375,0.3125
1507300,441.5352954573955,0.0,0.4375,0.328125
1507400,441.7598305746128,0.0,0.5625,0.390625
1507500,441.94821319834494,0.0,0.5625,0.453125
1507600,442.10549165240366,0.0,0.5,0.390625
1507700,442.3022973191483,0.0,0.5,0.421875
1507800,442.43186816224613,0.0,0.5625,0.359375
1507900,442.51541410169943,0.0,0.5,0.46875
1508000,442.6459895945107,0.0,0.4375,0.46875
1508100,442.7883499656956,0.0,0.5,0.34375
1508200,442.84351898267397,0.0,0.5,0.328125
1508300,442.9022410690229,0.0,0.5,0.375
1508400,443.05008070316694,0.0,0.375,0.328125
1508500,443.14932754647515,0.0,0.4375,0.453125
1508600,443.2801153630674,0.0,0.4375,0.265625
1508700,443.31115389614956,0.0,0.375,0.4375
1508800,443.37529889398445,0.0,0.375,0.40625
1508900,443.4452424361763,0.0,0.5,0.375
1509000,443.4936134317919,0.0,0.5,0.28125
1509100,443.6604018850218,0.0,0.4375,0.390625
1509200,443.7104324510008,0.0,0.5,0.3125
1509300,443.78008557597866,0.0,0.4375,0.328125
1509400,443.82833335754293,0.0,0.5,0.34375
1509500,443.92530963702035,0.0,0.375,0.390625
1509600,443.9827471323463,0.0,0.5,0.40625
1509700,444.0432922037984,0.0,0.4375,0.359375
1509800,444.1051743594727,0.0,0.375,0.328125
1509900,444.1720141561006,0.0,0.375,0.3125
1510000,444.2360257733506,0.0,0.5,0.390625
1510100,444.2791243454281,0.0,0.375,0.34375
1510200,444.32436776456,0.0,0.4375,0.390625
1510300,444.53287789707554,0.0,0.5,0.484375
1510400,444.57479309631054,0.0,0.5,0.421875
1510500,444.6538274445955,0.0,0.5,0.359375
1510600,444.728722213576,0.0,0.5,0.515625
1510700,444.7888830868817,0.0,0.5,0.359375
1510800,444.83223563152484,0.0,0.375,0.421875
1510900,444.86643900338595,0.0,0.4375,0.359375
1511000,444.97112553816095,0.0,0.5625,0.4375
1511100,445.0394945349356,0.0,0.5,0.4375
1511200,445.149834350839,0.0,0.5,0.390625
1511300,445.2339674544668,0.0,0.5,0.328125
1511400,445.2573122957843,0.0,0.5625,0.421875
1511500,445.30748348733346,0.0,0.5,0.421875
1511600,445.3393445652522,0.0,0.4375,0.40625
1511700,445.4054201852637,0.0,0.4375,0.421875
1511800,445.52029447350793,0.0,0.5625,0.390625
1511900,445.59405822235857,0.0,0.5,0.453125
1512000,445.6639783250344,0.0,0.5,0.421875
1512100,445.7343098696065,0.0,0.5,0.375
1512200,445.8286146475201,0.0,0.5,0.484375
1512300,445.88706785443225,0.0,0.5,0.296875
1512400,445.90388468692413,0.0,0.5625,0.328125
1512500,445.9589261467973,0.0,0.5,0.375
1512600,446.0183090999961,0.0,0.375,0.4375
1512700,446.0646933820914,0.0,0.5,0.4375
1512800,446.193785189097,0.0,0.5,0.5
1512900,446.2423207258065,0.0,0.5,0.4375
1513000,446.36279106328584,0.0,0.5,0.40625
1513100,446.4475968852929,0.0,0.5625,0.4375
1513200,446.5055433560949,0.0,0.4375,0.34375
1513300,446.53367929461996,0.0,0.4375,0.390625
1513400,446.6631293404624,0.0,0.4375,0.421875
1513500,446.71014209705396,0.0,0.4375,0.328125
1513600,446.76509525304454,0.0,0.4375,0.4375
1513700,446.79559525465555,0.0,0.5,0.4375
1513800,446.8295336990868,0.0,0.5625,0.46875
1513900,446.91284650416,0.0,0.4375,0.34375
1514000,446.9586239225287,0.0,0.4375,0.34375
1514100,447.0812267778021,0.0,0.5,0.390625
1514200,447.1094081180655,0.0,0.4375,0.359375
1514300,447.20664565221233,0.0,0.5,0.375
1514400,447.2547437458703,0.0,0.5,0.34375
1514500,447.281868927149,0.0,0.5,0.453125
1514600,447.33446537936413,0.0,0.5625,0.4375
1514700,447.4329971365723,0.0,0.5,0.46875
1514800,447.4465552507199,0.0,0.4375,0.328125
1514900,447.4978705952544,0.0,0.5,0.375
1515000,447.5287783449729,0.0,0.4375,0.4375
1515100,447.57267660775454,0.0,0.4375,0.265625
1515200,447.6187641384946,0.0,0.5,0.484375
1515300,447.6373630128332,0.0,0.5625,0.515625
1515400,447.6915961004597,0.0,0.5,0.46875
1515500,447.76037900229295,0.0,0.5,0.40625
1515600,447.8058024061456,0.0,0.5,0.5
1515700,447.82365180116324,0.0,0.5625,0.546875
1515800,447.87569927779276,0.0,0.5,0.625
1515900,447.8994973650804,0.0,0.4375,0.3125
1516000,447.9444825333667,0.0,0.5,0.28125
1516100,447.9849107914432,0.0,0.5625,0.5
1516200,447.9913586183814,0.0,0.4375,0.375
1516300,448.0441524076196,0.0,0.5625,0.28125
1516400,448.0568728297727,0.0,0.5,0.390625
1516500,448.1244399163183,0.0,0.5,0.296875
1516600,448.14351276096966,0.0,0.375,0.34375
1516700,448.20413578758684,0.0,0.375,0.359375
1516800,448.23886589485164,0.0,0.5,0.328125
1516900,448.3000221961578,0.0,0.5625,0.4375
1517000,448.39832076913245,0.0,0.5,0.46875
1517100,448.4732922356698,0.0,0.4375,0.4375
1517200,448.48650871713573,0.0,0.5,0.4375
1517300,448.53852787473767,0.0,0.5,0.515625
1517400,448.6101501546608,0.0,0.5,0.390625
1517500,448.65924363128283,0.0,0.5,0.53125
1517600,448.7923961178559,0.0,0.5,0.390625
1517700,448.8248205278671,0.0,0.5,0.4375
1517800,448.86931722657096,0.0,0.4375,0.359375
1517900,448.9087271231926,0.0,0.4375,0.4375
1518000,448.96266170963804,0.0,0.5625,0.421875
1518100,448.9964716062645,0.0,0.5,0.40625
1518200,449.0378597404992,0.0,0.5625,0.40625
1518300,449.13659372475735,0.0,0.5625,0.453125
1518400,449.2057541642895,0.0,0.4375,0.4375
1518500,449.2750776508678,0.0,0.375,0.375
1518600,449.3101103779632,0.0,0.375,0.46875
1518700,449.3306153809131,0.0,0.4375,0.4375
1518800,449.3620715058324,0.0,0.4375,0.40625
1518900,449.39498549756814,0.0,0.5,0.375
1519000,449.50789735494646,0.0,0.5625,0.390625
1519100,449.5388525768943,0.0,0.5625,0.4375
1519200,449.5599700508636,0.0,0.375,0.34375
1519300,449.5836265190024,0.0,0.5,0.40625
1519400,449.6046206238849,0.0,0.5,0.359375
1519500,449.64117996277366,0.0,0.4375,0.40625
1519600,449.6834455705323,0.0,0.5625,0.40625
1519700,449.7359777470954,0.0,0.5,0.46875
1519800,449.7642142725192,0.0,0.5625,0.46875
1519900,449.77981247164166,0.0,0.5,0.5
1520000,449.81084361576285,0.0,0.5,0.484375
1520100,449.84850609511875,0.0,0.5,0.34375
1520200,449.8709757243609,0.0,0.4375,0.375
1520300,449.94681748941764,0.0,0.4375,0.375
1520400,449.9701219462057,0.0,0.5625,0.421875
1520500,450.0308339879549,0.0,0.5,0.4375
1520600,450.0744144190551,0.0,0.5625,0.34375
1520700,450.1083809431202,0.0,0.4375,0.375
1520800,450.1390545728279,0.0,0.4375,0.4375
1520900,450.1623247599559,0.0,0.4375,0.40625
1521000,450.19034745933203,0.0,0.4375,0.40625
1521100,450.2117662198797,0.0,0.4375,0.5
1521200,450.25220693407596,0.0,0.375,0.390625
1521300,450.30054461644005,0.0,0.375,0.421875
1521400,450.33921351333225,0.0,0.4375,0.453125
1521500,450.36839260086424,0.0,0.375,0.296875
1521600,450.38785091472306,0.0,0.4375,0.484375
1521700,450.4124351651464,0.0,0.4375,0.40625
1521800,450.4416376079236,0.0,0.5,0.5
1521900,450.46441258471896,0.0,0.5,0.390625
1522000,450.4826162732081,0.0,0.4375,0.484375
1522100,450.5264236123988,0.0,0.4375,0.34375
1522200,450.5686114553031,0.0,0.375,0.40625
1522300,450.59024891568214,0.0,0.5,0.421875
1522400,450.63582417025043,0.0,0.375,0.40625
1522500,450.6439313006092,0.0,0.375,0.484375
1522600,450.67117264547204,0.0,0.375,0.453125
1522700,450.704917124363,0.0,0.5,0.4375
1522800,450.76011858071945,0.0,0.4375,0.453125
1522900,450.78548634199285,0.0,0.5,0.359375
1523000,450.82925158015536,0.0,0.4375,0.453125
1523100,450.8443579387966,0.0,0.375,0.328125
1523200,450.8609127515188,0.0,0.375,0.40625
1523300,450.8772574529747,0.0,0.4375,0.53125
1523400,450.9062465533905,0.0,0.5,0.515625
1523500,450.93478479124747,0.0,0.4375,0.484375
1523600,450.95347459170756,0.0,0.4375,0.390625
1523700,450.9789275538139,0.0,0.3125,0.390625
1523800,450.9996271815901,0.0,0.5,0.421875
1523900,451.02712438599565,0.0,0.5,0.390625
1524000,451.0917509418809,0.0,0.5,0.40625
1524100,451.11593618948496,0.0,0.5,0.421875
1524200,451.14665816823407,0.0,0.5,0.4375
1524300,451.15797612271336,0.0,0.5,0.3125
1524400,451.19557396261337,0.0,0.25,0.390625
1524500,451.22818130511047,0.0,0.4375,0.5
1524600,451.25759081344347,0.0,0.4375,0.46875
1524700,451.29905504526266,0.0,0.375,0.484375
1524800,451.3335300086628,0.0,0.5,0.453125
1524900,451.3465658069375,0.0,0.4375,0.53125
1525000,273.8521259768284,0.0,0.5,0.515625
1525100,292.35211909103253,0.0,0.4375,0.484375
1525200,305.11921762088116,0.0,0.5,0.40625
1525300,308.22513139037414,0.0,0.3125,0.5
1525400,310.0289236840283,0.0,0.5,0.453125
1525500,311.3200718951444,0.0,0.375,0.4375
1525600,312.6398445564415,0.0,0.5625,0.46875
1525700,314.1713773250834,0.0,0.375,0.359375
1525800,315.6658825704609,0.0,0.4375,0.46875
1525900,316.81287522128105,0.0,0.4375,0.5
1526000,318.34854371718365,0.0,0.375,0.375
1526100,319.42793826958575,0.0,0.375,0.359375
1526200,320.3323026894967,0.0,0.4375,0.46875
1526300,321.0767208717951,0.0,0.3125,0.453125
1526400,321.7557547090854,0.0,0.5,0.484375
1526500,322.4947295795275,0.0,0.5,0.453125
1526600,323.22275927313046,0.0,0.4375,0.484375
1526700,323.9334016746519,0.0,0.5,0.484375
1526800,324.71920129460034,0.0,0.5,0.5
1526900,325.8475749518583,0.0,0.375,0.375
1527000,326.79088779451274,0.0,0.375,0.359375
1527100,327.6729134800623,0.0,0.375,0.46875
1527200,329.1173804502617,0.0,0.5,0.453125
1527300,330.0053388235706,0.0,0.5,0.484375
1527400,331.58722813921065,0.0,0.375,0.375
1527500,332.4422732458151,0.0,0.5,0.390625
1527600,334.15592087830214,0.0,0.5,0.453125
1527700,336.7786467611805,0.0,0.5,0.546875
1527800,338.82031473242824,0.0,0.375,0.46875
1527900,343.02224094086415,0.0,0.4375,0.40625
1528000,348.95828464122206,0.0,0.5,0.453125
1528100,354.1714939342984,0.0,0.375,0.28125
1528200,358.0045993410742,0.0,0.4375,0.4375
1528300,368.49214552951344,0.0,0.5,0.40625
1528400,373.78929771557625,0.0,0.375,0.421875
1528500,375.16052306052626,0.0,0.4375,0.453125
1528600,376.59455811765315,0.0,0.4375,0.53125
1528700,378.68083062142733,0.0,0.5,0.484375
1528800,380.20473551782356,0.0,0.4375,0.53125
1528900,381.6811754939361,0.0,0.5,0.515625
1529000,383.27695356348414,0.0,0.5625,0.453125
1529100,384.70036003959643,0.0,0.4375,0.40625
1529200,385.8035843705656,0.0,0.5,0.5625
1529300,387.1691713026011,0.0,0.4375,0.53125
1529400,389.22333619089386,0.0,0.5,0.46875
1529500,390.728028124862,0.0,0.5,0.390625
1529600,391.8236757204998,0.0,0.5625,0.59375
1529700,395.0465177411248,0.0,0.3125,0.296875
1529800,395.54871220518527,0.0,0.4375,0.546875
1529900,396.27462634410244,0.0,0.4375,0.515625
1530000,397.19037465684636,0.0,0.5,0.46875
1530100,398.26495623706467,0.0,0.5625,0.484375
1530200,399.0574035924999,0.0,0.5,0.484375
1530300,399.502150918523,0.0,0.5625,0.546875
1530400,400.29155845346,0.0,0.375,0.4375
1530500,401.17848645659035,0.0,0.5,0.453125
1530600,401.82737488730356,0.0,0.5,0.421875
1530700,402.5335382775838,0.0,0.4375,0.5
1530800,403.0578501066936,0.0,0.5,0.453125
1530900,403.5096724782557,0.0,0.4375,0.390625
1531000,403.9967196114228,0.0,0.4375,0.46875
1531100,404.45015148260717,0.0,0.5,0.5625
1531200,404.8251125858528,0.0,0.5,0.453125
1531300,405.25645248559283,0.0,0.4375,0.421875
1531400,405.9539975597663,0.0,0.5,0.53125
1531500,406.53759407703205,0.0,0.5,0.53125
1531600,406.9443510578089,0.0,0.4375,0.484375
1531700,407.5484917767937,0.0,0.5,0.515625
1531800,408.45715013035095,0.0,0.5625,0.40625
1531900,409.05059757386925,0.0,0.5625,0.578125
1532000,409.44377540414723,0.0,0.375,0.546875
1532100,410.01451807627797,0.0,0.4375,0.484375
1532200,410.70251780784304,0.0,0.5625,0.453125
1532300,411.1889234618543,0.0,0.5,0.546875
1532400,411.4751815357122,0.0,0.4375,0.4375
1532500,411.7894520754893,0.0,0.4375,0.53125
1532600,412.06821492513956,0.0,0.375,0.40625
1532700,412.4608268755108,0.0,0.5,0.5625
1532800,412.8143624408916,0.0,0.5,0.515625
1532900,413.0644178088643,0.0,0.5,0.40625
1533000,413.46692291971675,0.0,0.375,0.484375
1533100,413.79135091299685,0.0,0.4375,0.390625
1533200,414.160186982546,0.0,0.375,0.484375
1533300,414.3526216887372,0.0,0.375,0.515625
1533400,414.59800010975226,0.0,0.4375,0.46875
1533500,414.78833272232134,0.0,0.4375,0.46875
1533600,415.12451784737175,0.0,0.5,0.5625
1533700,415.37262257262194,0.0,0.5,0.546875
1533800,415.64618736614904,0.0,0.4375,0.390625
1533900,415.94654742334444,0.0,0.5,0.453125
1534000,416.2370058125388,0.0,0.4375,0.5
1534100,416.36661977070753,0.0,0.4375,0.609375
1534200,416.6542853174682,0.0,0.4375,0.40625
1534300,416.96269196303433,0.0,0.4375,0.484375
1534400,417.1096549820903,0.0,0.5,0.453125
1534500,417.33682377450816,0.0,0.5,0.5625
1534600,417.60581778863155,0.0,0.5,0.4375
1534700,417.89144345041035,0.0,0.5,0.53125
1534800,418.11479754465745,0.0,0.4375,0.5
1534900,418.30630168704704,0.0,0.375,0.53125
1535000,418.6537882219786,0.0,0.375,0.390625
1535100,418.76854070784617,0.0,0.5,0.5
1535200,418.8664300624899,0.0,0.5,0.421875
1535300,419.14001226328656,0.0,0.4375,0.390625
1535400,419.36401823120656,0.0,0.375,0.453125
1535500,419.607475483549,0.0,0.5,0.5
1535600,419.7202980340113,0.0,0.4375,0.4375
1535700,419.8414885278743,0.0,0.5,0.484375
1535800,420.1318632609171,0.0,0.375,0.4375
1535900,420.3589253193453,0.0,0.4375,0.421875
1536000,420.54936773450805,0.0,0.5,0.53125
1536100,420.71482565904364,0.0,0.4375,0.53125
1536200,420.9479776694598,0.0,0.4375,0.46875
1536300,421.21548186858166,0.0,0.4375,0.4375
1536400,421.4279320239546,0.0,0.5,0.5625
1536500,421.6398240341212,0.0,0.375,0.390625
1536600,421.8827595009705,0.0,0.4375,0.53125
1536700,422.0602544911411,0.0,0.5,0.59375
1536800,422.31431456196526,0.0,0.375,0.5
1536900,422.59963311829165,0.0,0.4375,0.46875
1537000,422.7555418490653,0.0,0.375,0.484375
1537100,422.91569670931955,0.0,0.5,0.328125
1537200,423.0323305996385,0.0,0.4375,0.546875
1537300,423.27807438804194,0.0,0.4375,0.5
1537400,423.5418185123952,0.0,0.4375,0.5
1537500,423.59312098285363,0.0,0.4375,0.4375
1537600,423.7264010299338,0.0,0.4375,0.640625
1537700,423.91733164223973,0.0,0.5,0.5625
1537800,424.06876745215226,0.0,0.4375,0.359375
1537900,424.38482630336347,0.0,0.5,0.546875
1538000,424.62091931829553,0.0,0.3125,0.484375
1538100,424.71226925662944,0.0,0.5,0.375
1538200,424.8822035069193,0.0,0.5,0.484375
1538300,425.03585210990116,0.0,0.5,0.53125
1538400,425.2186757346558,0.0,0.4375,0.40625
1538500,425.37620510444395,0.0,0.5,0.453125
1538600,425.48818501607616,0.0,0.4375,0.5
1538700,425.681977035663,0.0,0.375,0.453125
1538800,425.88426887627435,0.0,0.4375,0.5625
1538900,425.9866436751453,0.0,0.375,0.515625
1539000,426.0903956061447,0.0,0.5,0.5
1539100,426.1461995068117,0.0,0.3125,0.453125
1539200,426.31870286826177,0.0,0.4375,0.40625
1539300,426.47264121141444,0.0,0.5,0.484375
1539400,426.56840205477846,0.0,0.3125,0.421875
1539500,426.6769677563485,0.0,0.5,0.484375
1539600,426.79238896142505,0.0,0.375,0.40625
1539700,426.88248960070183,0.0,0.5,0.515625
1539800,427.11345526687114,0.0,0.4375,0.546875
1539900,427.3409326750668,0.0,0.4375,0.5
1540000,427.442806438406,0.0,0.5,0.515625
1540100,427.67064995355736,0.0,0.4375,0.546875
1540200,427.7812306197034,0.0,0.4375,0.46875
1540300,427.8952354194299,0.0,0.5,0.65625
1540400,428.032284990763,0.0,0.4375,0.5625
1540500,428.19572717257546,0.0,0.375,0.4375
1540600,428.37378412837637,0.0,0.5,0.53125
1540700,428.52791157959973,0.0,0.4375,0.53125
1540800,428.58933493194814,0.0,0.5,0.515625
1540900,428.66152795936966,0.0,0.5,0.46875
1541000,428.74992376097117,0.0,0.4375,0.53125
1541100,428.84827723304977,0.0,0.5,0.34375
1541200,428.99578394249465,0.0,0.4375,0.484375
1541300,429.08273916373975,0.0,0.4375,0.484375
1541400,429.2469712958264,0.0,0.4375,0.484375
1541500,429.35777149045776,0.0,0.5,0.546875
1541600,429.47403658300476,0.0,0.5,0.484375
1541700,429.5450229863196,0.0,0.375,0.546875
1541800,429.6611362224651,0.0,0.5,0.546875
1541900,429.8760178338878,0.0,0.4375,0.5625
1542000,429.9704840059435,0.0,0.5,0.40625
1542100,430.0685913171492,0.0,0.5,0.515625
1542200,430.151215399793,0.0,0.4375,0.46875
1542300,430.3311509205067,0.0,0.4375,0.515625
1542400,430.47851490591023,0.0,0.3125,0.484375
1542500,430.6307492947481,0.0,0.4375,0.53125
1542600,430.70135307544024,0.0,0.5,0.625
1542700,430.88765863528425,0.0,0.5,0.5625
1542800,431.0628071504789,0.0,0.375,0.5
1542900,431.1541800387529,0.0,0.4375,0.578125
1543000,431.21149364897747,0.0,0.375,0.46875
1543100,431.3125212224681,0.0,0.375,0.453125
1543200,431.3933098987899,0.0,0.4375,0.484375
1543300,431.53203567409855,0.0,0.4375,0.5625
1543400,431.87378480325896,0.0,0.5,0.59375
1543500,431.97939757338804,0.0,0.375,0.34375
1543600,432.09735057353066,0.0,0.4375,0.484375
1543700,432.2723777897985,0.0,0.5,0.546875
1543800,432.38238840096074,0.0,0.5,0.515625
1543900,432.54431211392125,0.0,0.5,0.546875
1544000,432.6953596315502,0.0,0.5,0.515625
1544100,432.7937918229255,0.0,0.375,0.484375
1544200,432.8745021955835,0.0,0.375,0.4375
1544300,432.9316945448674,0.0,0.4375,0.5
1544400,433.0485772371016,0.0,0.5,0.59375
1544500,433.1870493469357,0.0,0.4375,0.46875
1544600,433.34053580227095,0.0,0.4375,0.546875
1544700,433.4820857906819,0.0,0.375,0.5
1544800,433.5888202475557,0.0,0.375,0.484375
1544900,433.7087104354737,0.0,0.4375,0.59375
1545000,433.8505751809923,0.0,0.375,0.375
1545100,433.9043181169985,0.0,0.5,0.609375
1545200,434.0358405204944,0.0,0.375,0.5
1545300,434.11828975862403,0.0,0.3125,0.453125
1545400,434.235975902724,0.0,0.4375,0.5
1545500,434.3378715902974,0.0,0.375,0.5625
1545600,434.4682173279366,0.0,0.4375,0.421875
1545700,434.55216695753114,0.0,0.375,0.515625
1545800,434.728788709621,0.0,0.5,0.578125
1545900,434.7969041335721,0.0,0.4375,0.484375
1546000,434.85115610617487,0.0,0.5,0.546875
1546100,434.98267277035546,0.0,0.375,0.53125
1546200,435.0371305242529,0.0,0.4375,0.640625
1546300,435.0913648526683,0.0,0.375,0.609375
1546400,435.1488755185179,0.0,0.3125,0.546875
1546500,435.2710992955952,0.0,0.5,0.53125
1546600,435.3920192121735,0.0,0.375,0.5625
1546700,435.51001407240403,0.0,0.5,0.4375
1546800,435.56965417798585,0.0,0.4375,0.546875
1546900,435.7186832067877,0.0,0.5,0.46875
1547000,435.8239314236151,0.0,0.5,0.484375
1547100,435.9349744925029,0.0,0.4375,0.546875
1547200,436.0180122815493,0.0,0.4375,0.484375
1547300,436.11180006686203,0.0,0.375,0.421875
1547400,436.1768997940603,0.0,0.4375,0.5625
1547500,436.25397484548796,0.0,0.375,0.546875
1547600,436.38363048162756,0.0,0.4375,0.53125
1547700,436.4758561845624,0.0,0.375,0.515625
1547800,436.62884620506816,0.0,0.375,0.453125
1547900,436.7481598655693,0.0,0.5,0.359375
1548000,436.82405508544286,0.0,0.4375,0.546875
1548100,436.8874904726088,0.0,0.4375,0.53125
1548200,436.9621987460824,0.0,0.5625,0.609375
1548300,437.03882128774194,0.0,0.5,0.453125
1548400,437.102661773943,0.0,0.375,0.53125
1548500,437.14706985853326,0.0,0.375,0.5
1548600,437.2321565458563,0.0,0.375,0.546875
1548700,437.28728762882037,0.0,0.375,0.5625
1548800,437.4015749086232,0.0,0.4375,0.5
1548900,437.45583435211756,0.0,0.375,0.609375
1549000,437.4937058981326,0.0,0.375,0.46875
1549100,437.6165442073657,0.0,0.4375,0.578125
1549200,437.65812775478963,0.0,0.4375,0.453125
1549300,437.6961566875399,0.0,0.3125,0.546875
1549400,437.76533304049553,0.0,0.375,0.453125
1549500,437.7871274230931,0.0,0.375,0.46875
1549600,437.88175156248826,0.0,0.4375,0.484375
1549700,437.94656330509906,0.0,0.375,0.359375
1549800,438.0375864113275,0.0,0.4375,0.46875
1549900,438.07091237503016,0.0,0.4375,0.4375
1550000,248.10825651267393,0.0,0.4375,0.515625
1550100,248.42364087916278,0.0,0.4375,0.53125
1550200,248.95993394518646,0.0,0.3125,0.5
1550300,249.3818013389534,0.0,0.5,0.4375
1550400,249.94504790399816,0.0,0.375,0.546875
1550500,250.29693876736624,0.0,0.4375,0.5
1550600,250.7787568413721,0.0,0.4375,0.46875
1550700,251.42742767209592,0.0,0.375,0.5
1550800,252.11809511749397,0.0,0.375,0.53125
1550900,253.22428761471087,0.0,0.3125,0.390625
1551000,254.94886716059386,0.0,0.5,0.59375
1551100,257.6814568885847,0.0,0.4375,0.53125
1551200,263.06656572793133,0.0,0.375,0.453125
1551300,287.95596341839604,0.0,0.4375,0.609375
1551400,298.18138770068754,0.0,0.4375,0.484375
1551500,313.94026804892695,0.0,0.5,0.46875
1551600,318.3473780358914,0.0,0.375,0.5
1551700,323.3736627835252,0.0,0.375,0.46875
1551800,324.5425273079043,0.0,0.4375,0.515625
1551900,325.13455657081477,0.0,0.5,0.421875
1552000,326.44550250362596,0.0,0.5,0.546875
1552100,327.3053160768495,0.0,0.5,0.453125
1552200,328.133041805833,0.0,0.5,0.46875
1552300,328.92560717138224,0.0,0.4375,0.484375
1552400,329.36748071922085,0.0,0.3125,0.609375
1552500,330.2950317822028,0.0,0.375,0.484375
1552600,331.18804190537503,0.0,0.4375,0.40625
1552700,331.6377890127229,0.0,0.5,0.546875
1552800,332.7268363807398,0.0,0.375,0.515625
1552900,333.5122096189839,0.0,0.5,0.5625
1553000,334.3100799536848,0.0,0.3125,0.578125
1553100,334.95720300833096,0.0,0.5,0.4375
1553200,335.58547212703803,0.0,0.4375,0.5625
1553300,336.21707041980517,0.0,0.375,0.5
1553400,336.7566634422974,0.0,0.5,0.546875
1553500,337.6954770629122,0.0,0.375,0.5625
1553600,338.7946259781133,0.0,0.5,0.4375
1553700,339.454973537794,0.0,0.375,0.46875
1553800,340.14929632399856,0.0,0.5,0.59375
1553900,341.0281667332149,0.0,0.375,0.625
1554000,341.61017658507797,0.0,0.5,0.515625
1554100,342.0597426383751,0.0,0.4375,0.515625
1554200,342.59261165924005,0.0,0.4375,0.578125
1554300,344.098369933121,0.0,0.5,0.484375
1554400,346.26865252127794,0.0,0.5,0.484375
1554500,348.7936818960022,0.0,0.375,0.484375
1554600,351.1582358039209,0.0,0.375,0.546875
1554700,357.09189838819094,0.0,0.375,0.46875
1554800,367.1489721633978,0.0,0.3125,0.421875
1554900,378.17139364365227,0.0,0.4375,0.546875
1555000,388.7440271182589,0.0,0.375,0.5
1555100,391.11110797904377,0.0,0.375,0.484375
1555200,392.65256843832304,0.0,0.4375,0.59375
1555300,393.9531555460942,0.0,0.4375,0.609375
1555400,395.5349007928347,0.0,0.5,0.53125
1555500,397.1683824997483,0.0,0.5,0.53125
1555600,397.8209824721596,0.0,0.4375,0.546875
1555700,398.9147948835165,0.0,0.375,0.578125
1555800,400.0802172643209,0.0,0.375,0.421875
1555900,400.7464186542722,0.0,0.5,0.484375
1556000,401.29608900722184,0.0,0.4375,0.546875
1556100,402.0960290947572,0.0,0.4375,0.53125
1556200,402.5202008586057,0.0,0.5,0.4375
1556300,403.2913327716964,0.0,0.375,0.4375
1556400,403.81432543320915,0.0,0.4375,0.53125
1556500,404.30367768074177,0.0,0.4375,0.5625
1556600,405.08315786108585,0.0,0.375,0.546875
1556700,405.53626745823254,0.0,0.4375,0.5625
1556800,405.7429268240805,0.0,0.4375,0.53125
1556900,406.29338823445494,0.0,0.4375,0.546875
1557000,406.7282676089902,0.0,0.375,0.4375
1557100,407.07826955122886,0.0,0.4375,0.609375
1557200,407.32169947855107,0.0,0.5,0.59375
1557300,407.40696631007296,0.0,0.375,0.53125
1557400,407.7448869061373,0.0,0.4375,0.46875
1557500,408.08733336750026,0.0,0.4375,0.46875
1557600,408.49610614437864,0.0,0.4375,0.453125
1557700,408.74753437744243,0.0,0.4375,0.5625
1557800,408.8868679409775,0.0,0.3125,0.515625
1557900,409.2456346779409,0.0,0.25,0.515625
1558000,409.53163653943477,0.0,0.4375,0.40625
1558100,409.76205458111997,0.0,0.375,0.515625
1558200,409.9956587149988,0.0,0.4375,0.46875
1558300,410.1356015458163,0.0,0.4375,0.4375
1558400,410.31002978401233,0.0,0.5,0.546875
1558500,410.44817012864866,0.0,0.4375,0.515625
1558600,410.6351862335475,0.0,0.375,0.53125
1558700,410.75635635064225,0.0,0.4375,0.515625
1558800,410.9312549447167,0.0,0.375,0.4375
1558900,411.0294429537292,0.0,0.375,0.5625
1559000,411.1276248980835,0.0,0.375,0.5
1559100,411.30964232679776,0.0,0.3125,0.515625
1559200,411.451178789058,0.0,0.4375,0.421875
1559300,411.7195477994362,0.0,0.4375,0.46875
1559400,411.83109136827477,0.0,0.375,0.53125
1559500,411.89677157842993,0.0,0.4375,0.4375
1559600,412.1228608649241,0.0,0.3125,0.53125
1559700,412.40449680937377,0.0,0.375,0.5625
1559800,412.56129483456556,0.0,0.4375,0.53125
1559900,412.6501627486658,0.0,0.4375,0.515625
1560000,412.8710973501825,0.0,0.4375,0.484375
1560100,412.9640790765098,0.0,0.4375,0.5
1560200,413.03324957255666,0.0,0.4375,0.5625
1560300,413.2696845066014,0.0,0.5,0.53125
1560400,413.3492256451825,0.0,0.4375,0.578125
1560500,413.5766449384221,0.0,0.375,0.609375
1560600,413.74026863831494,0.0,0.375,0.4375
1560700,413.9546999351728,0.0,0.375,0.484375
1560800,414.1084354542455,0.0,0.5,0.484375
1560900,414.2904486185436,0.0,0.4375,0.53125
1561000,414.3602708645093,0.0,0.4375,0.53125
1561100,414.51309165702895,0.0,0.5,0.625
1561200,414.63728836898787,0.0,0.375,0.5625
1561300,414.7778098834667,0.0,0.5,0.515625
1561400,414.90786117214066,0.0,0.4375,0.484375
1561500,415.107389276196,0.0,0.4375,0.40625
1561600,415.163432782793,0.0,0.375,0.34375
1561700,415.32587794806335,0.0,0.4375,0.609375
1561800,415.3792918712225,0.0,0.4375,0.515625
1561900,415.46963950561786,0.0,0.4375,0.5625
1562000,415.5753235457038,0.0,0.4375,0.46875
1562100,415.74937173522477,0.0,0.375,0.46875
1562200,415.97451354043665,0.0,0.3125,0.53125
1562300,416.1038997342838,0.0,0.375,0.453125
1562400,416.1597820918474,0.0,0.375,0.4375
1562500,416.2023263763987,0.0,0.4375,0.46875
1562600,416.4059078876256,0.0,0.4375,0.625
1562700,416.5335210701535,0.0,0.375,0.390625
1562800,416.58483252982165,0.0,0.5,0.484375
1562900,416.6869399003761,0.0,0.3125,0.65625
1563000,416.7604885304672,0.0,0.5,0.484375
1563100,416.787707948455,0.0,0.5,0.5625
1563200,416.8475933781454,0.0,0.5,0.484375
1563300,416.93391038176037,0.0,0.4375,0.46875
1563400,417.0569652874401,0.0,0.5,0.515625
1563500,417.22314734398543,0.0,0.3125,0.453125
1563600,417.2920866112433,0.0,0.4375,0.5
1563700,417.33148388684174,0.0,0.4375,0.390625
1563800,417.45842657745584,0.0,0.375,0.5
1563900,417.56466163685536,0.0,0.4375,0.5
1564000,417.6551818971207,0.0,0.4375,0.4375
1564100,417.84296162700986,0.0,0.4375,0.453125
1564200,418.0226916873144,0.0,0.375,0.421875
1564300,418.1451126993627,0.0,0.375,0.453125
1564400,418.2314087013351,0.0,0.375,0.5
1564500,418.34934490934427,0.0,0.4375,0.515625
1564600,418.415244048848,0.0,0.375,0.515625
1564700,418.4679249598845,0.0,0.375,0.40625
1564800,418.48773350383897,0.0,0.4375,0.53125
1564900,418.5920803222078,0.0,0.4375,0.453125
1565000,418.6590441892458,0.0,0.3125,0.4375
1565100,418.7628097372409,0.0,0.5,0.515625
1565200,419.01075312920796,0.0,0.4375,0.453125
1565300,419.18942971382404,0.0,0.4375,0.40625
1565400,419.3958185015617,0.0,0.375,0.328125
1565500,419.5119871541513,0.0,0.4375,0.609375
1565600,419.5556759749505,0.0,0.5,0.5625
1565700,419.63014070732225,0.0,0.3125,0.5
1565800,419.7582759719001,0.0,0.375,0.4375
1565900,419.8254788844958,0.0,0.3125,0.453125
1566000,419.9115439891701,0.0,0.4375,0.359375
1566100,419.9852469824602,0.0,0.375,0.390625
1566200,420.02759591958153,0.0,0.3125,0.453125
1566300,420.0818186018926,0.0,0.4375,0.515625
1566400,420.10156387652324,0.0,0.4375,0.46875
1566500,420.25528014681436,0.0,0.5625,0.515625
1566600,420.3355457528262,0.0,0.4375,0.578125
1566700,420.36980604378385,0.0,0.5,0.515625
1566800,420.40501316467197,0.0,0.25,0.515625
1566900,420.54328278693833,0.0,0.4375,0.5625
1567000,420.57550337546184,0.0,0.375,0.453125
1567100,420.6997179421719,0.0,0.375,0.421875
1567200,420.84480916863123,0.0,0.4375,0.515625
1567300,420.9424595999664,0.0,0.5,0.484375
1567400,421.01307132014415,0.0,0.4375,0.421875
1567500,421.13881470245394,0.0,0.5,0.4375
1567600,421.1550017646137,0.0,0.4375,0.453125
1567700,421.19902191213146,0.0,0.4375,0.359375
1567800,421.2254126295533,0.0,0.5,0.53125
1567900,421.2961027222666,0.0,0.375,0.484375
1568000,421.8550305874812,0.0,0.4375,0.375
1568100,421.9226531426937,0.0,0.5,0.53125
1568200,422.03067102225117,0.0,0.375,0.46875
1568300,422.1544638655099,0.0,0.375,0.390625
1568400,422.2104104920519,0.0,0.375,0.515625
1568500,422.27472233359873,0.0,0.5,0.53125
1568600,422.46780836769835,0.0,0.375,0.328125
1568700,422.52763767922505,0.0,0.5,0.546875
1568800,422.6303465896891,0.0,0.3125,0.421875
1568900,422.76720437221707,0.0,0.4375,0.546875
1569000,422.89366712119454,0.0,0.375,0.53125
1569100,422.97806395989954,0.0,0.375,0.46875
1569200,423.0108771020319,0.0,0.375,0.4375
1569300,423.18923951810274,0.0,0.5,0.375
1569400,423.4023432186561,0.0,0.5,0.53125
1569500,423.46279607972366,0.0,0.5,0.453125
1569600,423.5314938141562,0.0,0.4375,0.4375
1569700,423.79656014510886,0.0,0.4375,0.3125
1569800,423.8426775537555,0.0,0.3125,0.4375
1569900,423.87572375263915,0.0,0.375,0.5625
1570000,423.89446682735803,0.0,0.4375,0.40625
1570100,423.9650653979609,0.0,0.3125,0.34375
1570200,424.0213576320781,0.0,0.4375,0.578125
1570300,424.051167840718,0.0,0.5,0.4375
1570400,424.09659189340186,0.0,0.5,0.375
1570500,424.10409680181823,0.0,0.4375,0.484375
1570600,424.13142499444484,0.0,0.4375,0.578125
1570700,424.1710902316102,0.0,0.375,0.46875
1570800,424.22972764700177,0.0,0.4375,0.5625
1570900,424.255920527092,0.0,0.4375,0.390625
1571000,424.2848696947584,0.0,0.375,0.421875
1571100,424.29237335135946,0.0,0.5,0.390625
1571200,424.39952257313286,0.0,0.375,0.421875
1571300,424.43121394170043,0.0,0.375,0.46875
1571400,424.57367889511005,0.0,0.375,0.4375
1571500,424.7283957885874,0.0,0.5,0.375
1571600,424.8369700972122,0.0,0.4375,0.4375
1571700,424.90460166737,0.0,0.4375,0.46875
1571800,425.03019756713525,0.0,0.4375,0.375
1571900,425.0542603687068,0.0,0.3125,0.296875
1572000,425.07918383559667,0.0,0.375,0.4375
1572100,425.1744705507682,0.0,0.375,0.453125
1572200,425.3116037318531,0.0,0.5,0.5
1572300,425.3525831262798,0.0,0.375,0.4375
1572400,425.3771577990729,0.0,0.4375,0.40625
1572500,425.64857346265626,0.0,0.375,0.421875
1572600,425.70063840013114,0.0,0.4375,0.359375
1572700,425.76375307375724,0.0,0.4375,0.515625
1572800,425.78631487773146,0.0,0.4375,0.453125
1572900,425.81542271708986,0.0,0.5,0.4375
1573000,425.8471165226665,0.0,0.4375,0.359375
1573100,425.95616006999524,0.0,0.4375,0.359375
1573200,426.02327573631317,0.0,0.4375,0.4375
1573300,426.0600419852385,0.0,0.5,0.46875
1573400,426.08018473465864,0.0,0.4375,0.390625
1573500,426.1166206459189,0.0,0.375,0.484375
1573600,426.1701393561579,0.0,0.5,0.40625
1573700,426.2147296490843,0.0,0.4375,0.453125
1573800,426.232422056661,0.0,0.5625,0.46875
1573900,426.274063002005,0.0,0.4375,0.34375
1574000,426.36901276282606,0.0,0.5,0.4375
1574100,426.4545673150268,0.0,0.5,0.453125
1574200,426.51873229669496,0.0,0.5625,0.34375
1574300,426.5334570993041,0.0,0.4375,0.390625
1574400,426.6110284800331,0.0,0.25,0.421875
1574500,426.67207728899,0.0,0.25,0.4375
1574600,426.87182672377384,0.0,0.5,0.359375
1574700,426.8863610767268,0.0,0.4375,0.421875
1574800,426.9409799332492,0.0,0.4375,0.328125
1574900,427.00558422117246,0.0,0.4375,0.453125
1575000,228.52591615225936,0.0,0.375,0.3125
1575100,232.3234685325998,0.0,0.5625,0.46875
1575200,235.76743482107872,0.0,0.5,0.390625
1575300,241.3182604525138,0.0,0.5,0.46875
1575400,243.90626677409637,0.0,0.375,0.390625
1575500,248.65012715940142,0.0,0.5,0.40625
1575600,253.4442363516316,0.0,0.4375,0.40625
1575700,257.18224162561637,0.0,0.5,0.5625
1575800,262.91497700027674,0.0,0.5,0.34375
1575900,268.3461761436381,0.0,0.5,0.390625
1576000,273.1428757155044,0.0,0.4375,0.515625
1576100,279.2856458215604,0.0,0.4375,0.4375
1576200,285.93919360778466,0.0,0.4375,0.390625
1576300,290.3595778336485,0.0,0.4375,0.390625
1576400,296.44100274561174,0.0,0.375,0.328125
1576500,301.6714019689953,0.0,0.4375,0.34375
1576600,307.5122660473325,0.0,0.3125,0.40625
1576700,312.0190027031146,0.0,0.3125,0.234375
1576800,315.2504505957288,0.0,0.4375,0.359375
1576900,319.5511236799591,0.0,0.375,0.28125
1577000,322.3007201608756,0.0,0.4375,0.390625
1577100,325.077033697873,0.0,0.5,0.390625
1577200,328.0435232946554,0.0,0.375,0.328125
1577300,331.72596863175727,0.0,0.5,0.46875
1577400,334.2154000158005,0.0,0.5,0.328125
1577500,336.2866911482964,0.0,0.4375,0.390625
1577600,337.78372532335834,0.0,0.5625,0.4375
1577700,339.05835153127964,0.0,0.375,0.375
1577800,340.2041060605329,0.0,0.375,0.28125
1577900,341.233773910191,0.0,0.5,0.5
1578000,343.19971735905045,0.0,0.5,0.484375
1578100,344.85641114153566,0.0,0.5,0.390625
1578200,346.42345722796773,0.0,0.375,0.375
1578300,348.89686263137435,0.0,0.5,0.453125
1578400,351.0002247038643,0.0,0.4375,0.46875
1578500,356.7042720752791,0.0,0.5,0.375
1578600,363.77980863989126,0.0,0.5625,0.4375
1578700,370.3656796978723,0.0,0.5625,0.375
1578800,378.54675992777044,0.0,0.375,0.359375
1578900,385.6338568256917,0.0,0.5,0.390625
1579000,391.55144087369,0.0,0.4375,0.40625
1579100,397.3569221760897,0.0,0.3125,0.34375
1579200,406.7577251333362,0.0,0.375,0.3125
1579300,411.79889365019653,0.0,0.3125,0.34375
1579400,417.69240859690416,0.0,0.5,0.4375
1579500,423.0808126360068,0.0,0.5,0.5
1579600,426.4665909610654,0.0,0.5,0.328125
1579700,430.74770689812306,0.0,0.5,0.375
1579800,432.61950763104,0.0,0.375,0.3125
1579900,433.95101868878413,0.0,0.5,0.375
1580000,435.96296251159424,0.0,0.4375,0.359375
1580100,437.1270861468403,0.0,0.5,0.46875
1580200,437.7710856974251,0.0,0.4375,0.390625
1580300,438.431434299889,0.0,0.375,0.359375
1580400,438.89507172232203,0.0,0.5,0.421875
1580500,439.38344042505724,0.0,0.4375,0.390625
1580600,439.773041934771,0.0,0.5,0.421875
1580700,440.3379020354753,0.0,0.5,0.4375
1580800,440.9885871053901,0.0,0.375,0.265625
1580900,441.3287075576805,0.0,0.4375,0.34375
1581000,441.72067633316686,0.0,0.4375,0.3125
1581100,442.01697485244523,0.0,0.4375,0.359375
1581200,442.2503903543057,0.0,0.3125,0.359375
1581300,442.5666201013594,0.0,0.5625,0.515625
1581400,442.7649716019615,0.0,0.3125,0.359375
1581500,442.9994068825881,0.0,0.4375,0.40625
1581600,443.2918312481846,0.0,0.4375,0.390625
1581700,443.50616500019635,0.0,0.4375,0.40625
1581800,443.7485062182274,0.0,0.375,0.34375
1581900,444.0043860372037,0.0,0.5,0.4375
1582000,444.18226867453643,0.0,0.5,0.390625
1582100,444.3886032570791,0.0,0.4375,0.328125
1582200,444.5289085073156,0.0,0.5,0.390625
1582300,444.8393563372843,0.0,0.5,0.296875
1582400,445.1321817605921,0.0,0.4375,0.40625
1582500,445.3148487946501,0.0,0.3125,0.328125
1582600,445.50679339892474,0.0,0.4375,0.453125
1582700,445.7566371088435,0.0,0.5,0.390625
1582800,445.9917972014834,0.0,0.4375,0.328125
1582900,446.19318277105043,0.0,0.4375,0.515625
1583000,446.39437001505223,0.0,0.4375,0.421875
1583100,446.57023622836783,0.0,0.5,0.390625
1583200,446.7438982184539,0.0,0.4375,0.296875
1583300,446.97642993486807,0.0,0.5,0.5
1583400,447.0535339966036,0.0,0.4375,0.359375
1583500,447.1947243669785,0.0,0.375,0.1875
1583600,447.2926458501373,0.0,0.375,0.421875
1583700,447.3370823970439,0.0,0.5,0.40625
1583800,447.4225461353655,0.0,0.4375,0.328125
1583900,447.5564049972064,0.0,0.5,0.390625
1584000,447.6378546190185,0.0,0.5625,0.40625
1584100,447.7258545853476,0.0,0.5,0.359375
1584200,447.8091909845468,0.0,0.3125,0.40625
1584300,447.8990625935768,0.0,0.4375,0.359375
1584400,447.9490120153246,0.0,0.5,0.40625
1584500,448.0233015354902,0.0,0.5,0.359375
1584600,448.0903568929183,0.0,0.375,0.421875
1584700,448.1499282692433,0.0,0.4375,0.421875
1584800,448.1893336283659,0.0,0.4375,0.265625
1584900,448.29167352801477,0.0,0.5625,0.484375
1585000,448.36571761578637,0.0,0.5,0.4375
1585100,448.43869333808055,0.0,0.5,0.421875
1585200,448.50633366791675,0.0,0.4375,0.34375
1585300,448.5803152408048,0.0,0.4375,0.34375
1585400,448.651487649218,0.0,0.4375,0.375
1585500,448.7460805741878,0.0,0.375,0.34375
1585600,448.777070134111,0.0,0.4375,0.3125
1585700,448.8558822047408,0.0,0.4375,0.40625
1585800,448.90354790690793,0.0,0.5,0.40625
1585900,448.97296716898654,0.0,0.4375,0.53125
1586000,449.0575512858154,0.0,0.3125,0.34375
1586100,449.08367445474636,0.0,0.4375,0.46875
1586200,449.12595244003336,0.0,0.5,0.28125
1586300,449.18508486468096,0.0,0.5,0.40625
1586400,449.2316794508048,0.0,0.4375,0.4375
1586500,449.2879959754846,0.0,0.375,0.375
1586600,449.35417658776316,0.0,0.375,0.359375
1586700,449.38243608644945,0.0,0.4375,0.34375
1586800,449.4055751953176,0.0,0.375,0.34375
1586900,449.4333397345891,0.0,0.4375,0.359375
1587000,449.49522539355706,0.0,0.3125,0.359375
1587100,449.5236941913847,0.0,0.4375,0.328125
1587200,449.5434448900095,0.0,0.375,0.328125
1587300,449.5775758564007,0.0,0.5,0.40625
1587400,449.60619100364863,0.0,0.4375,0.359375
1587500,449.6413935533996,0.0,0.5625,0.578125
1587600,449.66219338883997,0.0,0.4375,0.5
1587700,449.71884553740836,0.0,0.5,0.453125
1587800,449.76804911078654,0.0,0.5625,0.390625
1587900,449.8012728964408,0.0,0.5,0.40625
1588000,449.8250062055274,0.0,0.4375,0.421875
1588100,449.83887369547307,0.0,0.375,0.40625
1588200,449.8519335330949,0.0,0.4375,0.421875
1588300,449.90912732675156,0.0,0.5,0.421875
1588400,449.9401623122033,0.0,0.375,0.3125
1588500,449.9617135326494,0.0,0.5,0.3125
1588600,449.98383178986023,0.0,0.5,0.46875
1588700,450.0035724148672,0.0,0.4375,0.359375
1588800,450.02669895795725,0.0,0.5,0.484375
1588900,450.04360621231325,0.0,0.5,0.328125
1589000,450.0659316876346,0.0,0.5625,0.40625
1589100,450.0958161979925,0.0,0.375,0.375
1589200,450.11588959769597,0.0,0.5,0.375
1589300,450.13653733807695,0.0,0.5,0.375
1589400,450.1620047770832,0.0,0.5,0.4375
1589500,450.2279215483055,0.0,0.4375,0.359375
1589600,450.2606358476351,0.0,0.4375,0.40625
1589700,450.29298415435085,0.0,0.3125,0.296875
1589800,450.3275963260443,0.0,0.5,0.390625
1589900,450.3530870225565,0.0,0.5,0.40625
1590000,450.3804328441161,0.0,0.5,0.421875
1590100,450.3953494666297,0.0,0.5625,0.421875
1590200,450.43706908614115,0.0,0.5,0.4375
1590300,450.460001419642,0.0,0.5625,0.359375
1590400,450.49601184825775,0.0,0.4375,0.4375
1590500,450.5230223532285,0.0,0.5,0.421875
1590600,450.54102260331047,0.0,0.4375,0.40625
1590700,450.5764610886468,0.0,0.375,0.40625
1590800,450.5825361047279,0.0,0.4375,0.375
1590900,450.60186284577185,0.0,0.375,0.359375
1591000,450.6091164504471,0.0,0.5,0.375
1591100,450.62459644611675,0.0,0.4375,0.453125
1591200,450.6575271166247,0.0,0.5,0.40625
1591300,450.68307728789216,0.0,0.4375,0.453125
1591400,450.73098284825676,0.0,0.4375,0.328125
1591500,450.7580172934637,0.0,0.4375,0.359375
1591600,450.79044703240544,0.0,0.5,0.4375
1591700,450.8343956572228,0.0,0.375,0.296875
1591800,450.8589907052648,0.0,0.5,0.390625
1591900,450.880664112,0.0,0.5,0.46875
1592000,450.90720791626705,0.0,0.4375,0.421875
1592100,450.9503902856031,0.0,0.4375,0.359375
1592200,450.9705630752293,0.0,0.4375,0.390625
1592300,450.98747900708787,0.0,0.375,0.421875
1592400,451.0149940388782,0.0,0.5,0.578125
1592500,451.0487869135065,0.0,0.5,0.40625
1592600,451.0608924607297,0.0,0.4375,0.375
1592700,451.09453048413684,0.0,0.5,0.484375
1592800,451.1074607479276,0.0,0.5625,0.40625
1592900,451.14344087600244,0.0,0.4375,0.390625
1593000,451.15105673589585,0.0,0.5,0.390625
1593100,451.181052267589,0.0,0.4375,0.296875
1593200,451.20306818627995,0.0,0.5,0.5
1593300,451.23316101181155,0.0,0.5,0.40625
1593400,451.2518970395594,0.0,0.375,0.40625
1593500,451.28662722666394,0.0,0.5,0.515625
1593600,451.301677239729,0.0,0.5,0.328125
1593700,451.3098137156701,0.0,0.5,0.4375
1593800,451.33868524954016,0.0,0.5,0.515625
1593900,451.36318984029106,0.0,0.5625,0.359375
1594000,451.3806120250877,0.0,0.5625,0.375
1594100,451.40859542701855,0.0,0.5,0.359375
1594200,451.4415286526694,0.0,0.4375,0.375
1594300,451.45200699942905,0.0,0.5,0.484375
1594400,451.47261042595073,0.0,0.4375,0.296875
1594500,451.4872923255305,0.0,0.4375,0.375
1594600,451.51446958669845,0.0,0.5,0.484375
1594700,451.5413284449028,0.0,0.5,0.390625
1594800,451.56489670943637,0.0,0.5,0.4375
1594900,451.5802532981607,0.0,0.5,0.34375
1595000,451.59478210493023,0.0,0.4375,0.453125
1595100,451.60373890174367,0.0,0.375,0.375
1595200,451.6246551251507,0.0,0.5,0.375
1595300,451.6458003495172,0.0,0.5,0.390625
1595400,451.6913328462401,0.0,0.4375,0.46875
1595500,451.7129526940881,0.0,0.4375,0.390625
1595600,451.75217618043837,0.0,0.3125,0.40625
1595700,451.7663733241967,0.0,0.375,0.40625
1595800,451.78941658144345,0.0,0.5625,0.46875
1595900,451.8093299723792,0.0,0.5,0.390625
1596000,451.8182098677754,0.0,0.5,0.46875
1596100,451.83059990439057,0.0,0.5,0.4375
1596200,451.8686835789163,0.0,0.4375,0.453125
1596300,451.88778369641153,0.0,0.5,0.375
1596400,451.8973833423713,0.0,0.375,0.40625
1596500,451.90267685805884,0.0,0.5,0.46875
1596600,451.90932210495396,0.0,0.375,0.4375
1596700,451.9200916401613,0.0,0.4375,0.390625
1596800,451.942211061395,0.0,0.4375,0.34375
1596900,451.96791808216136,0.0,0.3125,0.421875
1597000,452.0147292678787,0.0,0.4375,0.359375
1597100,452.0416753893239,0.0,0.4375,0.421875
1597200,452.0431699458087,0.0,0.5,0.390625
1597300,452.0540717136533,0.0,0.375,0.296875
1597400,452.0625005690713,0.0,0.5,0.4375
1597500,452.08548445125365,0.0,0.5,0.375
1597600,452.1127813494483,0.0,0.4375,0.4375
1597700,452.1170202962557,0.0,0.4375,0.34375
1597800,452.130639333242,0.0,0.5625,0.34375
1597900,452.1492305911569,0.0,0.5,0.53125
1598000,452.1553363768445,0.0,0.5,0.40625
1598100,452.1618822797677,0.0,0.4375,0.375
1598200,452.16676452285736,0.0,0.375,0.375
1598300,452.19408511243734,0.0,0.5,0.421875
1598400,452.2060355704034,0.0,0.375,0.296875
1598500,452.22115587385576,0.0,0.5,0.4375
1598600,452.22623985315676,0.0,0.4375,0.40625
1598700,452.23220473892263,0.0,0.5625,0.4375
1598800,452.2377438352982,0.0,0.4375,0.40625
1598900,452.2402657100128,0.0,0.375,0.390625
1599000,452.25929330707976,0.0,0.5,0.40625
1599100,452.2691711529992,0.0,0.5,0.421875
1599200,452.2841305666415,0.0,0.4375,0.375
1599300,452.30725423908746,0.0,0.5,0.53125
1599400,452.3242375965638,0.0,0.3125,0.34375
1599500,452.32819260120505,0.0,0.375,0.34375
1599600,452.33185971821354,0.0,0.5,0.546875
1599700,452.3536792741773,0.0,0.5,0.359375
1599800,452.3713768248213,0.0,0.5,0.46875
1599900,452.3772337535009,0.0,0.5,0.46875
1600000,238.93416473356277,0.0,0.4375,0.453125
1600100,239.05473749272022,0.0,0.375,0.484375
1600200,239.20964929561347,0.0,0.5625,0.390625
1600300,239.39038880248884,0.0,0.5,0.40625
1600400,239.6339363015614,0.0,0.375,0.46875
1600500,239.88223642556477,0.0,0.4375,0.421875
1600600,240.20807415042015,0.0,0.5,0.375
1600700,240.34911812936048,0.0,0.5,0.5
1600800,240.72137954358283,0.0,0.4375,0.375
1600900,240.97566244156027,0.0,0.5,0.484375
1601000,241.47623599544642,0.0,0.4375,0.40625
1601100,241.8096911394282,0.0,0.3125,0.4375
1601200,242.1930034466564,0.0,0.4375,0.4375
1601300,243.0282824365812,0.0,0.4375,0.34375
1601400,243.5967547812235,0.0,0.4375,0.5
1601500,244.51713728613433,0.0,0.3125,0.46875
1601600,245.35451560422248,0.0,0.4375,0.453125
1601700,246.2233691449253,0.0,0.375,0.3125
1601800,249.5368306873517,0.0,0.5,0.40625
1601900,256.103334709514,0.0,0.4375,0.484375
1602000,259.30963991214605,0.0,0.4375,0.421875
1602100,293.22244337215284,0.0,0.5,0.359375
1602200,322.6558628204216,0.0,0.5625,0.359375
1602300,335.7780176049379,0.0,0.5,0.46875
1602400,339.09202095836497,0.0,0.375,0.390625
1602500,344.6934405970396,0.0,0.625,0.421875
1602600,348.2743299421166,0.0,0.4375,0.375
1602700,349.9750893907559,0.0,0.5,0.375
1602800,353.6539871965433,0.0,0.4375,0.421875
1602900,357.030470047109,0.0,0.5,0.390625
1603000,359.4557066048079,0.0,0.5,0.34375
1603100,362.5148675209486,0.0,0.4375,0.390625
1603200,366.3862113665013,0.0,0.375,0.359375
1603300,371.11582118694605,0.0,0.4375,0.484375
1603400,378.3764902301279,0.0,0.5,0.546875
1603500,384.20802707410166,0.0,0.5,0.390625
1603600,393.4969591312989,0.0,0.5,0.46875
1603700,402.3980206618819,0.0,0.5,0.375
1603800,405.2307443862941,0.0,0.375,0.453125
1603900,406.86864831499173,0.0,0.4375,0.421875
1604000,407.26401652885124,0.0,0.5,0.421875
1604100,407.5378049725473,0.0,0.4375,0.421875
1604200,407.94906321743423,0.0,0.375,0.359375
1604300,408.4073214944629,0.0,0.5625,0.375
1604400,408.6733915626487,0.0,0.4375,0.359375
1604500,409.01118241416253,0.0,0.5,0.3125
1604600,409.499629333897,0.0,0.4375,0.40625
1604700,409.6555607897613,0.0,0.375,0.390625
1604800,409.8841668538148,0.0,0.5,0.421875
1604900,410.264596728572,0.0,0.4375,0.453125
1605000,410.689029934515,0.0,0.5,0.3125
1605100,410.9694922500263,0.0,0.5,0.484375
1605200,411.30366023260706,0.0,0.4375,0.453125
1605300,411.59012546441966,0.0,0.5,0.5
1605400,411.95821367527924,0.0,0.4375,0.390625
1605500,412.2429217414011,0.0,0.4375,0.53125
1605600,412.4613099241184,0.0,0.5,0.5
1605700,412.7696856121113,0.0,0.375,0.390625
1605800,413.1886985085844,0.0,0.5,0.453125
1605900,413.47245471265944,0.0,0.5625,0.375
1606000,413.5737170926996,0.0,0.5,0.328125
1606100,413.8843338655939,0.0,0.5625,0.390625
1606200,414.0546566869434,0.0,0.4375,0.4375
1606300,414.2693491186569,0.0,0.4375,0.375
1606400,414.4257780356836,0.0,0.5,0.453125
1606500,414.5620977106448,0.0,0.5,0.515625
1606600,414.70381694358844,0.0,0.5,0.359375
1606700,414.8851884039443,0.0,0.4375,0.375
1606800,415.10595425827825,0.0,0.5,0.40625
1606900,415.271267296401,0.0,0.5,0.5
1607000,415.499752503713,0.0,0.4375,0.453125
1607100,415.7220733903502,0.0,0.4375,0.375
1607200,415.9008007673704,0.0,0.4375,0.390625
1607300,416.17310807550285,0.0,0.375,0.421875
1607400,416.2547637372509,0.0,0.5,0.4375
1607500,416.3087313847789,0.0,0.5625,0.484375
1607600,416.4732888861211,0.0,0.5,0.328125
1607700,416.5428875602701,0.0,0.5,0.515625
1607800,416.6536959150514,0.0,0.3125,0.3125
1607900,416.8772125964796,0.0,0.5,0.359375
1608000,416.97202277062814,0.0,0.5625,0.375
1608100,417.0422823821228,0.0,0.4375,0.453125
1608200,417.1658810331989,0.0,0.4375,0.515625
1608300,417.1977945288119,0.0,0.375,0.359375
1608400,417.2935945287047,0.0,0.5,0.390625
1608500,417.45009388349547,0.0,0.375,0.359375
1608600,417.5650849698309,0.0,0.5,0.4375
1608700,417.76157141936216,0.0,0.5,0.421875
1608800,417.8547194728075,0.0,0.25,0.375
1608900,417.9670539439029,0.0,0.5,0.46875
1609000,418.0065170410427,0.0,0.5,0.4375
1609100,418.0559768672678,0.0,0.5625,0.453125
1609200,418.13031896043066,0.0,0.4375,0.4375
1609300,418.1836837954024,0.0,0.5,0.390625
1609400,418.22346858896174,0.0,0.5,0.34375
1609500,418.3451512698986,0.0,0.4375,0.328125
1609600,418.4459099762656,0.0,0.375,0.375
1609700,418.532539085648,0.0,0.4375,0.421875
1609800,418.66054415420876,0.0,0.5625,0.375
1609900,418.7415444309714,0.0,0.4375,0.4375
1610000,418.85478416209753,0.0,0.5,0.421875
1610100,418.95951642920124,0.0,0.5625,0.3125
1610200,419.04029443512366,0.0,0.5,0.40625
1610300,419.26477447219156,0.0,0.5,0.421875
1610400,419.440564895339,0.0,0.4375,0.28125
1610500,419.48338558172736,0.0,0.4375,0.421875
1610600,419.58070590535766,0.0,0.4375,0.390625
1610700,419.63037621118576,0.0,0.4375,0.328125
1610800,419.67481363076257,0.0,0.5,0.484375
1610900,419.69382992994485,0.0,0.4375,0.359375
1611000,419.7649716714186,0.0,0.5,0.328125
1611100,419.82632571855004,0.0,0.4375,0.328125
1611200,419.94058846355557,0.0,0.375,0.390625
1611300,419.9949175027588,0.0,0.375,0.296875
1611400,420.0831742953468,0.0,0.3125,0.265625
1611500,420.2257430134309,0.0,0.5,0.40625
1611600,420.2934920176764,0.0,0.5,0.375
1611700,420.38916345831103,0.0,0.4375,0.359375
1611800,420.515218125764,0.0,0.5625,0.328125
1611900,420.6179603983305,0.0,0.4375,0.4375
1612000,420.6948487852179,0.0,0.5,0.515625
1612100,420.7754707544214,0.0,0.5,0.453125
1612200,420.95432681873007,0.0,0.5,0.375
1612300,421.0158618964424,0.0,0.4375,0.328125
1612400,421.14559462203374,0.0,0.25,0.421875
1612500,421.2561997669781,0.0,0.4375,0.265625
1612600,421.32708019190477,0.0,0.4375,0.546875
1612700,421.4133592769117,0.0,0.4375,0.359375
1612800,421.468902301097,0.0,0.5,0.421875
1612900,421.55910345406227,0.0,0.4375,0.375
1613000,421.7321830068704,0.0,0.5,0.421875
1613100,421.7988803032144,0.0,0.4375,0.4375
1613200,421.85414129798454,0.0,0.5,0.375
1613300,421.9577672550695,0.0,0.375,0.3125
1613400,422.1400979858363,0.0,0.5,0.390625
1613500,422.2572500096124,0.0,0.5625,0.40625
1613600,422.325572997721,0.0,0.375,0.421875
1613700,422.4102531316682,0.0,0.4375,0.4375
1613800,422.44677472823497,0.0,0.375,0.34375
1613900,422.6592449800069,0.0,0.4375,0.453125
1614000,422.7017866280339,0.0,0.375,0.4375
1614100,422.74991789261924,0.0,0.5,0.390625
1614200,422.9031076123533,0.0,0.375,0.421875
1614300,422.9691466785926,0.0,0.4375,0.328125
1614400,423.0040239780731,0.0,0.375,0.4375
1614500,423.05097043046703,0.0,0.4375,0.40625
1614600,423.0989173211772,0.0,0.5,0.4375
1614700,423.28759176267556,0.0,0.5,0.3125
1614800,423.33077436602855,0.0,0.5,0.28125
1614900,423.3950497381214,0.0,0.5,0.390625
1615000,423.50703910671825,0.0,0.375,0.359375
1615100,423.55361282283843,0.0,0.4375,0.265625
1615200,423.70760624484376,0.0,0.4375,0.390625
1615300,423.75603256080126,0.0,0.375,0.375
1615400,423.8574257363672,0.0,0.4375,0.359375
1615500,423.9482746700063,0.0,0.4375,0.515625
1615600,423.99800815446514,0.0,0.5,0.4375
1615700,424.16074158389836,0.0,0.375,0.40625
1615800,424.2411269861425,0.0,0.4375,0.46875
1615900,424.298166585246,0.0,0.4375,0.40625
1616000,424.4049693394099,0.0,0.4375,0.421875
1616100,424.4800003765564,0.0,0.5,0.34375
1616200,424.55771858641856,0.0,0.4375,0.4375
1616300,424.6830165345836,0.0,0.4375,0.328125
1616400,424.8130648541254,0.0,0.5625,0.390625
1616500,424.8486620324789,0.0,0.4375,0.40625
1616600,424.8700046043782,0.0,0.4375,0.34375
1616700,424.9670411853991,0.0,0.5625,0.390625
1616800,425.1122379290738,0.0,0.5,0.53125
1616900,425.1985296221411,0.0,0.375,0.375
1617000,425.30704964912104,0.0,0.5625,0.4375
1617100,425.3383816305543,0.0,0.5625,0.390625
1617200,425.4557516699,0.0,0.5625,0.46875
1617300,425.56534629813365,0.0,0.4375,0.375
1617400,425.62025485691885,0.0,0.5,0.4375
1617500,425.6497209943654,0.0,0.5,0.390625
1617600,425.7242896409932,0.0,0.5625,0.5
1617700,425.79200874894315,0.0,0.5,0.421875
1617800,425.837826182667,0.0,0.5,0.375
1617900,425.87076384276224,0.0,0.5,0.390625
1618000,425.8949012278085,0.0,0.5,0.5625
1618100,425.96077719964904,0.0,0.375,0.4375
1618200,425.9789223485701,0.0,0.5,0.421875
1618300,426.0946508418223,0.0,0.5,0.390625
1618400,426.1755003202089,0.0,0.5,0.4375
1618500,426.3251128550684,0.0,0.4375,0.5
1618600,426.4227738877233,0.0,0.5,0.390625
1618700,426.5103724804893,0.0,0.4375,0.390625
1618800,426.632686073074,0.0,0.5,0.375
1618900,426.6945494945161,0.0,0.5,0.390625
1619000,426.79520700663966,0.0,0.4375,0.3125
1619100,426.835880368603,0.0,0.4375,0.375
1619200,426.8532770920107,0.0,0.5625,0.484375
1619300,426.88488191152356,0.0,0.4375,0.390625
1619400,426.9162735742073,0.0,0.4375,0.375
1619500,426.93391497629807,0.0,0.4375,0.359375
1619600,426.98928994240305,0.0,0.4375,0.359375
1619700,427.0450088538502,0.0,0.5,0.375
1619800,427.1002054234637,0.0,0.5,0.453125
1619900,427.16164708492147,0.0,0.5625,0.4375
1620000,427.27414667535976,0.0,0.4375,0.421875
1620100,427.32762052285005,0.0,0.5,0.421875
1620200,427.3503023505681,0.0,0.5,0.390625
1620300,427.5426524721735,0.0,0.5625,0.40625
1620400,427.61206369602615,0.0,0.4375,0.34375
1620500,427.63419021316884,0.0,0.5625,0.421875
1620600,427.7114865517487,0.0,0.5,0.375
1620700,427.8056594622963,0.0,0.5,0.453125
1620800,427.8417816775825,0.0,0.375,0.359375
1620900,427.9359282494134,0.0,0.375,0.46875
1621000,428.0209601561445,0.0,0.4375,0.46875
1621100,428.1347141083145,0.0,0.4375,0.390625
1621200,428.1724620452661,0.0,0.5625,0.34375
1621300,428.2330047977857,0.0,0.4375,0.359375
1621400,428.3001986006095,0.0,0.3125,0.34375
1621500,428.4491433056398,0.0,0.4375,0.46875
1621600,428.5019393211283,0.0,0.5,0.34375
1621700,428.529422557835,0.0,0.5,0.328125
1621800,428.62127366139464,0.0,0.5625,0.484375
1621900,428.648262425621,0.0,0.375,0.3125
1622000,428.66884255581215,0.0,0.375,0.296875
1622100,428.7242022168007,0.0,0.5,0.46875
1622200,428.7984087458281,0.0,0.4375,0.375
1622300,428.84124460568273,0.0,0.5,0.5
1622400,428.8647121960709,0.0,0.5,0.375
1622500,428.9281499590287,0.0,0.5,0.390625
1622600,428.9651269012184,0.0,0.5,0.4375
1622700,429.02893704062427,0.0,0.5625,0.328125
1622800,429.051956189068,0.0,0.375,0.28125
1622900,429.06955983535124,0.0,0.375,0.453125
1623000,429.10176205112333,0.0,0.375,0.28125
1623100,429.2025758808173,0.0,0.4375,0.375
1623200,429.2254317642158,0.0,0.375,0.46875
1623300,429.2435610097917,0.0,0.5625,0.328125
1623400,429.36523621657074,0.0,0.4375,0.4375
1623500,429.4417765804984,0.0,0.375,0.328125
1623600,429.5627944596713,0.0,0.5,0.3125
1623700,429.65916747511244,0.0,0.375,0.375
1623800,429.75990648000317,0.0,0.5625,0.390625
1623900,429.8117372443929,0.0,0.5,0.421875
1624000,429.84472379591193,0.0,0.3125,0.328125
1624100,429.8997284686094,0.0,0.3125,0.40625
1624200,429.93597162936743,0.0,0.5625,0.390625
1624300,430.0124869531912,0.0,0.375,0.21875
1624400,430.12358768706025,0.0,0.5,0.296875
1624500,430.179194413794,0.0,0.5,0.390625
1624600,430.2236563389541,0.0,0.5,0.359375
1624700,430.2533532984706,0.0,0.5,0.359375
1624800,430.3420527771905,0.0,0.4375,0.40625
1624900,430.41952210845136,0.0,0.375,0.328125
1625000,260.80906921890306,0.0,0.4375,0.328125
1625100,261.01291203533725,0.0,0.4375,0.40625
1625200,261.57107666154724,0.0,0.5,0.390625
1625300,262.20872901951486,0.0,0.5,0.421875
1625400,264.35939631291967,0.0,0.5625,0.34375
1625500,265.5254898720988,0.0,0.4375,0.375
1625600,267.5365074951808,0.0,0.5625,0.375
1625700,270.7578690763877,0.0,0.5,0.328125
1625800,273.72129102532284,0.0,0.4375,0.3125
1625900,281.09509804199985,0.0,0.5625,0.53125
1626000,287.5309745575245,0.0,0.4375,0.453125
1626100,295.01126155703884,0.0,0.5,0.46875
1626200,299.67123518887377,0.0,0.4375,0.453125
1626300,305.43252598228963,0.0,0.4375,0.296875
1626400,309.5288781248641,0.0,0.375,0.34375
1626500,315.0383695248846,0.0,0.5,0.34375
1626600,318.6668492572981,0.0,0.5,0.40625
1626700,322.16797844663824,0.0,0.5625,0.421875
1626800,325.57389010329524,0.0,0.4375,0.359375
1626900,327.8691706236732,0.0,0.5,0.390625
1627000,328.4625139337414,0.0,0.5,0.34375
1627100,328.64258947968665,0.0,0.4375,0.46875
1627200,328.9931704068025,0.0,0.4375,0.4375
1627300,329.35539175146374,0.0,0.4375,0.4375
1627400,329.544051065038,0.0,0.375,0.328125
1627500,329.88985099197606,0.0,0.5625,0.4375
1627600,330.2231305115781,0.0,0.5,0.375
1627700,330.46091979529143,0.0,0.375,0.421875
1627800,330.7746568016314,0.0,0.5,0.4375
1627900,331.17037012300744,0.0,0.3125,0.328125
1628000,331.54576913108633,0.0,0.5625,0.4375
1628100,332.0295471312397,0.0,0.4375,0.453125
1628200,332.41258159680257,0.0,0.5,0.3125
1628300,332.8374357226044,0.0,0.5625,0.421875
1628400,333.24990949332545,0.0,0.375,0.265625
1628500,333.7085213349348,0.0,0.5625,0.390625
1628600,333.98032500196854,0.0,0.4375,0.4375
1628700,334.3061440837755,0.0,0.5,0.5
1628800,335.12362965493236,0.0,0.4375,0.28125
1628900,335.74015830715405,0.0,0.5,0.296875
1629000,335.9390401884505,0.0,0.375,0.328125
1629100,336.57474379067,0.0,0.4375,0.34375
1629200,336.9419143828289,0.0,0.4375,0.390625
1629300,337.3045375045572,0.0,0.375,0.328125
1629400,338.0236268819149,0.0,0.5,0.3125
1629500,338.77267632902664,0.0,0.625,0.3125
1629600,339.6779658411301,0.0,0.5,0.28125
1629700,340.6022282054778,0.0,0.5,0.34375
1629800,341.34221147365906,0.0,0.375,0.3125
1629900,342.59538148216234,0.0,0.4375,0.34375
1630000,344.01871379135537,0.0,0.5,0.421875
1630100,345.4817740262373,0.0,0.4375,0.375
1630200,347.33978284601505,0.0,0.375,0.3125
1630300,348.8353627362994,0.0,0.375,0.375
1630400,350.4153564942266,0.0,0.4375,0.4375
1630500,353.2214604857763,0.0,0.375,0.328125
1630600,356.8603694141692,0.0,0.4375,0.328125
1630700,361.22206126056375,0.0,0.5,0.40625
1630800,368.0196100097166,0.0,0.5,0.34375
1630900,374.04445694232857,0.0,0.4375,0.390625
1631000,381.06698500789923,0.0,0.4375,0.453125
1631100,387.39351070904314,0.0,0.4375,0.34375
1631200,389.95637533559716,0.0,0.4375,0.390625
1631300,397.11336691667276,0.0,0.3125,0.296875
1631400,401.2492105730654,0.0,0.625,0.421875
1631500,404.84835120744873,0.0,0.5625,0.421875
1631600,407.16489991109177,0.0,0.3125,0.28125
1631700,407.93982186548607,0.0,0.5625,0.359375
1631800,409.04384455392767,0.0,0.5,0.4375
1631900,410.0879356436285,0.0,0.375,0.328125
1632000,411.1374658563912,0.0,0.5625,0.5625
1632100,411.98916704119875,0.0,0.4375,0.359375
1632200,412.9813611002368,0.0,0.375,0.390625
1632300,413.5803146722203,0.0,0.5625,0.40625
1632400,414.28885377326696,0.0,0.5,0.375
1632500,415.01795546896994,0.0,0.5,0.4375
1632600,415.43256921501035,0.0,0.375,0.328125
1632700,416.2948550873502,0.0,0.5625,0.4375
1632800,416.96820342248014,0.0,0.5,0.4375
1632900,417.5163708538859,0.0,0.5,0.375
1633000,418.00628985159244,0.0,0.4375,0.34375
1633100,418.60156423437616,0.0,0.5,0.40625
1633200,419.1273456290467,0.0,0.4375,0.390625
1633300,419.7335367404978,0.0,0.5,0.390625
1633400,420.1786053546246,0.0,0.5625,0.40625
1633500,420.6677999330462,0.0,0.5,0.390625
1633600,421.01498987871884,0.0,0.5,0.359375
1633700,421.3758559088289,0.0,0.4375,0.34375
1633800,421.81445239818476,0.0,0.5625,0.40625
1633900,422.09983649568125,0.0,0.375,0.359375
1634000,422.3444479216741,0.0,0.375,0.34375
1634100,422.5737661534393,0.0,0.375,0.421875
1634200,422.96467262231727,0.0,0.5625,0.390625
1634300,423.23719207942275,0.0,0.4375,0.34375
1634400,423.5748065021016,0.0,0.4375,0.421875
1634500,423.7996168747176,0.0,0.4375,0.40625
1634600,424.19381591859064,0.0,0.4375,0.421875
1634700,424.54728467115336,0.0,0.5,0.453125
1634800,424.7863297908873,0.0,0.5,0.53125
1634900,424.92555317851173,0.0,0.375,0.328125
1635000,425.11564674065215,0.0,0.5625,0.375
1635100,425.4347404885415,0.0,0.625,0.375
1635200,425.7484659314049,0.0,0.5,0.40625
1635300,426.07332541087567,0.0,0.4375,0.390625
1635400,426.25722474902676,0.0,0.5625,0.4375
1635500,426.51405047033296,0.0,0.375,0.46875
1635600,426.8040031627905,0.0,0.5,0.4375
1635700,426.98036888102195,0.0,0.5,0.4375
1635800,427.1115794951933,0.0,0.5,0.375
1635900,427.25007551137253,0.0,0.5,0.421875
1636000,427.44587601068446,0.0,0.5,0.296875
1636100,427.6110911143468,0.0,0.4375,0.328125
1636200,427.7929952367759,0.0,0.5625,0.40625
1636300,427.96957617158984,0.0,0.625,0.453125
1636400,428.16114995404064,0.0,0.5,0.40625
1636500,428.3216345533609,0.0,0.4375,0.34375
1636600,428.4509661890107,0.0,0.5625,0.390625
1636700,428.59878543769105,0.0,0.5625,0.484375
1636800,428.7538650299154,0.0,0.4375,0.34375
1636900,428.9051714468138,0.0,0.5,0.375
1637000,428.9753793927305,0.0,0.5,0.46875
1637100,429.1374507544047,0.0,0.4375,0.359375
1637200,429.25619743213787,0.0,0.375,0.328125
1637300,429.4003181261807,0.0,0.4375,0.328125
1637400,429.67596883086094,0.0,0.5625,0.265625
1637500,429.8678044297459,0.0,0.4375,0.4375
1637600,430.01506525546034,0.0,0.375,0.34375
1637700,430.1556231609469,0.0,0.4375,0.3125
1637800,430.24341494555637,0.0,0.5,0.421875
1637900,430.3670054896625,0.0,0.5,0.40625
1638000,430.548939106102,0.0,0.5,0.53125
1638100,430.80048878321963,0.0,0.4375,0.375
1638200,430.8842900025417,0.0,0.4375,0.390625
1638300,431.0702141239056,0.0,0.4375,0.453125
1638400,431.28535378976983,0.0,0.375,0.453125
1638500,431.3363819884541,0.0,0.375,0.296875
1638600,431.5529503798741,0.0,0.375,0.359375
1638700,431.6393390387105,0.0,0.5,0.359375
1638800,431.7862984958105,0.0,0.5,0.421875
1638900,431.9608108441076,0.0,0.5625,0.421875
1639000,432.10086500162555,0.0,0.5,0.484375
1639100,432.1925899328868,0.0,0.5625,0.484375
1639200,432.27818701608703,0.0,0.375,0.328125
1639300,432.4937632015772,0.0,0.4375,0.359375
1639400,432.6223230754061,0.0,0.5,0.53125
1639500,432.70110744563533,0.0,0.375,0.4375
1639600,432.86421326634957,0.0,0.5,0.359375
1639700,432.9815044580758,0.0,0.375,0.4375
1639800,433.0468351432691,0.0,0.4375,0.328125
1639900,433.1321207720637,0.0,0.5625,0.46875
1640000,433.2127969572323,0.0,0.3125,0.3125
1640100,433.3280822946689,0.0,0.5,0.375
1640200,433.40883827372113,0.0,0.5625,0.375
1640300,433.49916215115127,0.0,0.5,0.40625
1640400,433.70262448082536,0.0,0.5625,0.421875
1640500,433.7677613219021,0.0,0.4375,0.296875
1640600,433.843072665029,0.0,0.375,0.40625
1640700,434.0449766703382,0.0,0.5625,0.234375
1640800,434.1386647407915,0.0,0.5,0.453125
1640900,434.2037191392354,0.0,0.375,0.203125
1641000,434.31897838832685,0.0,0.375,0.40625
1641100,434.4289076219136,0.0,0.375,0.375
1641200,434.546978052217,0.0,0.4375,0.5
1641300,434.63420187455705,0.0,0.4375,0.3125
1641400,434.7049798241551,0.0,0.5,0.421875
1641500,434.7869664046171,0.0,0.5,0.46875
1641600,435.03003125052805,0.0,0.4375,0.40625
1641700,435.0879205750161,0.0,0.5,0.3125
1641800,435.1758756359683,0.0,0.5,0.421875
1641900,435.28052821067644,0.0,0.4375,0.28125
1642000,435.34868874629484,0.0,0.375,0.375
1642100,435.4531963556861,0.0,0.5625,0.421875
1642200,435.49122925657485,0.0,0.4375,0.265625
1642300,435.6059472751688,0.0,0.5,0.34375
1642400,435.71112437094536,0.0,0.4375,0.421875
1642500,435.7892978330694,0.0,0.5,0.4375
1642600,435.9297199188608,0.0,0.5,0.40625
1642700,435.9953180731265,0.0,0.5,0.421875
1642800,436.1362059857991,0.0,0.5625,0.421875
1642900,436.2914514339832,0.0,0.375,0.4375
1643000,436.3644342345573,0.0,0.5625,0.359375
1643100,436.5235864754847,0.0,0.4375,0.453125
1643200,436.63149546935904,0.0,0.5,0.421875
1643300,436.72545311943026,0.0,0.5,0.359375
1643400,436.83064144870957,0.0,0.625,0.453125
1643500,436.98477270704285,0.0,0.5625,0.53125
1643600,437.1300726845379,0.0,0.375,0.34375
1643700,437.21587387085367,0.0,0.375,0.25
1643800,437.3811573116236,0.0,0.5,0.34375
1643900,437.5169163197069,0.0,0.4375,0.375
1644000,437.6709233378575,0.0,0.4375,0.3125
1644100,437.7898043462521,0.0,0.5625,0.484375
1644200,437.83381546597013,0.0,0.5,0.515625
1644300,437.9512090124389,0.0,0.5,0.421875
1644400,437.99955524279784,0.0,0.5,0.5
1644500,438.06291758356093,0.0,0.4375,0.4375
1644600,438.13253131050845,0.0,0.5,0.40625
1644700,438.1812252938409,0.0,0.5625,0.484375
1644800,438.2819247047837,0.0,0.375,0.375
1644900,438.3280429027144,0.0,0.5,0.46875
1645000,438.73700997900005,0.0,0.625,0.53125
1645100,438.82816091836906,0.0,0.4375,0.390625
1645200,438.91455288769515,0.0,0.375,0.453125
1645300,439.03693413946365,0.0,0.5625,0.515625
1645400,439.08496649884233,0.0,0.5,0.328125
1645500,439.21302230076446,0.0,0.4375,0.3125
1645600,439.29621132433573,0.0,0.5,0.390625
1645700,439.4444214582723,0.0,0.5625,0.484375
1645800,439.4634862567715,0.0,0.375,0.375
1645900,439.5619096740982,0.0,0.4375,0.390625
1646000,439.705806226434,0.0,0.4375,0.375
1646100,439.7826742259796,0.0,0.5625,0.484375
1646200,439.84822474277973,0.0,0.5,0.375
1646300,439.8994130281508,0.0,0.5625,0.46875
1646400,440.0106409827878,0.0,0.5625,0.359375
1646500,440.05651467440623,0.0,0.5,0.40625
1646600,440.1999906345782,0.0,0.5625,0.3125
1646700,440.2554296148682,0.0,0.5,0.484375
1646800,440.2982801789023,0.0,0.4375,0.40625
1646900,440.35200587302444,0.0,0.5625,0.421875
1647000,440.4839245313071,0.0,0.25,0.265625
1647100,440.5543377126986,0.0,0.5,0.515625
1647200,440.63825835684366,0.0,0.5625,0.40625
1647300,440.67446388309475,0.0,0.5,0.453125
1647400,440.81055186514396,0.0,0.375,0.328125
1647500,440.848005827458,0.0,0.5625,0.421875
1647600,440.9294115805529,0.0,0.4375,0.421875
1647700,441.00137699913296,0.0,0.5,0.40625
1647800,441.04673998364285,0.0,0.5625,0.40625
1647900,441.1069663842103,0.0,0.5,0.484375
1648000,441.23799619149855,0.0,0.4375,0.390625
1648100,441.32354989265883,0.0,0.5,0.5
1648200,441.3612078474093,0.0,0.4375,0.265625
1648300,441.40406607267386,0.0,0.5,0.375
1648400,441.43983206947576,0.0,0.4375,0.46875
1648500,441.4735783153886,0.0,0.6875,0.5
1648600,441.4931898019186,0.0,0.5625,0.484375
1648700,441.6357176718922,0.0,0.4375,0.5
1648800,441.6849741767925,0.0,0.4375,0.46875
1648900,441.7685878619452,0.0,0.5,0.46875
1649000,441.93105844697067,0.0,0.4375,0.421875
1649100,441.9967165894671,0.0,0.5,0.375
1649200,442.1109083083224,0.0,0.4375,0.40625
1649300,442.17380856622196,0.0,0.5625,0.40625
1649400,442.3236074664987,0.0,0.5,0.453125
1649500,442.4499314309924,0.0,0.5625,0.375
1649600,442.4704255811762,0.0,0.4375,0.390625
1649700,442.5008217723762,0.0,0.5625,0.515625
1649800,442.5172839909103,0.0,0.375,0.421875
1649900,442.57698296963554,0.0,0.5,0.375
1650000,235.40684136965058,0.0,0.5,0.390625
1650100,235.78287668844825,0.0,0.4375,0.375
1650200,236.89172681614477,0.0,0.5625,0.484375
1650300,237.32144842311425,0.0,0.5,0.421875
1650400,238.1651755929388,0.0,0.4375,0.453125
1650500,238.84969226593614,0.0,0.5,0.328125
1650600,239.85563512121757,0.0,0.5,0.453125
1650700,240.97033499776884,0.0,0.4375,0.421875
1650800,241.78698759890563,0.0,0.5625,0.390625
1650900,242.79668360035444,0.0,0.5,0.40625
1651000,243.83534583355453,0.0,0.4375,0.375
1651100,245.4070728469356,0.0,0.5625,0.421875
1651200,248.3377533384984,0.0,0.5,0.53125
1651300,250.93687779113617,0.0,0.5,0.578125
1651400,254.60969693147896,0.0,0.4375,0.421875
1651500,259.2369841208562,0.0,0.4375,0.359375
1651600,266.12600097582464,0.0,0.4375,0.375
1651700,272.38056663229486,0.0,0.4375,0.359375
1651800,296.61050019256453,0.0,0.5,0.484375
1651900,309.1119337007483,0.0,0.4375,0.453125
1652000,316.18319220571016,0.0,0.5,0.421875
1652100,322.9819058750276,0.0,0.5,0.34375
1652200,325.49075270044307,0.0,0.4375,0.421875
1652300,328.041313991755,0.0,0.4375,0.34375
1652400,329.2488121432022,0.0,0.5625,0.421875
1652500,330.22896049182606,0.0,0.5,0.40625
1652600,330.9420571743147,0.0,0.4375,0.390625
1652700,331.5902442496576,0.0,0.4375,0.4375
1652800,332.0192669325104,0.0,0.5625,0.453125
1652900,332.52487730871144,0.0,0.5625,0.40625
1653000,333.07072980503415,0.0,0.4375,0.359375
1653100,333.45787647952125,0.0,0.5,0.359375
1653200,333.76889165617234,0.0,0.4375,0.375
1653300,334.3502537148065,0.0,0.4375,0.453125
1653400,334.87048056665816,0.0,0.5,0.453125
1653500,335.4166241048659,0.0,0.4375,0.453125
1653600,335.8498955403592,0.0,0.5,0.453125
1653700,336.427244280152,0.0,0.4375,0.578125
1653800,337.14077788231276,0.0,0.5625,0.453125
1653900,337.7284376179967,0.0,0.4375,0.421875
1654000,338.6221692396396,0.0,0.5,0.5
1654100,339.8939721545604,0.0,0.5,0.46875
1654200,341.2152840761043,0.0,0.5,0.421875
1654300,343.37878410511865,0.0,0.375,0.375
1654400,348.0610450816428,0.0,0.375,0.390625
1654500,352.82380922746285,0.0,0.5625,0.421875
1654600,363.1560239298997,0.0,0.625,0.421875
1654700,386.6282051752641,0.0,0.4375,0.46875
1654800,424.08733385656063,0.0,0.375,0.53125
1654900,429.22258982898586,0.0,0.5625,0.421875
1655000,431.06391003257306,0.0,0.5625,0.40625
1655100,432.1978992299089,0.0,0.5,0.421875
1655200,433.22022695908635,0.0,0.5,0.484375
1655300,433.9979273946305,0.0,0.6875,0.390625
1655400,434.66211437985777,0.0,0.5,0.390625
1655500,435.1517716949698,0.0,0.5625,0.421875
1655600,435.92740579589844,0.0,0.5625,0.3125
1655700,436.5642327690718,0.0,0.5,0.40625
1655800,437.19715774270173,0.0,0.5,0.421875
1655900,437.6359622456771,0.0,0.5,0.40625
1656000,438.25031315692684,0.0,0.5625,0.375
1656100,438.77737410171545,0.0,0.4375,0.390625
1656200,439.16518960387316,0.0,0.5625,0.5
1656300,439.5122561524616,0.0,0.5,0.4375
1656400,439.8570789207495,0.0,0.5625,0.4375
1656500,440.33951827015954,0.0,0.5625,0.578125
1656600,440.732975807188,0.0,0.625,0.5625
1656700,441.02908773231485,0.0,0.5,0.421875
1656800,441.42135363495714,0.0,0.5625,0.484375
1656900,441.63890524827536,0.0,0.4375,0.3125
1657000,442.00926804922943,0.0,0.5,0.390625
1657100,442.3011169011596,0.0,0.5,0.453125
1657200,442.52179561562986,0.0,0.5,0.375
1657300,442.82265625787284,0.0,0.5625,0.328125
1657400,443.01654343880654,0.0,0.625,0.484375
1657500,443.31812594881086,0.0,0.5,0.34375
1657600,443.49075422617574,0.0,0.375,0.421875
1657700,443.69656923266484,0.0,0.4375,0.4375
1657800,443.9988196270012,0.0,0.5,0.390625
1657900,444.217251250523,0.0,0.5,0.328125
1658000,444.47856074118,0.0,0.5,0.4375
1658100,444.6520902388522,0.0,0.5,0.34375
1658200,444.87889367965215,0.0,0.5625,0.40625
1658300,445.00154350418114,0.0,0.5,0.40625
1658400,445.2387177925333,0.0,0.4375,0.4375
1658500,445.40748656662413,0.0,0.5625,0.484375
1658600,445.50651168497683,0.0,0.4375,0.421875
1658700,445.6341899838703,0.0,0.5,0.375
1658800,445.74368647168166,0.0,0.6875,0.484375
1658900,445.845144381052,0.0,0.5625,0.46875
1659000,446.0315368958821,0.0,0.375,0.421875
1659100,446.19049540919036,0.0,0.5625,0.421875
1659200,446.3221216378085,0.0,0.5625,0.421875
1659300,446.4254096154228,0.0,0.4375,0.375
1659400,446.5522794099841,0.0,0.5,0.46875
1659500,446.64486892724153,0.0,0.5,0.375
1659600,446.68937642643675,0.0,0.5,0.328125
1659700,446.7390762818053,0.0,0.5625,0.46875
1659800,446.8499989951625,0.0,0.4375,0.46875
1659900,446.8909539638468,0.0,0.4375,0.453125
1660000,447.0308089359775,0.0,0.5,0.5
1660100,447.08012565933825,0.0,0.375,0.390625
1660200,447.1637675363548,0.0,0.5625,0.4375
1660300,447.22542645424227,0.0,0.5625,0.40625
1660400,447.3058119830364,0.0,0.5625,0.390625
1660500,447.3682985347157,0.0,0.5625,0.421875
1660600,447.4122381563109,0.0,0.4375,0.3125
1660700,447.4473757771908,0.0,0.5,0.484375
1660800,447.49612071458785,0.0,0.5,0.484375
1660900,447.58244462576874,0.0,0.375,0.296875
1661000,447.6296719980462,0.0,0.4375,0.34375
1661100,447.6969410075823,0.0,0.4375,0.40625
1661200,447.7314978335888,0.0,0.5,0.421875
1661300,447.8269146845436,0.0,0.375,0.4375
1661400,447.8965270036119,0.0,0.5625,0.5
1661500,447.9995841896859,0.0,0.5625,0.40625
1661600,448.0729846870349,0.0,0.5,0.390625
1661700,448.1145734970817,0.0,0.4375,0.359375
1661800,448.16287544355055,0.0,0.5,0.421875
1661900,448.2458669037151,0.0,0.5,0.40625
1662000,448.3155500109351,0.0,0.625,0.390625
1662100,448.34412107253434,0.0,0.5,0.421875
1662200,448.385715778409,0.0,0.4375,0.453125
1662300,448.4398503962039,0.0,0.4375,0.390625
1662400,448.52871732187145,0.0,0.5625,0.453125
1662500,448.60175028996736,0.0,0.5,0.4375
1662600,448.6653633230406,0.0,0.5625,0.421875
1662700,448.6967369557587,0.0,0.375,0.40625
1662800,448.7485912333112,0.0,0.5,0.34375
1662900,448.79517107362085,0.0,0.4375,0.390625
1663000,448.8074599505145,0.0,0.6875,0.46875
1663100,448.85369103470106,0.0,0.5625,0.4375
1663200,448.90523621372324,0.0,0.5625,0.40625
1663300,448.934872008365,0.0,0.4375,0.46875
1663400,448.98432557226687,0.0,0.5625,0.515625
1663500,449.0459759779955,0.0,0.4375,0.40625
1663600,449.1003457454221,0.0,0.5625,0.4375
1663700,449.15195429729744,0.0,0.5625,0.421875
1663800,449.18903934333315,0.0,0.6875,0.390625
1663900,449.25520014866595,0.0,0.4375,0.421875
1664000,449.30952726295,0.0,0.5,0.328125
1664100,449.3426893473043,0.0,0.5625,0.5625
1664200,449.3907262131498,0.0,0.375,0.375
1664300,449.4223940823162,0.0,0.5,0.40625
1664400,449.46059506628103,0.0,0.4375,0.390625
1664500,449.487950912735,0.0,0.5,0.515625
1664600,449.5769966271124,0.0,0.5,0.328125
1664700,449.6258794345854,0.0,0.5,0.515625
1664800,449.64220255662,0.0,0.5,0.4375
1664900,449.7097141558993,0.0,0.5,0.5625
1665000,449.7493820246605,0.0,0.5625,0.5
1665100,449.78464571789414,0.0,0.5,0.515625
1665200,449.824791964002,0.0,0.5625,0.40625
1665300,449.84938587436767,0.0,0.5625,0.46875
1665400,449.89786871354977,0.0,0.4375,0.34375
1665500,449.91655558783003,0.0,0.625,0.5625
1665600,449.9283728612323,0.0,0.4375,0.453125
1665700,449.9512880667368,0.0,0.4375,0.4375
1665800,449.9687251992501,0.0,0.5625,0.390625
1665900,449.97690171784666,0.0,0.5,0.46875
1666000,450.01224085389345,0.0,0.5625,0.53125
1666100,450.0372302204834,0.0,0.5625,0.46875
1666200,450.0614511761906,0.0,0.5625,0.5
1666300,450.08158185117446,0.0,0.375,0.4375
1666400,450.12205121429105,0.0,0.5625,0.453125
1666500,450.1484308559347,0.0,0.375,0.46875
1666600,450.17025948414926,0.0,0.5625,0.484375
1666700,450.19046789021894,0.0,0.5625,0.453125
1666800,450.2222620762779,0.0,0.5,0.46875
1666900,450.23869765264783,0.0,0.5625,0.484375
1667000,450.25481809937196,0.0,0.4375,0.421875
1667100,450.29412226801253,0.0,0.5625,0.453125
1667200,450.33002303572596,0.0,0.4375,0.46875
1667300,450.35631108118224,0.0,0.5625,0.5
1667400,450.37822403464077,0.0,0.5,0.46875
1667500,450.40648989229334,0.0,0.5625,0.4375
1667600,450.4120444723493,0.0,0.5625,0.328125
1667700,450.4250871636681,0.0,0.5,0.484375
1667800,450.46017056193824,0.0,0.5625,0.4375
1667900,450.50540797677746,0.0,0.5,0.4375
1668000,450.5391678043988,0.0,0.4375,0.40625
1668100,450.5717026575743,0.0,0.5625,0.4375
1668200,450.57853565860097,0.0,0.5,0.4375
1668300,450.59095823399355,0.0,0.625,0.375
1668400,450.6359310708674,0.0,0.375,0.375
1668500,450.63933045993605,0.0,0.4375,0.421875
1668600,450.6430619462972,0.0,0.5625,0.359375
1668700,450.66305847945637,0.0,0.5625,0.453125
1668800,450.69749803536706,0.0,0.5,0.484375
1668900,450.7115310667856,0.0,0.4375,0.453125
1669000,450.72441723340427,0.0,0.4375,0.5
1669100,450.7422084021614,0.0,0.5,0.53125
1669200,450.76628722201684,0.0,0.4375,0.46875
1669300,450.79493949228237,0.0,0.5625,0.421875
1669400,450.8084980641702,0.0,0.5,0.375
1669500,450.82145135443443,0.0,0.5,0.484375
1669600,450.844262722459,0.0,0.5625,0.53125
1669700,450.8617443283143,0.0,0.4375,0.40625
1669800,450.8859757150726,0.0,0.5625,0.4375
1669900,450.91391243037464,0.0,0.5625,0.484375
1670000,450.9206491353717,0.0,0.4375,0.5625
1670100,450.9417742258384,0.0,0.5625,0.5625
1670200,450.97970279815826,0.0,0.5625,0.46875
1670300,451.0081392652959,0.0,0.5,0.5
1670400,451.0312211791992,0.0,0.5,0.453125
1670500,451.0687523831313,0.0,0.5,0.5625
1670600,451.0830617392608,0.0,0.5,0.484375
1670700,451.09443741226073,0.0,0.5,0.484375
1670800,451.11875002414547,0.0,0.625,0.59375
1670900,451.13744451657715,0.0,0.5,0.4375
1671000,451.15043068035084,0.0,0.5,0.46875
1671100,451.1640599739218,0.0,0.5,0.515625
1671200,451.18258199128735,0.0,0.5,0.53125
1671300,451.2006730668661,0.0,0.4375,0.328125
1671400,451.22705770804725,0.0,0.5625,0.453125
1671500,451.27603672994195,0.0,0.4375,0.484375
1671600,451.3358971707535,0.0,0.5625,0.4375
1671700,451.363728721751,0.0,0.5625,0.609375
1671800,451.37474463028514,0.0,0.5,0.515625
1671900,451.39567380017616,0.0,0.5,0.421875
1672000,451.4287232987508,0.0,0.5625,0.5625
1672100,451.4711580110826,0.0,0.625,0.5
1672200,451.51697954150984,0.0,0.625,0.546875
1672300,451.5374451562849,0.0,0.5,0.4375
1672400,451.57088335321896,0.0,0.5625,0.484375
1672500,451.5929093779076,0.0,0.4375,0.375
1672600,451.6117997085529,0.0,0.4375,0.484375
1672700,451.62990367040356,0.0,0.5,0.515625
1672800,451.6434045218966,0.0,0.4375,0.421875
1672900,451.66609819854636,0.0,0.5,0.40625
1673000,451.686867446965,0.0,0.5625,0.5
1673100,451.69496173281,0.0,0.4375,0.390625
1673200,451.7083715931957,0.0,0.4375,0.515625
1673300,451.736328236638,0.0,0.4375,0.53125
1673400,451.7782717206779,0.0,0.4375,0.421875
1673500,451.7949282662885,0.0,0.5625,0.5
1673600,451.81799724446364,0.0,0.5,0.453125
1673700,451.82810191076965,0.0,0.375,0.390625
1673800,451.8817107828173,0.0,0.5625,0.484375
1673900,451.90766973001905,0.0,0.375,0.421875
1674000,451.9143041123573,0.0,0.5625,0.5
1674100,451.921345983624,0.0,0.4375,0.53125
1674200,451.93059984938435,0.0,0.4375,0.46875
1674300,451.9571233535333,0.0,0.5,0.4375
1674400,451.9730658464167,0.0,0.5625,0.40625
1674500,452.00115081559244,0.0,0.4375,0.640625
1674600,452.01129129691583,0.0,0.5,0.46875
1674700,452.05353815844234,0.0,0.4375,0.390625
1674800,452.07541092200694,0.0,0.375,0.46875
1674900,452.0821571181068,0.0,0.5,0.421875
1675000,124.48199741529952,0.0,0.625,0.5
1675100,128.71556909391825,0.0,0.625,0.53125
1675200,132.4221071778892,0.0,0.5,0.453125
1675300,134.63866147182017,0.0,0.5625,0.5
1675400,139.00222976869946,0.0,0.5625,0.484375
1675500,145.29135619506852,0.0,0.375,0.359375
1675600,153.68963616017865,0.0,0.4375,0.40625
1675700,171.80020389377023,0.0,0.5625,0.421875
1675800,199.90600880505957,0.0,0.4375,0.421875
1675900,223.7201979331869,0.0,0.5625,0.484375
1676000,279.4873402368352,0.0,0.5,0.421875
1676100,297.146479968947,0.0,0.5625,0.453125
1676200,306.14671904404673,0.0,0.5,0.4375
1676300,309.37438192402453,0.0,0.5625,0.53125
1676400,312.61944059399923,0.0,0.5,0.421875
1676500,315.472846827545,0.0,0.4375,0.5625
1676600,319.28947375194946,0.0,0.3125,0.515625
1676700,321.45574344422636,0.0,0.625,0.4375
1676800,324.5379848349294,0.0,0.4375,0.515625
1676900,332.95897563835416,0.0,0.5625,0.515625
1677000,392.2683669835009,0.0,0.625,0.5625
1677100,408.2173976786356,0.0,0.625,0.5
1677200,412.281284987661,0.0,0.4375,0.375
1677300,416.4872493499121,0.0,0.375,0.46875
1677400,419.9173680249152,0.0,0.4375,0.53125
1677500,421.93073893793513,0.0,0.5,0.515625
1677600,423.3814651675065,0.0,0.5,0.46875
1677700,424.89928853264297,0.0,0.625,0.5625
1677800,426.26001241220206,0.0,0.4375,0.4375
1677900,427.9580196070798,0.0,0.375,0.5625
1678000,429.23673881797345,0.0,0.4375,0.453125
1678100,430.72202961331107,0.0,0.5625,0.421875
1678200,431.6132898096108,0.0,0.4375,0.4375
1678300,432.87833202796656,0.0,0.5625,0.515625
1678400,433.78918824704783,0.0,0.5,0.453125
1678500,435.2082880494626,0.0,0.5625,0.515625
1678600,435.74012915670926,0.0,0.4375,0.53125
1678700,436.19226729843314,0.0,0.4375,0.484375
1678800,436.7321260438569,0.0,0.5,0.390625
1678900,437.46342769918994,0.0,0.5,0.5625
1679000,438.0604416238907,0.0,0.5625,0.484375
1679100,438.8161555817959,0.0,0.5625,0.484375
1679200,439.5108250681127,0.0,0.375,0.34375
1679300,440.0811329666109,0.0,0.5,0.359375
1679400,440.58114845527274,0.0,0.625,0.4375
1679500,441.18154759242515,0.0,0.5625,0.484375
1679600,441.76951008439613,0.0,0.4375,0.5
1679700,442.1811031441279,0.0,0.5,0.609375
1679800,442.554608326659,0.0,0.5,0.671875
1679900,443.02900866796494,0.0,0.5,0.4375
1680000,443.3619528868663,0.0,0.5,0.40625
1680100,443.6273915679052,0.0,0.4375,0.421875
1680200,444.13986255997634,0.0,0.5625,0.59375
1680300,444.41465394279123,0.0,0.5,0.46875
1680400,444.7818195522787,0.0,0.5,0.390625
1680500,445.06927045448543,0.0,0.5625,0.484375
1680600,445.27931539413566,0.0,0.625,0.515625
1680700,445.64583980178645,0.0,0.4375,0.46875
1680800,445.9270172508798,0.0,0.375,0.5625
1680900,446.27165893218785,0.0,0.3125,0.359375
1681000,446.4934225892039,0.0,0.4375,0.390625
1681100,446.6676077581959,0.0,0.5,0.546875
1681200,446.8487390539877,0.0,0.5,0.625
1681300,447.0585334076016,0.0,0.5625,0.4375
1681400,447.3139012375933,0.0,0.5,0.46875
1681500,447.4544712118973,0.0,0.5625,0.390625
1681600,447.59954955895466,0.0,0.5625,0.53125
1681700,447.72221817909747,0.0,0.6875,0.484375
1681800,447.8408113593223,0.0,0.5625,0.5625
1681900,448.07940148123527,0.0,0.625,0.484375
1682000,448.22579278603337,0.0,0.5,0.46875
1682100,448.4223179416143,0.0,0.5,0.609375
1682200,448.55378194753604,0.0,0.5625,0.40625
1682300,448.69148676753395,0.0,0.5,0.546875
1682400,448.7574173932757,0.0,0.5,0.4375
1682500,448.8337096328274,0.0,0.5625,0.609375
1682600,448.9336307595417,0.0,0.375,0.390625
1682700,449.12075639004973,0.0,0.4375,0.34375
1682800,449.25344826959855,0.0,0.5625,0.421875
1682900,449.35488802864825,0.0,0.5,0.390625
1683000,449.4468824844291,0.0,0.5,0.5
1683100,449.5563327926266,0.0,0.5625,0.453125
1683200,449.66604195738256,0.0,0.5625,0.484375
1683300,449.77263430461164,0.0,0.5625,0.421875
1683400,449.822244890805,0.0,0.4375,0.5
1683500,449.8765599131093,0.0,0.625,0.40625
1683600,449.93663674629914,0.0,0.4375,0.515625
1683700,449.98571144201134,0.0,0.4375,0.484375
1683800,450.0492483846375,0.0,0.4375,0.53125
1683900,450.0746549200848,0.0,0.375,0.40625
1684000,450.1137430554658,0.0,0.4375,0.5
1684100,450.18867964182374,0.0,0.625,0.453125
1684200,450.20702462756935,0.0,0.4375,0.40625
1684300,450.2492589978507,0.0,0.5,0.375
1684400,450.3071305276161,0.0,0.625,0.421875
1684500,450.3592414694751,0.0,0.5625,0.375
1684600,450.45982092663013,0.0,0.625,0.46875
1684700,450.5156622879895,0.0,0.5625,0.421875
1684800,450.5432599052293,0.0,0.5,0.390625
1684900,450.56442147406364,0.0,0.5,0.578125
1685000,450.59555910256427,0.0,0.5,0.359375
1685100,450.62279061109825,0.0,0.5,0.46875
1685200,450.6596620215882,0.0,0.5,0.421875
1685300,450.68793192240025,0.0,0.4375,0.46875
1685400,450.6959674182854,0.0,0.625,0.578125
1685500,450.74352314551794,0.0,0.5,0.5
1685600,450.8075997982012,0.0,0.5,0.421875
1685700,450.83947923665227,0.0,0.5625,0.46875
1685800,450.8624226589809,0.0,0.5,0.453125
1685900,450.89213716035977,0.0,0.5625,0.46875
1686000,450.9110044543567,0.0,0.5,0.4375
1686100,450.9398566414043,0.0,0.3125,0.421875
1686200,450.95611258610364,0.0,0.4375,0.5
1686300,450.97230083188697,0.0,0.4375,0.375
1686400,450.998144898766,0.0,0.5,0.46875
1686500,451.0145546436848,0.0,0.5625,0.5
1686600,451.0405003891305,0.0,0.5625,0.453125
1686700,451.0574655459405,0.0,0.5625,0.484375
1686800,451.1016035402106,0.0,0.5625,0.53125
1686900,451.1400939579295,0.0,0.5,0.453125
1687000,451.156842062683,0.0,0.5,0.484375
1687100,451.16986166201633,0.0,0.5,0.484375
1687200,451.186853202689,0.0,0.5625,0.34375
1687300,451.21030209302944,0.0,0.5,0.421875
1687400,451.22722851477334,0.0,0.625,0.390625
1687500,451.2619104319248,0.0,0.5,0.453125
1687600,451.2726832067767,0.0,0.5,0.359375
1687700,451.29938954835114,0.0,0.4375,0.53125
1687800,451.33233623006447,0.0,0.5625,0.46875
1687900,451.3520713661197,0.0,0.5,0.375
1688000,451.3840863196118,0.0,0.5,0.515625
1688100,451.40962588423275,0.0,0.4375,0.4375
1688200,451.4219609054705,0.0,0.5,0.40625
1688300,451.44025087681376,0.0,0.5625,0.5
1688400,451.44854872529436,0.0,0.5,0.40625
1688500,451.461336285171,0.0,0.5,0.515625
1688600,451.4852366715759,0.0,0.5625,0.4375
1688700,451.50628397914676,0.0,0.5,0.5625
1688800,451.5218462593044,0.0,0.4375,0.4375
1688900,451.53506815427005,0.0,0.625,0.5
1689000,451.5528179971618,0.0,0.4375,0.359375
1689100,451.5676223746642,0.0,0.5,0.40625
1689200,451.5865901015077,0.0,0.5625,0.5625
1689300,451.5932568569053,0.0,0.5625,0.4375
1689400,451.61691991176934,0.0,0.625,0.328125
1689500,451.6338909016115,0.0,0.5,0.390625
1689600,451.6586267305602,0.0,0.5625,0.40625
1689700,451.6742801949475,0.0,0.5,0.453125
1689800,451.7007652070395,0.0,0.5,0.34375
1689900,451.71302570060647,0.0,0.5625,0.421875
1690000,451.71982038783176,0.0,0.5,0.5
1690100,451.7292074060432,0.0,0.375,0.40625
1690200,451.7513913174785,0.0,0.4375,0.484375
1690300,451.76272273896234,0.0,0.4375,0.359375
1690400,451.7841439185485,0.0,0.5625,0.453125
1690500,451.81170194907463,0.0,0.5,0.390625
1690600,451.82334991786996,0.0,0.5625,0.453125
1690700,451.84267108463166,0.0,0.4375,0.46875
1690800,451.858319271319,0.0,0.5625,0.359375
1690900,451.88629905374324,0.0,0.5,0.546875
1691000,451.9049106363286,0.0,0.5,0.59375
1691100,451.9273132373475,0.0,0.5625,0.5
1691200,451.94115464625764,0.0,0.5,0.34375
1691300,451.95345996404427,0.0,0.4375,0.40625
1691400,451.98817617272164,0.0,0.4375,0.453125
1691500,452.00534849515486,0.0,0.5625,0.390625
1691600,452.01992896775306,0.0,0.5625,0.5
1691700,452.03845907676265,0.0,0.375,0.375
1691800,452.0523569204167,0.0,0.5625,0.390625
1691900,452.0727208736131,0.0,0.4375,0.390625
1692000,452.09264542106547,0.0,0.375,0.28125
1692100,452.10250846090787,0.0,0.4375,0.5625
1692200,452.1210304183211,0.0,0.5,0.515625
1692300,452.1244411979936,0.0,0.5625,0.4375
1692400,452.14450084548946,0.0,0.375,0.390625
1692500,452.16121589236536,0.0,0.5,0.4375
1692600,452.1722162369832,0.0,0.5,0.5
1692700,452.19401535676326,0.0,0.5,0.515625
1692800,452.20669213386446,0.0,0.5,0.515625
1692900,452.2278454871533,0.0,0.6875,0.453125
1693000,452.2409132299507,0.0,0.5,0.484375
1693100,452.2551289007792,0.0,0.5,0.5
1693200,452.2717722543432,0.0,0.5,0.421875
1693300,452.28170547313476,0.0,0.4375,0.5
1693400,452.28818503645795,0.0,0.5,0.40625
1693500,452.30337505228084,0.0,0.5,0.4375
1693600,452.319506520166,0.0,0.5,0.4375
1693700,452.336486361734,0.0,0.5,0.421875
1693800,452.34156277137384,0.0,0.5625,0.46875
1693900,452.3561910699284,0.0,0.5,0.53125
1694000,452.36144865160486,0.0,0.4375,0.4375
1694100,452.37027532454834,0.0,0.5625,0.46875
1694200,452.38278881925083,0.0,0.5625,0.4375
1694300,452.3939753181582,0.0,0.5,0.515625
1694400,452.4121633403156,0.0,0.5625,0.59375
1694500,452.4288140049798,0.0,0.5,0.421875
1694600,452.43787790855794,0.0,0.5625,0.53125
1694700,452.451469460681,0.0,0.5625,0.59375
1694800,452.459755385637,0.0,0.375,0.484375
1694900,452.48009994361666,0.0,0.625,0.453125
1695000,452.4897393559469,0.0,0.5625,0.453125
1695100,452.5053236581902,0.0,0.5625,0.453125
1695200,452.521364165955,0.0,0.5,0.40625
1695300,452.54212174798715,0.0,0.5,0.53125
1695400,452.5507190193937,0.0,0.625,0.515625
1695500,452.5608064156916,0.0,0.5,0.296875
1695600,452.5786384765396,0.0,0.375,0.390625
1695700,452.5935192218469,0.0,0.5,0.40625
1695800,452.6102736307237,0.0,0.5625,0.5625
1695900,452.6307569434916,0.0,0.5,0.390625
1696000,452.6402124405675,0.0,0.4375,0.4375
1696100,452.65833390968163,0.0,0.5,0.328125
1696200,452.6818184945359,0.0,0.5,0.484375
1696300,452.6961468724289,0.0,0.625,0.375
1696400,452.7230904981354,0.0,0.4375,0.40625
1696500,452.7342930965947,0.0,0.625,0.390625
1696600,452.75713855662195,0.0,0.5625,0.421875
1696700,452.7689091436876,0.0,0.5,0.453125
1696800,452.7791756118729,0.0,0.5,0.375
1696900,452.7872128948726,0.0,0.5625,0.375
1697000,452.7988271217834,0.0,0.4375,0.328125
1697100,452.8077199178494,0.0,0.5,0.40625
1697200,452.8151916796595,0.0,0.5625,0.484375
1697300,452.8258137749823,0.0,0.5,0.484375
1697400,452.84032366111785,0.0,0.5625,0.40625
1697500,452.86183178858965,0.0,0.6875,0.5
1697600,452.87998554010414,0.0,0.6875,0.46875
1697700,452.8873699165533,0.0,0.375,0.421875
1697800,452.90120142012466,0.0,0.4375,0.53125
1697900,452.91128426659634,0.0,0.5,0.453125
1698000,452.92197701544336,0.0,0.5,0.421875
1698100,452.9365195713423,0.0,0.5,0.5
1698200,452.9559855296812,0.0,0.5625,0.390625
1698300,452.9660736706395,0.0,0.5625,0.390625
1698400,452.9730979372501,0.0,0.5,0.40625
1698500,452.9809626158784,0.0,0.5625,0.515625
1698600,452.99000817418744,0.0,0.5,0.4375
1698700,453.00772774450223,0.0,0.5625,0.421875
1698800,453.0145392453073,0.0,0.5,0.390625
1698900,453.02241101506127,0.0,0.4375,0.28125
1699000,453.03265910433976,0.0,0.5,0.484375
1699100,453.0345555494722,0.0,0.5,0.53125
1699200,453.04089540590564,0.0,0.5625,0.40625
1699300,453.0501402119732,0.0,0.5,0.5625
1699400,453.0596310882385,0.0,0.5625,0.390625
1699500,453.0685777177589,0.0,0.625,0.5
1699600,453.0926360178351,0.0,0.5625,0.5625
1699700,453.10273855894656,0.0,0.5,0.609375
1699800,453.1116583125752,0.0,0.625,0.46875
1699900,453.12298240809827,0.0,0.5,0.46875
1700000,237.32281336491076,0.0,0.5625,0.390625
1700100,237.58682933989886,0.0,0.5,0.453125
1700200,237.84780002658664,0.0,0.5625,0.375
1700300,237.975968645524,0.0,0.5625,0.578125
1700400,238.14110945626413,0.0,0.5,0.59375
1700500,238.3292371540224,0.0,0.5,0.375
1700600,238.50844754038513,0.0,0.5625,0.5
1700700,238.65395267197655,0.0,0.5625,0.421875
1700800,238.8980117583097,0.0,0.4375,0.421875
1700900,239.1971924474915,0.0,0.5,0.5
1701000,239.35819107643457,0.0,0.5,0.453125
1701100,239.72182774392078,0.0,0.5,0.515625
1701200,240.02075610186407,0.0,0.625,0.640625
1701300,240.35800723849928,0.0,0.5625,0.484375
1701400,240.91860818119872,0.0,0.5,0.40625
1701500,241.41038161960137,0.0,0.5625,0.46875
1701600,241.976894517255,0.0,0.4375,0.390625
1701700,242.93321243052657,0.0,0.5,0.328125
1701800,243.77613162317292,0.0,0.375,0.40625
1701900,244.79478271336149,0.0,0.5625,0.453125
1702000,248.08351139094998,0.0,0.5,0.515625
1702100,252.57472055083466,0.0,0.4375,0.5
1702200,286.588570273804,0.0,0.5,0.5
1702300,317.3579398104815,0.0,0.4375,0.453125
1702400,326.9936642822638,0.0,0.5,0.4375
1702500,330.00651690953225,0.0,0.625,0.5625
1702600,331.44436656879043,0.0,0.5625,0.5
1702700,332.249513258788,0.0,0.5625,0.515625
1702800,333.2082491293199,0.0,0.625,0.453125
1702900,334.00201870864464,0.0,0.5625,0.484375
1703000,334.4484620585541,0.0,0.5625,0.4375
1703100,334.85138848920053,0.0,0.375,0.453125
1703200,335.4292646263766,0.0,0.5625,0.4375
1703300,336.0514019640229,0.0,0.5,0.40625
1703400,336.3177179435036,0.0,0.5625,0.546875
1703500,336.6241577726488,0.0,0.5625,0.484375
1703600,337.4321982178681,0.0,0.5,0.453125
1703700,338.37587523046335,0.0,0.5625,0.515625
1703800,339.2888952781263,0.0,0.625,0.484375
1703900,340.66416349946894,0.0,0.625,0.484375
1704000,342.56358827835703,0.0,0.6875,0.46875
1704100,344.56034830482736,0.0,0.5625,0.515625
1704200,345.7026807667204,0.0,0.5,0.421875
1704300,347.69479383046104,0.0,0.4375,0.4375
1704400,350.3070481565681,0.0,0.5625,0.484375
1704500,353.7888929599911,0.0,0.5,0.578125
1704600,364.02589444565933,0.0,0.5625,0.40625
1704700,377.8203178461844,0.0,0.5625,0.515625
1704800,410.53589372725617,0.0,0.5625,0.5625
1704900,425.05377790662754,0.0,0.4375,0.390625
1705000,430.732292779345,0.0,0.5,0.46875
1705100,432.15950703919435,0.0,0.5625,0.375
1705200,434.0981278596595,0.0,0.625,0.390625
1705300,435.1553950389753,0.0,0.5,0.5
1705400,435.76991500579453,0.0,0.5,0.515625
1705500,437.13204724212676,0.0,0.4375,0.4375
1705600,438.4337728291496,0.0,0.5625,0.5
1705700,438.9421667365647,0.0,0.625,0.4375
1705800,439.5514409838544,0.0,0.5,0.46875
1705900,440.38153917302697,0.0,0.5,0.46875
1706000,440.95205593352085,0.0,0.4375,0.390625
1706100,441.4428399424627,0.0,0.5625,0.5
1706200,441.88386912072633,0.0,0.5625,0.40625
1706300,442.3591524283905,0.0,0.4375,0.453125
1706400,442.79830642663023,0.0,0.5625,0.546875
1706500,443.012242863324,0.0,0.4375,0.375
1706600,443.5231179401681,0.0,0.5625,0.5
1706700,443.9878623172337,0.0,0.4375,0.375
1706800,444.30585725812557,0.0,0.4375,0.3125
1706900,444.4471352641965,0.0,0.5,0.5
1707000,444.58948788291553,0.0,0.5,0.453125
1707100,444.8164116699825,0.0,0.375,0.34375
1707200,445.0668593165878,0.0,0.5,0.4375
1707300,445.34248816726307,0.0,0.5,0.375
1707400,445.6251998177749,0.0,0.5625,0.453125
1707500,446.1237592018956,0.0,0.625,0.46875
1707600,446.3390146525707,0.0,0.4375,0.484375
1707700,446.601054299932,0.0,0.5,0.453125
1707800,446.82642821057374,0.0,0.5625,0.453125
1707900,447.0184198103561,0.0,0.5625,0.40625
1708000,447.2193807295313,0.0,0.5,0.453125
1708100,447.3437796577495,0.0,0.5,0.46875
1708200,447.5551502618901,0.0,0.5,0.5
1708300,447.683292102723,0.0,0.5625,0.640625
1708400,447.8344760010112,0.0,0.5625,0.625
1708500,447.98847553359326,0.0,0.5,0.40625
1708600,448.19622042270913,0.0,0.5,0.65625
1708700,448.48143211168264,0.0,0.5625,0.421875
1708800,448.58409986233175,0.0,0.5,0.4375
1708900,448.6925233699854,0.0,0.5625,0.515625
1709000,448.8776617879809,0.0,0.5625,0.546875
1709100,449.01047584516095,0.0,0.5625,0.546875
1709200,449.12172163085404,0.0,0.5,0.296875
1709300,449.18134787080646,0.0,0.5625,0.375
1709400,449.22694847396565,0.0,0.5625,0.421875
1709500,449.29612784370164,0.0,0.5,0.46875
1709600,449.37690174506724,0.0,0.4375,0.421875
1709700,449.4337657986581,0.0,0.5,0.34375
1709800,449.49688036664566,0.0,0.5625,0.484375
1709900,449.53007165893104,0.0,0.4375,0.40625
1710000,449.6194372446628,0.0,0.4375,0.421875
1710100,449.6834691132375,0.0,0.5,0.4375
1710200,449.73943888760067,0.0,0.4375,0.4375
1710300,449.80247668834795,0.0,0.5,0.53125
1710400,449.8787175547403,0.0,0.5625,0.484375
1710500,449.93243773472545,0.0,0.5625,0.40625
1710600,450.01123015047847,0.0,0.5,0.4375
1710700,450.05164836050045,0.0,0.5625,0.46875
1710800,450.12240252074326,0.0,0.5625,0.5
1710900,450.15807287049034,0.0,0.5625,0.546875
1711000,450.2200493714574,0.0,0.4375,0.515625
1711100,450.27345544640696,0.0,0.5,0.578125
1711200,450.30578740743863,0.0,0.5625,0.421875
1711300,450.34598855343006,0.0,0.5,0.515625
1711400,450.3851945323769,0.0,0.5625,0.4375
1711500,450.451959765681,0.0,0.5,0.46875
1711600,450.4945943083776,0.0,0.5625,0.515625
1711700,450.53807502902663,0.0,0.5625,0.484375
1711800,450.60362011600535,0.0,0.5,0.4375
1711900,450.6654793840619,0.0,0.4375,0.359375
1712000,450.71010177932277,0.0,0.5,0.453125
1712100,450.75754867647373,0.0,0.5,0.46875
1712200,450.7888744650673,0.0,0.5,0.53125
1712300,450.8249107777024,0.0,0.5625,0.46875
1712400,450.8383342919317,0.0,0.5,0.40625
1712500,450.85186332338054,0.0,0.5625,0.421875
1712600,450.8606863196681,0.0,0.5,0.46875
1712700,450.8848314003536,0.0,0.4375,0.46875
1712800,450.8992399924716,0.0,0.5625,0.53125
1712900,450.9068035418598,0.0,0.5,0.546875
1713000,450.9477974956471,0.0,0.5625,0.546875
1713100,450.99247752521205,0.0,0.4375,0.578125
1713200,451.02024570614174,0.0,0.4375,0.40625
1713300,451.05176631432323,0.0,0.5625,0.46875
1713400,451.1026494856998,0.0,0.5,0.546875
1713500,451.1322152509849,0.0,0.5,0.5
1713600,451.1793680236696,0.0,0.4375,0.453125
1713700,451.2233030211142,0.0,0.5625,0.546875
1713800,451.25106260877845,0.0,0.5,0.484375
1713900,451.2813419642859,0.0,0.5625,0.421875
1714000,451.2984465851573,0.0,0.5,0.453125
1714100,451.3410673760426,0.0,0.4375,0.46875
1714200,451.35770094312494,0.0,0.4375,0.4375
1714300,451.3668851178207,0.0,0.5625,0.46875
1714400,451.3889439134725,0.0,0.5,0.421875
1714500,451.41070178059556,0.0,0.5,0.515625
1714600,451.45007003208957,0.0,0.5625,0.5
1714700,451.49653212704106,0.0,0.5,0.609375
1714800,451.5267112991061,0.0,0.5,0.5
1714900,451.58023361815,0.0,0.5,0.390625
1715000,451.6144698213534,0.0,0.5,0.484375
1715100,451.6501951944822,0.0,0.5625,0.4375
1715200,451.69853215828795,0.0,0.5625,0.484375
1715300,451.7294232418048,0.0,0.5,0.5
1715400,451.7748967387393,0.0,0.5,0.453125
1715500,451.800674167866,0.0,0.5625,0.546875
1715600,451.8136468630783,0.0,0.4375,0.40625
1715700,451.8469039290998,0.0,0.625,0.34375
1715800,451.86281781071267,0.0,0.5625,0.453125
1715900,451.88551739060506,0.0,0.5625,0.609375
1716000,451.89889951682983,0.0,0.4375,0.484375
1716100,451.93049547104766,0.0,0.5,0.453125
1716200,451.93868770014876,0.0,0.375,0.375
1716300,451.95627737178415,0.0,0.5,0.484375
1716400,451.96738180037215,0.0,0.5625,0.484375
1716500,451.9770461644181,0.0,0.5,0.359375
1716600,451.98802098672905,0.0,0.5,0.4375
1716700,452.00947197330066,0.0,0.4375,0.359375
1716800,452.03210573151995,0.0,0.5625,0.46875
1716900,452.0399227458245,0.0,0.5,0.578125
1717000,452.0454150332974,0.0,0.5625,0.5
1717100,452.05912422273684,0.0,0.5,0.46875
1717200,452.07304172142454,0.0,0.5,0.515625
1717300,452.0773718630868,0.0,0.5625,0.59375
1717400,452.09480934659405,0.0,0.4375,0.453125
1717500,452.1293749850262,0.0,0.5,0.453125
1717600,452.14504733089467,0.0,0.5,0.546875
1717700,452.1554212455253,0.0,0.4375,0.484375
1717800,452.1592731843266,0.0,0.5625,0.453125
1717900,452.1768260001686,0.0,0.4375,0.4375
1718000,452.19908258299535,0.0,0.5625,0.578125
1718100,452.2134027940968,0.0,0.5,0.484375
1718200,452.2314759886383,0.0,0.5625,0.46875
1718300,452.2396319551538,0.0,0.625,0.546875
1718400,452.2564145933836,0.0,0.5,0.609375
1718500,452.27079154752215,0.0,0.5,0.484375
1718600,452.2838055496417,0.0,0.5625,0.59375
1718700,452.30173965724896,0.0,0.5,0.453125
1718800,452.33557923478554,0.0,0.5,0.515625
1718900,452.34898451837404,0.0,0.5625,0.546875
1719000,452.3872699069258,0.0,0.5625,0.546875
1719100,452.4116429260632,0.0,0.625,0.609375
1719200,452.43532306585433,0.0,0.5,0.5
1719300,452.4386220835044,0.0,0.5625,0.484375
1719400,452.4773385934672,0.0,0.5,0.546875
1719500,452.4827710873632,0.0,0.5,0.453125
1719600,452.4887946832626,0.0,0.5625,0.5
1719700,452.50460365500953,0.0,0.5,0.484375
1719800,452.5073023231108,0.0,0.5625,0.546875
1719900,452.51572718757217,0.0,0.5,0.546875
1720000,452.5306065241828,0.0,0.5625,0.484375
1720100,452.54646456777874,0.0,0.5,0.5625
1720200,452.563362806791,0.0,0.5625,0.453125
1720300,452.57457408061657,0.0,0.5,0.453125
1720400,452.5802681954456,0.0,0.5625,0.4375
1720500,452.5992023520128,0.0,0.375,0.484375
1720600,452.61263012053513,0.0,0.5,0.484375
1720700,452.63590411884064,0.0,0.5625,0.578125
1720800,452.6449240670628,0.0,0.5,0.46875
1720900,452.6654849312624,0.0,0.5,0.578125
1721000,452.6890627020414,0.0,0.5,0.453125
1721100,452.7147794640893,0.0,0.5625,0.578125
1721200,452.7439346669435,0.0,0.5,0.4375
1721300,452.7589674774082,0.0,0.5,0.5625
1721400,452.7760819561592,0.0,0.4375,0.453125
1721500,452.7890187865016,0.0,0.5625,0.578125
1721600,452.7928681021615,0.0,0.5,0.46875
1721700,452.80800517966424,0.0,0.625,0.515625
1721800,452.82026917279444,0.0,0.5,0.40625
1721900,452.8386816258294,0.0,0.5,0.53125
1722000,452.88712294760995,0.0,0.5625,0.515625
1722100,452.8989720361364,0.0,0.4375,0.484375
1722200,452.9046098245417,0.0,0.5,0.515625
1722300,452.91115590744596,0.0,0.5,0.5
1722400,452.9155630713637,0.0,0.5,0.4375
1722500,452.9444807444401,0.0,0.5625,0.40625
1722600,452.9552761210598,0.0,0.5,0.625
1722700,452.9768732155633,0.0,0.5,0.5
1722800,452.9956422837077,0.0,0.5,0.5625
1722900,453.0115136248978,0.0,0.5,0.453125
1723000,453.0153686010314,0.0,0.5,0.5
1723100,453.0198318199878,0.0,0.4375,0.5
1723200,453.02924620586873,0.0,0.5,0.59375
1723300,453.0492682888313,0.0,0.5,0.578125
1723400,453.0664837642527,0.0,0.5,0.40625
1723500,453.08089719072217,0.0,0.4375,0.453125
1723600,453.08539540788115,0.0,0.5,0.46875
1723700,453.11297500615945,0.0,0.4375,0.375
1723800,453.1245229703359,0.0,0.625,0.546875
1723900,453.1301175391004,0.0,0.4375,0.421875
1724000,453.1473677981579,0.0,0.5,0.40625
1724100,453.1505141362322,0.0,0.5,0.546875
1724200,453.1637562341568,0.0,0.5625,0.53125
1724300,453.18277339002134,0.0,0.4375,0.515625
1724400,453.193510068282,0.0,0.5,0.515625
1724500,453.22236690769085,0.0,0.625,0.546875
1724600,453.23708051541934,0.0,0.375,0.359375
1724700,453.24861838514244,0.0,0.625,0.46875
1724800,453.25768623097105,0.0,0.4375,0.578125
1724900,453.2710927877783,0.0,0.5625,0.5625
1725000,237.240388442657,0.0,0.5625,0.578125
1725100,237.45903065619788,0.0,0.5,0.46875
1725200,237.6389508334629,0.0,0.5625,0.515625
1725300,237.84007365056002,0.0,0.5,0.578125
1725400,238.02287038803755,0.0,0.5,0.4375
1725500,238.3262851382912,0.0,0.5,0.484375
1725600,238.56238890710705,0.0,0.5,0.5625
1725700,238.84608286119467,0.0,0.5,0.484375
1725800,239.29690437002225,0.0,0.5,0.53125
1725900,239.9306370444249,0.0,0.5625,0.625
1726000,240.44177389722668,0.0,0.4375,0.484375
1726100,240.8149550343601,0.0,0.5,0.421875
1726200,241.7152744792759,0.0,0.375,0.546875
1726300,242.2755990570918,0.0,0.5625,0.5
1726400,242.99673843750867,0.0,0.5,0.625
1726500,244.9383176113856,0.0,0.5,0.609375
1726600,250.7394946192987,0.0,0.5,0.46875
1726700,258.5493671600774,0.0,0.4375,0.46875
1726800,282.2403818614625,0.0,0.5625,0.5625
1726900,311.9221488048151,0.0,0.5625,0.53125
1727000,318.7813544602417,0.0,0.5625,0.5625
1727100,321.708281783774,0.0,0.4375,0.53125
1727200,324.32119804464634,0.0,0.5,0.4375
1727300,327.30513653087144,0.0,0.375,0.421875
1727400,329.1296999688703,0.0,0.5,0.53125
1727500,330.3748019397309,0.0,0.5,0.375
1727600,331.5254829302902,0.0,0.5,0.484375
1727700,332.22554879522806,0.0,0.5,0.46875
1727800,332.71775473051105,0.0,0.5,0.546875
1727900,333.35706307719727,0.0,0.5,0.5
1728000,333.6996219898198,0.0,0.5625,0.4375
1728100,334.18678187256234,0.0,0.375,0.4375
1728200,334.6130786916527,0.0,0.5,0.609375
1728300,335.0768595953293,0.0,0.5,0.53125
1728400,335.59603810453564,0.0,0.4375,0.484375
1728500,335.95939833343647,0.0,0.5,0.5625
1728600,336.4910797183996,0.0,0.5,0.515625
1728700,336.9337899015655,0.0,0.5,0.453125
1728800,337.1847100600027,0.0,0.4375,0.46875
1728900,337.4212721403869,0.0,0.5,0.53125
1729000,337.7607379774583,0.0,0.375,0.5625
1729100,338.00017726065704,0.0,0.5,0.4375
1729200,338.27955566722574,0.0,0.4375,0.4375
1729300,338.71356532786103,0.0,0.5,0.53125
1729400,338.95186210430614,0.0,0.5,0.53125
1729500,339.43720669303343,0.0,0.5625,0.59375
1729600,339.7460790860983,0.0,0.4375,0.515625
1729700,339.9817475919054,0.0,0.5625,0.546875
1729800,340.23708596369016,0.0,0.5,0.59375
1729900,340.5019655445167,0.0,0.4375,0.484375
1730000,340.7819545254917,0.0,0.5,0.453125
1730100,341.081382897894,0.0,0.5625,0.46875
1730200,341.36876564852327,0.0,0.4375,0.46875
1730300,341.60930039113896,0.0,0.5,0.515625
1730400,341.7606045040147,0.0,0.5,0.46875
1730500,341.9983430318212,0.0,0.5,0.546875
1730600,342.187326359011,0.0,0.5,0.390625
1730700,342.3772753882548,0.0,0.5,0.546875
1730800,342.6269587517626,0.0,0.5,0.453125
1730900,342.87504047634144,0.0,0.5,0.546875
1731000,343.19092726267445,0.0,0.5,0.59375
1731100,343.5031729879029,0.0,0.375,0.609375
1731200,343.8726163234991,0.0,0.4375,0.515625
1731300,344.29192991980494,0.0,0.5,0.546875
1731400,344.57514561536675,0.0,0.5,0.59375
1731500,345.10464538715087,0.0,0.5625,0.671875
1731600,345.393485499157,0.0,0.5,0.53125
1731700,345.76409946727193,0.0,0.5,0.578125
1731800,346.1160185889316,0.0,0.5,0.46875
1731900,346.6703287854344,0.0,0.5625,0.53125
1732000,347.4120007817525,0.0,0.5625,0.578125
1732100,348.7245537825353,0.0,0.5,0.5
1732200,350.57030181757557,0.0,0.5,0.421875
1732300,352.9866568824445,0.0,0.5,0.53125
1732400,357.3532012738182,0.0,0.5625,0.53125
1732500,367.3986958770585,0.0,0.5,0.453125
1732600,390.7034449867548,0.0,0.5,0.46875
1732700,406.14880956388777,0.0,0.4375,0.484375
1732800,422.34109936930633,0.0,0.4375,0.578125
1732900,428.5275559775143,0.0,0.5,0.546875
1733000,429.68139918635114,0.0,0.375,0.453125
1733100,430.31265068409215,0.0,0.4375,0.46875
1733200,430.75391831988856,0.0,0.4375,0.5
1733300,431.2851257881656,0.0,0.375,0.484375
1733400,431.72189002266833,0.0,0.5,0.59375
1733500,432.3338181470311,0.0,0.375,0.453125
1733600,432.73011101154,0.0,0.5,0.546875
1733700,433.09796844649475,0.0,0.5,0.5625
1733800,433.377213638515,0.0,0.5625,0.578125
1733900,433.6250194443493,0.0,0.4375,0.5625
1734000,434.02140342124807,0.0,0.5,0.5
1734100,434.2753681945774,0.0,0.5,0.484375
1734200,434.61427401012054,0.0,0.4375,0.59375
1734300,435.04041640774494,0.0,0.5,0.53125
1734400,435.23761790501345,0.0,0.5,0.484375
1734500,435.44386437463265,0.0,0.5,0.640625
1734600,435.63282137588334,0.0,0.4375,0.515625
1734700,435.89329269480226,0.0,0.5,0.5625
1734800,436.2200835025379,0.0,0.5,0.515625
1734900,436.3633396512771,0.0,0.4375,0.390625
1735000,436.594669059996,0.0,0.4375,0.625
1735100,436.73338725612496,0.0,0.4375,0.515625
1735200,436.965510609463,0.0,0.4375,0.6875
1735300,437.1651140513785,0.0,0.5,0.640625
1735400,437.45852880591366,0.0,0.4375,0.46875
1735500,437.6287433096469,0.0,0.4375,0.546875
1735600,437.7093631018795,0.0,0.5,0.5
1735700,437.9447025829052,0.0,0.5625,0.625
1735800,438.05157068653864,0.0,0.4375,0.453125
1735900,438.16929763404363,0.0,0.4375,0.5
1736000,438.35620433234277,0.0,0.5,0.625
1736100,438.52117630497315,0.0,0.5,0.46875
1736200,438.6622894177423,0.0,0.5,0.578125
1736300,438.76952473180313,0.0,0.4375,0.484375
1736400,438.8754784656334,0.0,0.5,0.546875
1736500,438.9592918360072,0.0,0.5,0.515625
1736600,439.0644449502672,0.0,0.5,0.65625
1736700,439.13888399795906,0.0,0.4375,0.515625
1736800,439.2315194957779,0.0,0.4375,0.4375
1736900,439.34505703011297,0.0,0.5625,0.578125
1737000,439.412971777833,0.0,0.5,0.578125
1737100,439.5469964176456,0.0,0.5,0.375
1737200,439.6586843070344,0.0,0.4375,0.515625
1737300,439.722577048103,0.0,0.5,0.53125
1737400,439.8037991633098,0.0,0.4375,0.453125
1737500,439.8650108459292,0.0,0.5625,0.453125
1737600,439.9274189265307,0.0,0.5,0.578125
1737700,439.9675803008339,0.0,0.5,0.53125
1737800,440.0306170892116,0.0,0.5,0.546875
1737900,440.0633166443359,0.0,0.4375,0.390625
1738000,440.2478884594695,0.0,0.5,0.46875
1738100,440.3188474435897,0.0,0.5,0.515625
1738200,440.37929395185216,0.0,0.5,0.453125
1738300,440.4577184559896,0.0,0.5,0.609375
1738400,440.52328607971185,0.0,0.5,0.65625
1738500,440.61950542645616,0.0,0.5,0.53125
1738600,440.6968449608104,0.0,0.5,0.5
1738700,440.7541320415144,0.0,0.5,0.609375
1738800,440.83525262981976,0.0,0.5,0.515625
1738900,440.90068653140077,0.0,0.5625,0.546875
1739000,440.9425899572362,0.0,0.5,0.53125
1739100,441.0752675306372,0.0,0.5,0.609375
1739200,441.1065060479117,0.0,0.4375,0.546875
1739300,441.177539293043,0.0,0.5625,0.546875
1739400,441.24598503580097,0.0,0.5,0.46875
1739500,441.3208106055887,0.0,0.4375,0.59375
1739600,441.33807881624745,0.0,0.375,0.46875
1739700,441.4095606503383,0.0,0.5,0.484375
1739800,441.4440150943014,0.0,0.5625,0.453125
1739900,441.4591887010782,0.0,0.5,0.546875
1740000,441.50013343949325,0.0,0.5,0.46875
1740100,441.5410242662718,0.0,0.5,0.5625
1740200,441.6131707255057,0.0,0.5,0.65625
1740300,441.6515443128549,0.0,0.4375,0.546875
1740400,441.6796258933028,0.0,0.4375,0.546875
1740500,441.71675835225284,0.0,0.5,0.515625
1740600,441.78201851168404,0.0,0.4375,0.609375
1740700,441.8423811479528,0.0,0.4375,0.578125
1740800,441.8672297461803,0.0,0.4375,0.46875
1740900,442.02667847636894,0.0,0.5,0.484375
1741000,442.0514184552641,0.0,0.5,0.46875
1741100,442.21139633988685,0.0,0.4375,0.53125
1741200,442.2741035015995,0.0,0.5,0.578125
1741300,442.451212802586,0.0,0.5,0.5625
1741400,442.58507329192435,0.0,0.5625,0.53125
1741500,442.63340742726353,0.0,0.4375,0.5625
1741600,442.6928438952841,0.0,0.4375,0.609375
1741700,442.7514823035478,0.0,0.5,0.515625
1741800,442.80064381194967,0.0,0.5625,0.484375
1741900,442.8266130729335,0.0,0.5,0.625
1742000,442.87008260536516,0.0,0.5625,0.46875
1742100,442.9116457094854,0.0,0.375,0.46875
1742200,442.9480675002701,0.0,0.4375,0.609375
1742300,442.97899606277343,0.0,0.5,0.515625
1742400,443.1410485459664,0.0,0.5,0.515625
1742500,443.2058462760987,0.0,0.4375,0.515625
1742600,443.2422745894951,0.0,0.375,0.46875
1742700,443.3128115436125,0.0,0.4375,0.5
1742800,443.33908724517096,0.0,0.5,0.59375
1742900,443.38344862344695,0.0,0.5,0.484375
1743000,443.4089206818803,0.0,0.375,0.546875
1743100,443.5123434168169,0.0,0.5,0.515625
1743200,443.56264857050303,0.0,0.4375,0.59375
1743300,443.60686652424386,0.0,0.5625,0.59375
1743400,443.69297840745406,0.0,0.5625,0.515625
1743500,443.7130840338557,0.0,0.5,0.515625
1743600,443.7457507979797,0.0,0.5625,0.609375
1743700,443.7790737615189,0.0,0.4375,0.546875
1743800,443.8097813950665,0.0,0.4375,0.484375
1743900,443.8238949473406,0.0,0.4375,0.59375
1744000,443.8384824310792,0.0,0.5,0.5
1744100,443.85444853752045,0.0,0.5,0.53125
1744200,443.9967171776823,0.0,0.4375,0.46875
1744300,444.02633736763994,0.0,0.5,0.640625
1744400,444.16282190942275,0.0,0.4375,0.578125
1744500,444.21792152142837,0.0,0.375,0.46875
1744600,444.2430140517274,0.0,0.4375,0.5625
1744700,444.29410805695,0.0,0.4375,0.484375
1744800,444.32065200500097,0.0,0.5,0.453125
1744900,444.38554725435466,0.0,0.5,0.609375
1745000,444.6056783320345,0.0,0.5,0.578125
1745100,444.6794331970502,0.0,0.5625,0.625
1745200,444.77605061486395,0.0,0.375,0.5625
1745300,444.81832582998067,0.0,0.375,0.46875
1745400,444.92727094242514,0.0,0.5,0.46875
1745500,444.946878603592,0.0,0.5,0.46875
1745600,445.0539438485563,0.0,0.375,0.5625
1745700,445.1710245143527,0.0,0.4375,0.59375
1745800,445.2359616104017,0.0,0.4375,0.59375
1745900,445.3753328659173,0.0,0.5,0.578125
1746000,445.43487933857193,0.0,0.5,0.421875
1746100,445.4792846697913,0.0,0.4375,0.5625
1746200,445.51086537053106,0.0,0.4375,0.59375
1746300,445.5658525666618,0.0,0.4375,0.5625
1746400,445.586603395131,0.0,0.5625,0.546875
1746500,445.7012330665163,0.0,0.375,0.515625
1746600,445.72442255103607,0.0,0.4375,0.453125
1746700,445.82755659613446,0.0,0.5625,0.515625
1746800,445.87766895615584,0.0,0.375,0.4375
1746900,445.9886022696621,0.0,0.3125,0.59375
1747000,446.0473661628704,0.0,0.375,0.4375
1747100,446.0683026892413,0.0,0.5,0.4375
1747200,446.1497700352099,0.0,0.625,0.609375
1747300,446.2701869254392,0.0,0.4375,0.5
1747400,446.2892517000379,0.0,0.625,0.53125
1747500,446.3321604236588,0.0,0.5,0.59375
1747600,446.35468281829134,0.0,0.5,0.578125
1747700,446.3956376489229,0.0,0.4375,0.5625
1747800,446.49247139506633,0.0,0.4375,0.53125
1747900,446.5235199725549,0.0,0.4375,0.609375
1748000,446.54507330611443,0.0,0.5,0.6875
1748100,446.6142782732108,0.0,0.4375,0.484375
1748200,446.64873572084974,0.0,0.6875,0.546875
1748300,446.7126944808818,0.0,0.625,0.515625
1748400,446.734550643978,0.0,0.4375,0.5625
1748500,446.76588400661205,0.0,0.5625,0.609375
1748600,446.78505398112827,0.0,0.4375,0.546875
1748700,446.80171816001365,0.0,0.5,0.5
1748800,446.8055760691038,0.0,0.5,0.59375
1748900,446.83312731552394,0.0,0.5,0.46875
1749000,446.84624210323705,0.0,0.5625,0.640625
1749100,446.8691876905169,0.0,0.625,0.546875
1749200,446.8833431662582,0.0,0.375,0.53125
1749300,446.9226225361496,0.0,0.375,0.546875
1749400,446.9773641733684,0.0,0.5625,0.609375
1749500,447.01870181703146,0.0,0.4375,0.546875
1749600,447.0238326456114,0.0,0.5625,0.59375
1749700,447.0438576485258,0.0,0.5,0.5625
1749800,447.091900022357,0.0,0.5,0.59375
1749900,447.120986398564,0.0,0.4375,0.515625
1750000,256.30197610176543,0.0,0.5625,0.5625
1750100,312.6566404949575,0.0,0.5625,0.578125
1750200,375.08883885723174,0.0,0.5,0.46875
1750300,382.2583933391347,0.0,0.625,0.46875
1750400,386.3471776265521,0.0,0.625,0.578125
1750500,390.9571705306244,0.0,0.625,0.375
1750600,393.3539272661861,0.0,0.5625,0.59375
1750700,394.99418751180656,0.0,0.375,0.609375
1750800,396.381603223534,0.0,0.375,0.5625
1750900,397.2850837977264,0.0,0.5,0.625
1751000,399.1884132912466,0.0,0.5625,0.53125
1751100,400.80516402074915,0.0,0.5,0.515625
1751200,402.0901174046225,0.0,0.4375,0.546875
1751300,402.8573886776097,0.0,0.5625,0.59375
1751400,403.7418882959985,0.0,0.375,0.5
1751500,404.60317564106776,0.0,0.5,0.59375
1751600,405.47998311287637,0.0,0.6875,0.609375
1751700,406.5212697316164,0.0,0.5625,0.484375
1751800,407.22768635581133,0.0,0.5,0.546875
1751900,407.85777220041916,0.0,0.625,0.515625
1752000,408.3742155993324,0.0,0.5,0.578125
1752100,409.0002857156389,0.0,0.5625,0.578125
1752200,409.54146486335196,0.0,0.4375,0.546875
1752300,410.2651340380171,0.0,0.5,0.609375
1752400,410.74921623689374,0.0,0.625,0.4375
1752500,411.51380504552475,0.0,0.375,0.453125
1752600,411.95730814034727,0.0,0.5625,0.5
1752700,412.3242192977018,0.0,0.4375,0.515625
1752800,412.8063934734052,0.0,0.4375,0.515625
1752900,413.03113988702495,0.0,0.4375,0.421875
1753000,413.51037597883055,0.0,0.625,0.59375
1753100,414.10588668345264,0.0,0.375,0.421875
1753200,414.50829291324425,0.0,0.4375,0.609375
1753300,414.7807173779891,0.0,0.5625,0.609375
1753400,415.11014294141546,0.0,0.6875,0.59375
1753500,415.5165160547642,0.0,0.4375,0.46875
1753600,415.8151452123585,0.0,0.4375,0.53125
1753700,416.3070680512844,0.0,0.4375,0.53125
1753800,416.44175284875877,0.0,0.5,0.5625
1753900,416.740946350015,0.0,0.4375,0.484375
1754000,417.0686140489628,0.0,0.5,0.515625
1754100,417.23099264812106,0.0,0.5,0.453125
1754200,417.6621443130322,0.0,0.5625,0.484375
1754300,418.01330551192575,0.0,0.4375,0.453125
1754400,418.2868583859905,0.0,0.4375,0.484375
1754500,418.49796109734666,0.0,0.4375,0.59375
1754600,418.70861827244664,0.0,0.4375,0.5625
1754700,418.8752000004965,0.0,0.5,0.5625
1754800,419.1893924270532,0.0,0.4375,0.46875
1754900,419.65301461296167,0.0,0.5625,0.515625
1755000,419.8277003514074,0.0,0.5625,0.5
1755100,420.01813575341293,0.0,0.5,0.53125
1755200,420.46016587751933,0.0,0.5,0.578125
1755300,420.68664553250045,0.0,0.5,0.515625
1755400,421.00909601876276,0.0,0.5,0.578125
1755500,421.20494609054623,0.0,0.3125,0.40625
1755600,421.46506716730556,0.0,0.4375,0.640625
1755700,421.71256975630433,0.0,0.5,0.484375
1755800,421.8288495425913,0.0,0.4375,0.453125
1755900,421.94374915025566,0.0,0.5,0.5625
1756000,422.0755224810476,0.0,0.4375,0.625
1756100,422.3060737186748,0.0,0.5,0.65625
1756200,422.46389039182264,0.0,0.375,0.453125
1756300,422.6763975695706,0.0,0.5,0.59375
1756400,422.81459638277306,0.0,0.625,0.515625
1756500,422.95726352933553,0.0,0.5,0.4375
1756600,423.12949502117436,0.0,0.5,0.53125
1756700,423.29818533478425,0.0,0.3125,0.5625
1756800,423.6043903606701,0.0,0.4375,0.421875
1756900,423.73313201668344,0.0,0.5625,0.546875
1757000,423.8654874708717,0.0,0.5,0.515625
1757100,424.08758002733936,0.0,0.5,0.578125
1757200,424.21610057637594,0.0,0.5,0.53125
1757300,424.34355054081834,0.0,0.4375,0.4375
1757400,424.49230291577067,0.0,0.3125,0.515625
1757500,424.56965362882045,0.0,0.4375,0.5
1757600,424.74484121973296,0.0,0.5625,0.546875
1757700,424.8427068593385,0.0,0.5,0.53125
1757800,424.916990564874,0.0,0.5625,0.5625
1757900,425.2420160218322,0.0,0.5,0.4375
1758000,425.3368498291534,0.0,0.5,0.625
1758100,425.5733584245972,0.0,0.4375,0.59375
1758200,425.6857249482483,0.0,0.5625,0.484375
1758300,425.81640712384007,0.0,0.5625,0.5625
1758400,425.91753598950595,0.0,0.375,0.34375
1758500,426.00072224507977,0.0,0.5,0.53125
1758600,426.07383428139303,0.0,0.5,0.6875
1758700,426.15567168730627,0.0,0.375,0.53125
1758800,427.6054306827303,0.0,0.5625,0.59375
1758900,427.6541846237549,0.0,0.5625,0.5
1759000,427.75270551147077,0.0,0.5,0.546875
1759100,427.8823708911968,0.0,0.4375,0.515625
1759200,428.0152780559247,0.0,0.5,0.46875
1759300,428.0768699474978,0.0,0.5,0.515625
1759400,428.1359639464957,0.0,0.5,0.546875
1759500,428.2005182676706,0.0,0.4375,0.546875
1759600,428.369050351075,0.0,0.5,0.5
1759700,428.42898836563757,0.0,0.5,0.6875
1759800,428.47254801381365,0.0,0.4375,0.5625
1759900,428.53551932561305,0.0,0.4375,0.546875
1760000,428.5655459859684,0.0,0.5,0.546875
1760100,428.6566027185948,0.0,0.4375,0.484375
1760200,428.7867744734846,0.0,0.4375,0.46875
1760300,428.86177668892026,0.0,0.4375,0.484375
1760400,428.97478521410613,0.0,0.5,0.453125
1760500,429.0214630247586,0.0,0.4375,0.5
1760600,429.08424260956804,0.0,0.4375,0.546875
1760700,429.2063271581351,0.0,0.5,0.53125
1760800,429.24230969515304,0.0,0.4375,0.609375
1760900,429.2651902723517,0.0,0.6875,0.609375
1761000,429.2876338937589,0.0,0.4375,0.546875
1761100,429.35133697680294,0.0,0.375,0.53125
1761200,429.4427516220412,0.0,0.5,0.46875
1761300,429.50358724105024,0.0,0.4375,0.515625
1761400,429.56222487516914,0.0,0.4375,0.515625
1761500,429.5968672904896,0.0,0.5,0.59375
1761600,429.65170870883367,0.0,0.4375,0.484375
1761700,429.67260422702617,0.0,0.5625,0.625
1761800,429.79788583748234,0.0,0.5,0.578125
1761900,429.89376135300546,0.0,0.5,0.484375
1762000,429.93704040257796,0.0,0.5,0.53125
1762100,430.006063363325,0.0,0.375,0.53125
1762200,430.1174434594215,0.0,0.4375,0.453125
1762300,430.3452820974841,0.0,0.5625,0.515625
1762400,430.3673828032878,0.0,0.4375,0.53125
1762500,430.45187282617155,0.0,0.5,0.484375
1762600,430.47600726029106,0.0,0.5,0.640625
1762700,430.5252031008914,0.0,0.4375,0.53125
1762800,430.5500360743616,0.0,0.5625,0.5625
1762900,430.6159539884303,0.0,0.375,0.671875
1763000,430.66136234525584,0.0,0.4375,0.609375
1763100,430.70019939250096,0.0,0.4375,0.5
1763200,430.71399026676966,0.0,0.5,0.5
1763300,430.7635856935014,0.0,0.5,0.4375
1763400,430.79410027719337,0.0,0.4375,0.546875
1763500,430.8962144395536,0.0,0.4375,0.59375
1763600,430.984563543062,0.0,0.5,0.59375
1763700,431.0714544778804,0.0,0.625,0.515625
1763800,431.1439164784634,0.0,0.5625,0.53125
1763900,431.2084220665725,0.0,0.5,0.484375
1764000,431.31442251803304,0.0,0.5,0.515625
1764100,431.42761251550434,0.0,0.5,0.625
1764200,431.4493588323181,0.0,0.4375,0.453125
1764300,431.54641559827706,0.0,0.5625,0.5625
1764400,431.63445239144346,0.0,0.375,0.640625
1764500,431.82449418738196,0.0,0.4375,0.5
1764600,431.93120863997615,0.0,0.5,0.5625
1764700,431.9665740906021,0.0,0.5,0.578125
1764800,432.0466883773043,0.0,0.5,0.578125
1764900,432.1454314859362,0.0,0.5,0.546875
1765000,432.178043316838,0.0,0.4375,0.5
1765100,432.35367188408804,0.0,0.4375,0.546875
1765200,432.40322105547267,0.0,0.5,0.4375
1765300,432.498971937964,0.0,0.4375,0.46875
1765400,432.5390853685425,0.0,0.5,0.5
1765500,432.6055597663837,0.0,0.5625,0.578125
1765600,432.6191598998585,0.0,0.4375,0.453125
1765700,432.67164716227427,0.0,0.5625,0.53125
1765800,432.70856333490406,0.0,0.5,0.5
1765900,432.8267687515049,0.0,0.5,0.546875
1766000,432.9676471318865,0.0,0.5,0.671875
1766100,433.0250389732729,0.0,0.5,0.546875
1766200,433.06198672334216,0.0,0.5,0.515625
1766300,433.0687382842174,0.0,0.5,0.546875
1766400,433.12332542526264,0.0,0.4375,0.515625
1766500,433.16216005358257,0.0,0.4375,0.484375
1766600,433.28621439071765,0.0,0.4375,0.515625
1766700,433.36333470033264,0.0,0.625,0.578125
1766800,433.4246093695207,0.0,0.5,0.609375
1766900,433.5046745364485,0.0,0.4375,0.5625
1767000,433.5927266626327,0.0,0.4375,0.578125
1767100,433.63326704464754,0.0,0.5,0.609375
1767200,433.70350494209026,0.0,0.5,0.546875
1767300,433.7948269578015,0.0,0.5,0.390625
1767400,433.8713664806963,0.0,0.4375,0.65625
1767500,434.0143292469429,0.0,0.3125,0.453125
1767600,434.0418357742289,0.0,0.625,0.46875
1767700,434.20050030173,0.0,0.4375,0.625
1767800,434.2465374364646,0.0,0.5625,0.453125
1767900,434.30758733782716,0.0,0.375,0.59375
1768000,434.3630853568967,0.0,0.375,0.53125
1768100,434.43367840801676,0.0,0.375,0.421875
1768200,434.4579145192543,0.0,0.5,0.484375
1768300,434.47318503056385,0.0,0.5,0.53125
1768400,434.5794536159256,0.0,0.5625,0.53125
1768500,434.65079689590243,0.0,0.5,0.625
1768600,434.67678772926894,0.0,0.5,0.484375
1768700,434.7605134873389,0.0,0.5,0.515625
1768800,434.8571162194774,0.0,0.4375,0.546875
1768900,434.90738874867174,0.0,0.5625,0.46875
1769000,434.9504808446836,0.0,0.625,0.5
1769100,434.97124610979796,0.0,0.4375,0.515625
1769200,435.10796039997456,0.0,0.375,0.5
1769300,435.1203073004049,0.0,0.5625,0.53125
1769400,435.1965342194933,0.0,0.4375,0.53125
1769500,435.2128482909294,0.0,0.375,0.375
1769600,435.30059377214246,0.0,0.625,0.5
1769700,435.35639283996466,0.0,0.4375,0.484375
1769800,435.48237252111755,0.0,0.5,0.46875
1769900,435.5538165472799,0.0,0.375,0.453125
1770000,435.5614515232012,0.0,0.5625,0.59375
1770100,435.67250019920664,0.0,0.5,0.59375
1770200,435.68824517284224,0.0,0.5,0.609375
1770300,435.8117599456383,0.0,0.375,0.46875
1770400,435.9068016457506,0.0,0.5625,0.59375
1770500,435.9931804115606,0.0,0.5,0.453125
1770600,436.0419877925153,0.0,0.5,0.546875
1770700,436.0750505617269,0.0,0.375,0.5625
1770800,436.18029143086255,0.0,0.375,0.453125
1770900,436.19528386651626,0.0,0.5,0.578125
1771000,436.2641457335777,0.0,0.5625,0.5625
1771100,436.37774586650164,0.0,0.5,0.609375
1771200,436.4064869718093,0.0,0.4375,0.4375
1771300,436.42215778724506,0.0,0.4375,0.390625
1771400,436.45148360949247,0.0,0.4375,0.421875
1771500,436.48250459662006,0.0,0.5625,0.59375
1771600,436.5932436797061,0.0,0.4375,0.453125
1771700,436.62958405617337,0.0,0.375,0.515625
1771800,436.7486084258253,0.0,0.375,0.390625
1771900,436.9751841659102,0.0,0.5625,0.53125
1772000,436.9906660031819,0.0,0.5,0.609375
1772100,437.1204715694798,0.0,0.4375,0.53125
1772200,437.1459374733682,0.0,0.5625,0.484375
1772300,437.2418413613128,0.0,0.375,0.46875
1772400,437.31370831020143,0.0,0.5,0.546875
1772500,437.42747410020803,0.0,0.5,0.484375
1772600,437.50370719351423,0.0,0.5,0.453125
1772700,437.5430478307678,0.0,0.5,0.53125
1772800,437.5499837541446,0.0,0.5,0.640625
1772900,437.5783668439171,0.0,0.5,0.609375
1773000,437.60308669695854,0.0,0.4375,0.453125
1773100,437.6232857485621,0.0,0.4375,0.4375
1773200,437.6538263701578,0.0,0.5,0.53125
1773300,437.66781768980155,0.0,0.5,0.4375
1773400,437.68958414579697,0.0,0.5625,0.5
1773500,437.8307679607036,0.0,0.375,0.453125
1773600,437.8388696272325,0.0,0.5625,0.5
1773700,437.86519250842616,0.0,0.5,0.484375
1773800,438.00637350013307,0.0,0.375,0.40625
1773900,438.03301977229654,0.0,0.5625,0.46875
1774000,438.0862861620485,0.0,0.375,0.390625
1774100,438.17206685998696,0.0,0.5625,0.53125
1774200,438.26460786959586,0.0,0.5,0.5625
1774300,438.283899447121,0.0,0.5625,0.53125
1774400,438.36871907035976,0.0,0.5,0.46875
1774500,438.489969102675,0.0,0.5625,0.515625
1774600,438.5471012836875,0.0,0.4375,0.5625
1774700,438.56065187618583,0.0,0.5625,0.59375
1774800,438.61944224702046,0.0,0.5625,0.546875
1774900,438.67143183210965,0.0,0.5,0.5
1775000,311.8852746232544,0.0,0.4375,0.453125
1775100,378.1397515049424,0.0,0.5625,0.578125
1775200,397.63210129341957,0.0,0.4375,0.53125
1775300,402.35621621042895,0.0,0.5625,0.515625
1775400,410.63451307578947,0.0,0.4375,0.546875
1775500,415.81930513620085,0.0,0.5,0.515625
1775600,419.64802718310216,0.0,0.4375,0.4375
1775700,422.8644057596121,0.0,0.4375,0.53125
1775800,424.6683516951253,0.0,0.375,0.515625
1775900,426.1924624098725,0.0,0.4375,0.46875
1776000,428.3492419738082,0.0,0.4375,0.421875
1776100,429.8735753204385,0.0,0.5,0.5625
1776200,430.8075279198842,0.0,0.5625,0.515625
1776300,431.69058606264554,0.0,0.4375,0.484375
1776400,432.84417114265483,0.0,0.5,0.625
1776500,433.96598714506615,0.0,0.5,0.5625
1776600,434.5973652127244,0.0,0.5,0.5
1776700,435.18753798995124,0.0,0.5,0.546875
1776800,436.24103432197177,0.0,0.4375,0.484375
1776900,437.1593348239012,0.0,0.4375,0.5
1777000,437.77040947966384,0.0,0.5625,0.421875
1777100,438.35061836981026,0.0,0.5625,0.375
1777200,438.8791757779924,0.0,0.5625,0.328125
1777300,439.6012068626569,0.0,0.4375,0.5
1777400,440.17961544148284,0.0,0.5,0.578125
1777500,440.695127882112,0.0,0.4375,0.453125
1777600,441.31632208278006,0.0,0.5,0.453125
1777700,441.51224312549823,0.0,0.4375,0.546875
1777800,441.90031222701197,0.0,0.375,0.53125
1777900,442.4232742606272,0.0,0.4375,0.578125
1778000,442.98426428567967,0.0,0.5625,0.53125
1778100,443.37611458710364,0.0,0.5625,0.484375
1778200,443.7023670194649,0.0,0.4375,0.546875
1778300,443.8850971369033,0.0,0.625,0.5625
1778400,444.1547342793689,0.0,0.375,0.625
1778500,444.5102382010795,0.0,0.5,0.515625
1778600,444.8226581649735,0.0,0.5,0.4375
1778700,445.2841964245534,0.0,0.5,0.4375
1778800,445.4746058866703,0.0,0.5,0.453125
1778900,445.7859399954167,0.0,0.625,0.546875
1779000,446.13091857454936,0.0,0.5,0.5625
1779100,446.3747348297827,0.0,0.375,0.4375
1779200,446.68899429608615,0.0,0.5,0.546875
1779300,446.8235768858044,0.0,0.5,0.421875
1779400,447.0679321869373,0.0,0.5,0.5
1779500,447.25111127531864,0.0,0.4375,0.53125
1779600,447.4617475079703,0.0,0.5,0.515625
1779700,447.68275370708244,0.0,0.375,0.484375
1779800,447.9134207914119,0.0,0.5,0.46875
1779900,448.06715604437176,0.0,0.4375,0.46875
1780000,448.29078173287695,0.0,0.5625,0.484375
1780100,448.4948021461059,0.0,0.5625,0.546875
1780200,448.70051698481757,0.0,0.375,0.34375
1780300,448.90879832796276,0.0,0.5,0.4375
1780400,449.13204086459655,0.0,0.5625,0.546875
1780500,449.34496188868627,0.0,0.4375,0.328125
1780600,449.4785404838341,0.0,0.5,0.34375
1780700,449.5838550648285,0.0,0.4375,0.5
1780800,449.6875646029454,0.0,0.5625,0.40625
1780900,449.8016625760404,0.0,0.5,0.515625
1781000,449.8922531374805,0.0,0.4375,0.34375
1781100,450.01743647325264,0.0,0.5,0.515625
1781200,450.1313175465407,0.0,0.4375,0.46875
1781300,450.2207165418535,0.0,0.4375,0.46875
1781400,450.267577444589,0.0,0.4375,0.46875
1781500,450.39619865328757,0.0,0.5,0.515625
1781600,450.48184681313927,0.0,0.4375,0.515625
1781700,450.5305564438012,0.0,0.5,0.4375
1781800,450.6031421935079,0.0,0.5,0.5
1781900,450.6883204301499,0.0,0.4375,0.5
1782000,450.7453091499681,0.0,0.5,0.53125
1782100,450.8779441637355,0.0,0.5,0.609375
1782200,450.9779843919142,0.0,0.5,0.4375
1782300,451.05937534357383,0.0,0.5625,0.421875
1782400,451.22273720692,0.0,0.5625,0.484375
1782500,451.30658982872865,0.0,0.4375,0.453125
1782600,451.4339519996153,0.0,0.5,0.609375
1782700,451.5185030134955,0.0,0.5,0.453125
1782800,451.5428776667784,0.0,0.5,0.53125
1782900,451.6471352540073,0.0,0.5,0.46875
1783000,451.6717190790568,0.0,0.5625,0.546875
1783100,451.7787674253981,0.0,0.5,0.515625
1783200,451.8134570402162,0.0,0.4375,0.5
1783300,451.8471608834791,0.0,0.625,0.4375
1783400,451.902700360215,0.0,0.5,0.5
1783500,451.95991022620694,0.0,0.4375,0.421875
1783600,451.99783969726417,0.0,0.5,0.578125
1783700,452.0229423013321,0.0,0.5625,0.515625
1783800,452.0678160753257,0.0,0.5,0.453125
1783900,452.1176655601716,0.0,0.5,0.609375
1784000,452.1305247719715,0.0,0.5625,0.5625
1784100,452.15410857869756,0.0,0.5625,0.484375
1784200,452.19906488133194,0.0,0.5625,0.46875
1784300,452.23142597184426,0.0,0.5625,0.46875
1784400,452.25174203594037,0.0,0.4375,0.53125
1784500,452.2956792899671,0.0,0.4375,0.46875
1784600,452.3175210375984,0.0,0.5625,0.40625
1784700,452.3354077814411,0.0,0.5,0.546875
1784800,452.36323067717194,0.0,0.5,0.4375
1784900,452.4287638789259,0.0,0.4375,0.5
1785000,452.4500061611349,0.0,0.4375,0.453125
1785100,452.47828676729415,0.0,0.5625,0.5
1785200,452.49936022321504,0.0,0.5,0.546875
1785300,452.5116191299092,0.0,0.5625,0.5
1785400,452.5250917423884,0.0,0.5,0.5
1785500,452.5310670585974,0.0,0.5625,0.546875
1785600,452.55647466703834,0.0,0.5625,0.53125
1785700,452.5631034969552,0.0,0.4375,0.53125
1785800,452.57897585438315,0.0,0.4375,0.359375
1785900,452.5948565909441,0.0,0.4375,0.421875
1786000,452.62115070502557,0.0,0.375,0.4375
1786100,452.6416088209314,0.0,0.5,0.484375
1786200,452.64648053318183,0.0,0.5625,0.46875
1786300,452.6584819890771,0.0,0.5,0.546875
1786400,452.67079068581313,0.0,0.4375,0.53125
1786500,452.6849731462526,0.0,0.5,0.546875
1786600,452.7195857783796,0.0,0.5,0.46875
1786700,452.73930218700025,0.0,0.5625,0.546875
1786800,452.7581696345788,0.0,0.4375,0.453125
1786900,452.78437114334974,0.0,0.4375,0.546875
1787000,452.8061843113849,0.0,0.5,0.515625
1787100,452.827239620801,0.0,0.4375,0.453125
1787200,452.8384074300119,0.0,0.5,0.515625
1787300,452.85508375937786,0.0,0.5625,0.53125
1787400,452.86396076489547,0.0,0.5,0.5
1787500,452.8879203216207,0.0,0.625,0.515625
1787600,452.8989887290493,0.0,0.375,0.375
1787700,452.9216535580179,0.0,0.5625,0.46875
1787800,452.92461358688234,0.0,0.5625,0.546875
1787900,452.93928188873883,0.0,0.625,0.625
1788000,452.96085529486595,0.0,0.4375,0.421875
1788100,452.9694765373236,0.0,0.625,0.515625
1788200,452.9896030238181,0.0,0.5,0.46875
1788300,452.9953970096475,0.0,0.4375,0.515625
1788400,453.0086166620657,0.0,0.5625,0.453125
1788500,453.01696845320026,0.0,0.5625,0.546875
1788600,453.0381531318905,0.0,0.5625,0.53125
1788700,453.0505084179507,0.0,0.625,0.34375
1788800,453.07342363701576,0.0,0.5625,0.40625
1788900,453.0860280212427,0.0,0.5,0.421875
1789000,453.1141121676052,0.0,0.5625,0.53125
1789100,453.1317165865737,0.0,0.5,0.546875
1789200,453.14746024713014,0.0,0.4375,0.484375
1789300,453.1610840567467,0.0,0.5625,0.5
1789400,453.17284300910984,0.0,0.4375,0.5
1789500,453.18234247671336,0.0,0.4375,0.4375
1789600,453.2005860530845,0.0,0.5,0.515625
1789700,453.21154957463057,0.0,0.5,0.4375
1789800,453.2205273466963,0.0,0.5,0.5
1789900,453.2255241112631,0.0,0.5625,0.390625
1790000,453.2463451144466,0.0,0.5625,0.4375
1790100,453.2606602505872,0.0,0.5625,0.5625
1790200,453.26768295087214,0.0,0.5,0.46875
1790300,453.3739672760931,0.0,0.5,0.5625
1790400,453.3874617317085,0.0,0.5,0.59375
1790500,453.3980442055561,0.0,0.5,0.484375
1790600,453.41544265845425,0.0,0.5,0.40625
1790700,453.4218813671438,0.0,0.5,0.5
1790800,453.4313688528695,0.0,0.375,0.46875
1790900,453.4564817712384,0.0,0.4375,0.40625
1791000,453.4634356574711,0.0,0.5625,0.484375
1791100,453.4775036621376,0.0,0.5625,0.53125
1791200,453.4863095089553,0.0,0.5,0.5625
1791300,453.5183032183568,0.0,0.375,0.46875
1791400,453.5287982061432,0.0,0.5,0.515625
1791500,453.5577406345891,0.0,0.4375,0.53125
1791600,453.5660779903295,0.0,0.5625,0.46875
1791700,453.5732475194162,0.0,0.5625,0.46875
1791800,453.58842353299843,0.0,0.5,0.453125
1791900,453.60092249699096,0.0,0.5,0.515625
1792000,453.6119692149717,0.0,0.625,0.4375
1792100,453.62822590725926,0.0,0.5,0.5625
1792200,453.63676592187176,0.0,0.5625,0.5625
1792300,453.65117666597536,0.0,0.5,0.53125
1792400,453.66725979886576,0.0,0.5625,0.40625
1792500,453.68242933787843,0.0,0.5625,0.515625
1792600,453.69334371327204,0.0,0.5625,0.546875
1792700,453.7000476816495,0.0,0.5,0.5
1792800,453.71447112056467,0.0,0.5625,0.5625
1792900,453.7405616461426,0.0,0.5,0.59375
1793000,453.75289303178,0.0,0.5,0.546875
1793100,453.76600375456735,0.0,0.5,0.53125
1793200,453.7778108518596,0.0,0.5625,0.421875
1793300,453.7858676560859,0.0,0.5625,0.453125
1793400,453.7925139609182,0.0,0.4375,0.421875
1793500,453.80341891478787,0.0,0.5625,0.53125
1793600,453.81665128520063,0.0,0.4375,0.515625
1793700,453.8248260794995,0.0,0.5,0.46875
1793800,453.8439260768229,0.0,0.625,0.640625
1793900,453.86673053812683,0.0,0.5625,0.53125
1794000,453.8833149197823,0.0,0.4375,0.546875
1794100,453.89817519668384,0.0,0.5625,0.453125
1794200,453.9042527712639,0.0,0.5625,0.4375
1794300,453.9168488027031,0.0,0.5,0.5
1794400,453.9266703867238,0.0,0.5,0.609375
1794500,453.93538338137625,0.0,0.5625,0.609375
1794600,453.9455538490682,0.0,0.5,0.53125
1794700,453.9517632425616,0.0,0.5,0.515625
1794800,453.95968870610005,0.0,0.5625,0.609375
1794900,453.9726278774606,0.0,0.5,0.484375
1795000,453.98274608098853,0.0,0.5625,0.640625
1795100,453.9893325198095,0.0,0.5,0.5
1795200,454.00511153444035,0.0,0.5,0.46875
1795300,454.0099159237077,0.0,0.625,0.515625
1795400,454.02347807146714,0.0,0.5625,0.5
1795500,454.0336736994779,0.0,0.5,0.46875
1795600,454.04614852571046,0.0,0.4375,0.59375
1795700,454.0549647716523,0.0,0.4375,0.515625
1795800,454.06492020227785,0.0,0.5625,0.453125
1795900,454.0747324851314,0.0,0.5625,0.5625
1796000,454.08685173777354,0.0,0.5,0.546875
1796100,454.09916015868845,0.0,0.5,0.5
1796200,454.10407120814847,0.0,0.375,0.5625
1796300,454.1239421388651,0.0,0.5625,0.578125
1796400,454.1399114468273,0.0,0.4375,0.53125
1796500,454.1477204622262,0.0,0.5625,0.578125
1796600,454.1497073708085,0.0,0.5625,0.46875
1796700,454.15546500521606,0.0,0.4375,0.40625
1796800,454.1640681351622,0.0,0.5,0.484375
1796900,454.17398608302204,0.0,0.5625,0.453125
1797000,454.1881450678403,0.0,0.5,0.59375
1797100,454.2032674522103,0.0,0.5,0.515625
1797200,454.21488603249145,0.0,0.5625,0.5625
1797300,454.21754586471167,0.0,0.5625,0.515625
1797400,454.229149680236,0.0,0.625,0.53125
1797500,454.241263523557,0.0,0.5625,0.5625
1797600,454.2487733465802,0.0,0.5,0.5625
1797700,454.2632117505167,0.0,0.5625,0.40625
1797800,454.2666875762371,0.0,0.5,0.515625
1797900,454.2834308770569,0.0,0.5,0.484375
1798000,454.2904582735461,0.0,0.5625,0.5
1798100,454.30320221740334,0.0,0.375,0.421875
1798200,454.31820449454904,0.0,0.5625,0.46875
1798300,454.33028834538004,0.0,0.4375,0.46875
1798400,454.34529622318195,0.0,0.5625,0.609375
1798500,454.36907672686715,0.0,0.4375,0.5
1798600,454.3776649505714,0.0,0.5625,0.53125
1798700,454.38217794657106,0.0,0.5,0.484375
1798800,454.39499624270246,0.0,0.625,0.484375
1798900,454.4054399363955,0.0,0.5,0.546875
1799000,454.4141913979845,0.0,0.5,0.46875
1799100,454.41754394879047,0.0,0.5,0.546875
1799200,454.43058912240554,0.0,0.5625,0.5625
1799300,454.439093909166,0.0,0.5,0.5625
1799400,454.4614081136222,0.0,0.5625,0.546875
1799500,454.4687872717373,0.0,0.5,0.484375
1799600,454.481812158577,0.0,0.5625,0.484375
1799700,454.48543585069854,0.0,0.5625,0.4375
1799800,454.4953098990186,0.0,0.5,0.515625
1799900,454.5073642578035,0.0,0.5625,0.5625
1800000,238.7629172915124,0.0,0.4375,0.546875
1800100,238.92523241602777,0.0,0.375,0.484375
1800200,239.04671417645264,0.0,0.4375,0.484375
1800300,239.16796017994116,0.0,0.5625,0.546875
1800400,239.42348307778158,0.0,0.5,0.53125
1800500,239.55610607906203,0.0,0.4375,0.5
1800600,239.71347285918642,0.0,0.5,0.578125
1800700,239.88521325625217,0.0,0.5625,0.515625
1800800,240.0956107556316,0.0,0.5,0.4375
1800900,240.25742321016114,0.0,0.5625,0.484375
1801000,240.45960770993187,0.0,0.5,0.53125
1801100,240.80251532866518,0.0,0.4375,0.4375
1801200,240.94100110432962,0.0,0.5,0.5
1801300,241.16308596704965,0.0,0.5,0.59375
1801400,241.4151412241053,0.0,0.5625,0.5625
1801500,241.57657023414907,0.0,0.375,0.359375
1801600,241.96053502680826,0.0,0.5,0.46875
1801700,242.3419623225053,0.0,0.5,0.453125
1801800,242.6729838541533,0.0,0.4375,0.578125
1801900,243.05340788644128,0.0,0.5,0.640625
1802000,243.3668622181927,0.0,0.5,0.53125
1802100,243.84421248209887,0.0,0.5,0.4375
1802200,244.36530919685785,0.0,0.375,0.328125
1802300,245.1885373182556,0.0,0.5625,0.515625
1802400,246.03834627939713,0.0,0.5,0.640625
1802500,246.98926531680735,0.0,0.375,0.53125
1802600,248.4185008357996,0.0,0.5625,0.546875
1802700,250.72970941063352,0.0,0.5625,0.4375
1802800,255.06941426081517,0.0,0.5,0.5
1802900,264.0568681551894,0.0,0.5625,0.53125
1803000,282.2619774612977,0.0,0.4375,0.5
1803100,315.5020359470957,0.0,0.375,0.546875
1803200,325.5857433903871,0.0,0.375,0.53125
1803300,329.7377786729611,0.0,0.5,0.5
1803400,332.36085681704236,0.0,0.5,0.53125
1803500,333.68251464806775,0.0,0.5,0.546875
1803600,336.1253557279108,0.0,0.5625,0.53125
1803700,338.5556372757048,0.0,0.5625,0.515625
1803800,358.8591252100064,0.0,0.5625,0.625
1803900,401.65939327868995,0.0,0.4375,0.53125
1804000,410.60243008915387,0.0,0.5,0.5625
1804100,413.1701904406328,0.0,0.5625,0.578125
1804200,416.13672109302803,0.0,0.375,0.421875
1804300,418.2527350109117,0.0,0.4375,0.5625
1804400,419.5428639973686,0.0,0.5625,0.515625
1804500,420.19155618366364,0.0,0.5,0.59375
1804600,420.63701000286665,0.0,0.5625,0.5
1804700,421.25180958446913,0.0,0.625,0.578125
1804800,421.747400324603,0.0,0.4375,0.5625
1804900,421.891353494412,0.0,0.4375,0.484375
1805000,422.20830988650215,0.0,0.5625,0.46875
1805100,422.46531682562477,0.0,0.5625,0.5
1805200,422.6954580369068,0.0,0.5,0.453125
1805300,423.045194791442,0.0,0.5625,0.515625
1805400,423.29870674730154,0.0,0.5,0.53125
1805500,423.6112247315045,0.0,0.5,0.515625
1805600,423.85728234512527,0.0,0.5625,0.421875
1805700,424.0786504313423,0.0,0.5,0.484375
1805800,424.19302728415704,0.0,0.5625,0.5
1805900,424.381394061529,0.0,0.4375,0.484375
1806000,424.5749151510262,0.0,0.5,0.53125
1806100,424.8112958859422,0.0,0.5,0.53125
1806200,424.9400838650246,0.0,0.375,0.515625
1806300,425.1013286291537,0.0,0.5,0.5625
1806400,425.2295486588568,0.0,0.4375,0.59375
1806500,425.34483669772754,0.0,0.625,0.546875
1806600,425.43363581148907,0.0,0.4375,0.453125
1806700,425.58513938323165,0.0,0.5625,0.484375
1806800,425.78272345047395,0.0,0.5,0.5625
1806900,425.96178902549093,0.0,0.5,0.4375
1807000,426.0672479979435,0.0,0.5,0.578125
1807100,426.21986665154566,0.0,0.5625,0.5
1807200,426.2860526278238,0.0,0.5,0.515625
1807300,426.3947358000206,0.0,0.5,0.390625
1807400,426.53914383678216,0.0,0.375,0.296875
1807500,426.66221329465066,0.0,0.4375,0.484375
1807600,426.7857399920294,0.0,0.625,0.5625
1807700,426.89368397110496,0.0,0.5,0.5625
1807800,426.9661342049262,0.0,0.5625,0.46875
1807900,427.09280395609363,0.0,0.5625,0.578125
1808000,427.2111957333007,0.0,0.5,0.4375
1808100,427.3374803167028,0.0,0.5625,0.46875
1808200,427.43456818367997,0.0,0.5625,0.546875
1808300,427.56531052110785,0.0,0.5625,0.515625
1808400,427.61352390313635,0.0,0.5625,0.53125
1808500,427.72614241823493,0.0,0.5625,0.5625
1808600,427.8024977033198,0.0,0.5625,0.46875
1808700,427.8378945358691,0.0,0.625,0.59375
1808800,427.99075228819805,0.0,0.5,0.5
1808900,428.0822559371931,0.0,0.5,0.453125
1809000,428.1410408699318,0.0,0.5625,0.4375
1809100,428.19273848235514,0.0,0.5625,0.484375
1809200,428.78874209530596,0.0,0.5625,0.578125
1809300,428.8292276380038,0.0,0.625,0.46875
1809400,428.9132365763127,0.0,0.625,0.53125
1809500,429.0096337344133,0.0,0.4375,0.578125
1809600,429.05580386890574,0.0,0.5625,0.5625
1809700,429.1224698339663,0.0,0.5625,0.546875
1809800,429.1989060963736,0.0,0.4375,0.515625
1809900,429.2776034714311,0.0,0.5,0.609375
1810000,429.463001674551,0.0,0.5,0.328125
1810100,429.6098715779133,0.0,0.4375,0.46875
1810200,429.6818988658845,0.0,0.5,0.515625
1810300,429.6860530077719,0.0,0.625,0.59375
1810400,429.7671509836366,0.0,0.5,0.484375
1810500,429.84952215403905,0.0,0.4375,0.453125
1810600,430.15635760850427,0.0,0.5625,0.546875
1810700,430.22855842866136,0.0,0.625,0.46875
1810800,430.5072353565935,0.0,0.5625,0.515625
1810900,430.5694471061426,0.0,0.4375,0.453125
1811000,430.64264798686094,0.0,0.625,0.515625
1811100,430.7271813190184,0.0,0.5625,0.5625
1811200,430.8299903274396,0.0,0.5625,0.609375
1811300,430.9100652659838,0.0,0.625,0.484375
1811400,430.9623430054524,0.0,0.5,0.40625
1811500,431.09647556103965,0.0,0.5,0.4375
1811600,431.19386556124056,0.0,0.375,0.546875
1811700,431.21571318040463,0.0,0.375,0.390625
1811800,431.28397823472704,0.0,0.5625,0.5
1811900,431.35182756382113,0.0,0.4375,0.40625
1812000,431.4074505172174,0.0,0.5625,0.46875
1812100,431.4540560855471,0.0,0.5625,0.4375
1812200,431.54722642689404,0.0,0.5625,0.53125
1812300,431.590804973698,0.0,0.5625,0.453125
1812400,431.6566706415921,0.0,0.625,0.609375
1812500,431.7828545994958,0.0,0.6875,0.515625
1812600,431.88207732297695,0.0,0.5625,0.484375
1812700,431.9684961221978,0.0,0.625,0.546875
1812800,432.01210602457576,0.0,0.5,0.421875
1812900,432.0997864899189,0.0,0.625,0.515625
1813000,432.18504170785945,0.0,0.5,0.609375
1813100,432.2211107769448,0.0,0.5625,0.4375
1813200,432.30495364712976,0.0,0.5,0.53125
1813300,432.34775020399246,0.0,0.4375,0.53125
1813400,432.3625991512928,0.0,0.4375,0.46875
1813500,432.41273311397975,0.0,0.625,0.578125
1813600,432.462525777988,0.0,0.5625,0.484375
1813700,432.5816594617034,0.0,0.5625,0.5
1813800,432.6233834327728,0.0,0.5,0.546875
1813900,432.68476144294965,0.0,0.6875,0.578125
1814000,432.79711749739135,0.0,0.5625,0.53125
1814100,432.8598246947626,0.0,0.5,0.59375
1814200,432.9067561529118,0.0,0.625,0.5
1814300,432.97325883915954,0.0,0.625,0.484375
1814400,433.0708604619225,0.0,0.5625,0.46875
1814500,433.16917184790134,0.0,0.5625,0.609375
1814600,433.1951009177287,0.0,0.625,0.546875
1814700,433.2318818814982,0.0,0.4375,0.421875
1814800,433.2975675523902,0.0,0.5625,0.5
1814900,433.3781575214173,0.0,0.625,0.5625
1815000,433.4818017311089,0.0,0.5625,0.546875
1815100,433.56643589132705,0.0,0.5,0.390625
1815200,433.59560443856856,0.0,0.6875,0.515625
1815300,433.64087838780426,0.0,0.625,0.421875
1815400,433.7103794034282,0.0,0.5,0.46875
1815500,433.74493554953557,0.0,0.5,0.515625
1815600,433.78611409901174,0.0,0.5625,0.484375
1815700,433.83162900830183,0.0,0.5,0.515625
1815800,433.86838497666304,0.0,0.5625,0.59375
1815900,433.9696371229497,0.0,0.5625,0.484375
1816000,433.99297280876925,0.0,0.5,0.4375
1816100,434.0196522229431,0.0,0.5625,0.453125
1816200,434.2009318966,0.0,0.5625,0.515625
1816300,434.22270761830765,0.0,0.5625,0.46875
1816400,434.2991214579815,0.0,0.5,0.515625
1816500,434.388601759607,0.0,0.5625,0.453125
1816600,434.4190731095621,0.0,0.5,0.46875
1816700,434.4949775561209,0.0,0.5,0.484375
1816800,434.5441283133915,0.0,0.375,0.421875
1816900,434.59863224132255,0.0,0.4375,0.5625
1817000,434.6534395637129,0.0,0.5,0.390625
1817100,434.79330292899164,0.0,0.5625,0.546875
1817200,434.86751482290094,0.0,0.75,0.453125
1817300,434.9189345745517,0.0,0.5625,0.484375
1817400,434.98137365358076,0.0,0.375,0.5
1817500,435.0148433813405,0.0,0.625,0.515625
1817600,435.21327797420423,0.0,0.5,0.46875
1817700,435.30494355574575,0.0,0.625,0.578125
1817800,435.3417526811173,0.0,0.5,0.453125
1817900,435.37497015046694,0.0,0.6875,0.515625
1818000,435.40652929995787,0.0,0.5625,0.59375
1818100,435.4202130505508,0.0,0.5625,0.40625
1818200,435.4638352252274,0.0,0.5,0.484375
1818300,435.62213157866523,0.0,0.625,0.46875
1818400,435.6612017377818,0.0,0.5625,0.5
1818500,435.7577070830626,0.0,0.5625,0.5625
1818600,435.8045164080145,0.0,0.5625,0.609375
1818700,435.9176771402161,0.0,0.5625,0.53125
1818800,435.94624297321286,0.0,0.5,0.53125
1818900,435.99685420710205,0.0,0.625,0.515625
1819000,436.0360680758181,0.0,0.5,0.453125
1819100,436.0669287761698,0.0,0.6875,0.59375
1819200,436.1310994346548,0.0,0.5,0.515625
1819300,436.1529021998654,0.0,0.5625,0.484375
1819400,436.1955988047651,0.0,0.5,0.453125
1819500,436.25671308892,0.0,0.6875,0.375
1819600,436.3118151526829,0.0,0.4375,0.453125
1819700,436.3488540293387,0.0,0.5,0.40625
1819800,436.40353320094016,0.0,0.625,0.59375
1819900,436.51674247669473,0.0,0.4375,0.390625
1820000,436.5446812949658,0.0,0.5,0.421875
1820100,436.578196528409,0.0,0.4375,0.484375
1820200,436.62912182427783,0.0,0.5,0.46875
1820300,436.7245352882092,0.0,0.6875,0.484375
1820400,436.7462960850647,0.0,0.5625,0.421875
1820500,436.8020652046412,0.0,0.625,0.5625
1820600,436.82288674919863,0.0,0.5,0.40625
1820700,436.9712224509909,0.0,0.625,0.546875
1820800,436.9858526835566,0.0,0.5,0.5
1820900,437.0348470713826,0.0,0.5,0.40625
1821000,437.045470476597,0.0,0.625,0.53125
1821100,437.0900996248764,0.0,0.4375,0.421875
1821200,437.17060773487566,0.0,0.625,0.484375
1821300,437.2493213075574,0.0,0.5,0.5625
1821400,437.3093877597824,0.0,0.5,0.4375
1821500,437.38396682657043,0.0,0.5,0.5
1821600,437.4290156316194,0.0,0.5,0.40625
1821700,437.50595872243514,0.0,0.4375,0.59375
1821800,437.5368851304755,0.0,0.5625,0.46875
1821900,437.5620106249068,0.0,0.625,0.578125
1822000,437.5736655443222,0.0,0.5,0.390625
1822100,437.59140917338283,0.0,0.5,0.53125
1822200,437.68091829216365,0.0,0.5,0.421875
1822300,437.71968613400963,0.0,0.5,0.390625
1822400,437.7740235595722,0.0,0.6875,0.515625
1822500,437.7935837221275,0.0,0.5625,0.40625
1822600,437.8852356485109,0.0,0.625,0.5
1822700,437.9289463922902,0.0,0.5,0.5
1822800,437.9774178067368,0.0,0.5,0.515625
1822900,438.01563632337934,0.0,0.5625,0.40625
1823000,438.03080959656063,0.0,0.625,0.53125
1823100,438.13787813164345,0.0,0.5,0.421875
1823200,438.1533907776497,0.0,0.625,0.515625
1823300,438.26150995586937,0.0,0.625,0.40625
1823400,438.3747593558185,0.0,0.5,0.40625
1823500,438.4013724020713,0.0,0.5,0.40625
1823600,438.5841243102892,0.0,0.5625,0.515625
1823700,438.6441010514754,0.0,0.625,0.546875
1823800,438.65453572199954,0.0,0.4375,0.421875
1823900,438.7082341400239,0.0,0.5,0.484375
1824000,438.7307853739927,0.0,0.5625,0.390625
1824100,438.7529857268998,0.0,0.6875,0.4375
1824200,438.82580030211847,0.0,0.5625,0.546875
1824300,438.86233683783007,0.0,0.625,0.484375
1824400,438.8863548164503,0.0,0.5,0.453125
1824500,438.95068786747777,0.0,0.4375,0.53125
1824600,438.953206257857,0.0,0.75,0.421875
1824700,438.9977919116216,0.0,0.625,0.453125
1824800,439.0648668087716,0.0,0.5,0.40625
1824900,439.1402400147729,0.0,0.4375,0.453125
1825000,252.52570977837016,0.0,0.625,0.546875
1825100,252.78702678647045,0.0,0.5625,0.46875
1825200,252.99672399963862,0.0,0.5625,0.375
1825300,253.47622773881665,0.0,0.5,0.390625
1825400,254.3354501848908,0.0,0.375,0.5
1825500,255.37348306230493,0.0,0.625,0.421875
1825600,255.97921574031287,0.0,0.6875,0.5625
1825700,257.3461126495004,0.0,0.6875,0.5
1825800,258.92860845423746,0.0,0.5,0.4375
1825900,261.28017065373695,0.0,0.5625,0.421875
1826000,262.49046621746334,0.0,0.5,0.484375
1826100,270.3183282298276,0.0,0.5625,0.5
1826200,281.97308888154976,0.0,0.625,0.453125
1826300,289.7487881217693,0.0,0.625,0.421875
1826400,299.1606782328283,0.0,0.5625,0.375
1826500,307.6210064169185,0.0,0.6875,0.5625
1826600,315.91232567483786,0.0,0.5625,0.375
1826700,322.34515683310366,0.0,0.5625,0.53125
1826800,327.00504742389455,0.0,0.625,0.359375
1826900,329.2770498543399,0.0,0.5,0.4375
1827000,330.8640173514163,0.0,0.5625,0.625
1827100,331.3707236272213,0.0,0.5,0.4375
1827200,331.66536379403345,0.0,0.625,0.53125
1827300,332.0633163407639,0.0,0.5,0.546875
1827400,332.28473960171686,0.0,0.5,0.515625
1827500,332.6080815180632,0.0,0.4375,0.453125
1827600,333.07742803844235,0.0,0.5,0.375
1827700,333.4455143653729,0.0,0.5625,0.46875
1827800,333.7503717296932,0.0,0.625,0.53125
1827900,333.9406599064853,0.0,0.5,0.421875
1828000,334.36696346974526,0.0,0.625,0.5625
1828100,334.6053978861425,0.0,0.5625,0.53125
1828200,334.9150063529105,0.0,0.5,0.40625
1828300,335.28874170835354,0.0,0.625,0.546875
1828400,335.5337693624309,0.0,0.5625,0.453125
1828500,335.971671335833,0.0,0.6875,0.46875
1828600,336.33040928759857,0.0,0.5625,0.46875
1828700,336.65362866401864,0.0,0.5,0.359375
1828800,337.0912683452683,0.0,0.5,0.375
1828900,337.64792709425535,0.0,0.5625,0.421875
1829000,338.1083557722937,0.0,0.5,0.4375
1829100,338.65705443882075,0.0,0.625,0.484375
1829200,339.2589875538403,0.0,0.5,0.5625
1829300,340.08095865867256,0.0,0.5,0.34375
1829400,341.7407500201811,0.0,0.625,0.390625
1829500,342.3726678273098,0.0,0.5625,0.453125
1829600,343.41758303838446,0.0,0.5,0.4375
1829700,344.0358541212746,0.0,0.5625,0.390625
1829800,345.4476628434251,0.0,0.625,0.40625
1829900,346.67898247192613,0.0,0.625,0.4375
1830000,349.1707882700414,0.0,0.5625,0.4375
1830100,351.54104745240346,0.0,0.5625,0.46875
1830200,353.49756109171113,0.0,0.5,0.375
1830300,362.82820871611506,0.0,0.5,0.4375
1830400,371.04498207158184,0.0,0.625,0.515625
1830500,385.87733040512046,0.0,0.625,0.484375
1830600,393.69410540708486,0.0,0.5,0.453125
1830700,402.8490293395673,0.0,0.5625,0.515625
1830800,411.44875740078595,0.0,0.625,0.40625
1830900,416.43625362356806,0.0,0.6875,0.640625
1831000,421.1617031522636,0.0,0.625,0.46875
1831100,423.1974422646386,0.0,0.5,0.5
1831200,425.3281149836401,0.0,0.625,0.484375
1831300,427.02410757390214,0.0,0.5,0.515625
1831400,427.7104831138862,0.0,0.5625,0.546875
1831500,428.7772023886076,0.0,0.625,0.578125
1831600,429.81640859575083,0.0,0.6875,0.40625
1831700,430.51824937095495,0.0,0.5,0.5
1831800,431.25915750755314,0.0,0.5625,0.40625
1831900,431.8554077629665,0.0,0.5625,0.375
1832000,432.5703660557821,0.0,0.5625,0.421875
1832100,433.12755763961115,0.0,0.5625,0.484375
1832200,433.90386982404334,0.0,0.5625,0.5
1832300,434.22293176827674,0.0,0.5,0.46875
1832400,434.60381142733155,0.0,0.625,0.484375
1832500,435.203009823393,0.0,0.5625,0.546875
1832600,435.5621829361677,0.0,0.5625,0.453125
1832700,436.00234240196954,0.0,0.625,0.421875
1832800,436.2667405301522,0.0,0.5625,0.5
1832900,436.6297425469941,0.0,0.5625,0.515625
1833000,436.83166555976044,0.0,0.5625,0.515625
1833100,437.0316106834249,0.0,0.5625,0.46875
1833200,437.1907417542514,0.0,0.625,0.53125
1833300,437.4759966391129,0.0,0.5625,0.515625
1833400,438.0349415141161,0.0,0.4375,0.375
1833500,438.45071107200124,0.0,0.625,0.515625
1833600,438.7441649731432,0.0,0.5,0.375
1833700,438.9384986763477,0.0,0.5625,0.40625
1833800,439.0952029222651,0.0,0.5625,0.453125
1833900,439.2024571479066,0.0,0.5625,0.390625
1834000,439.4223856661732,0.0,0.5,0.40625
1834100,439.5221970780621,0.0,0.5625,0.578125
1834200,439.72682047466014,0.0,0.5,0.40625
1834300,439.97137286794464,0.0,0.5625,0.40625
1834400,440.30338017485593,0.0,0.625,0.515625
1834500,440.4523372465458,0.0,0.5625,0.390625
1834600,440.6775767204246,0.0,0.375,0.40625
1834700,441.03036816316524,0.0,0.4375,0.453125
1834800,441.2661578387845,0.0,0.5,0.4375
1834900,441.37778701019266,0.0,0.5625,0.46875
1835000,441.5110830136835,0.0,0.5625,0.46875
1835100,441.5943696745248,0.0,0.5,0.53125
1835200,441.7060816458699,0.0,0.625,0.640625
1835300,441.9081568247129,0.0,0.625,0.484375
1835400,441.9952885123845,0.0,0.625,0.421875
1835500,442.2769835934237,0.0,0.5625,0.625
1835600,442.3838007001015,0.0,0.5,0.421875
1835700,442.4968323749553,0.0,0.5,0.46875
1835800,442.5922247444887,0.0,0.625,0.484375
1835900,442.76984624168114,0.0,0.625,0.5
1836000,442.79257957210143,0.0,0.5625,0.390625
1836100,443.03177768652245,0.0,0.6875,0.484375
1836200,443.0752595730897,0.0,0.5,0.515625
1836300,443.1528029147398,0.0,0.5,0.4375
1836400,443.63335480820604,0.0,0.5,0.546875
1836500,443.6796141446204,0.0,0.5625,0.484375
1836600,443.7780631375743,0.0,0.5,0.484375
1836700,443.8730243423648,0.0,0.5,0.375
1836800,443.95534439962296,0.0,0.5625,0.484375
1836900,444.09409554357796,0.0,0.5,0.421875
1837000,444.1946541784244,0.0,0.5625,0.453125
1837100,444.2728528415138,0.0,0.4375,0.453125
1837200,444.39993968319305,0.0,0.4375,0.453125
1837300,444.4265625019454,0.0,0.625,0.359375
1837400,444.50720912573087,0.0,0.5,0.34375
1837500,444.60375947065415,0.0,0.625,0.4375
1837600,444.65620391408925,0.0,0.5625,0.546875
1837700,444.74906262898395,0.0,0.5625,0.453125
1837800,444.77492581180815,0.0,0.4375,0.421875
1837900,444.83337024913925,0.0,0.5,0.421875
1838000,444.9368352701291,0.0,0.5625,0.453125
1838100,445.06737200283726,0.0,0.5625,0.5625
1838200,445.2048365917874,0.0,0.5625,0.453125
1838300,445.2591236066424,0.0,0.5625,0.46875
1838400,445.317545966064,0.0,0.625,0.4375
1838500,445.3457813075242,0.0,0.5625,0.46875
1838600,445.39775772760026,0.0,0.625,0.453125
1838700,445.46555911015935,0.0,0.625,0.484375
1838800,445.5208894229294,0.0,0.5625,0.5
1838900,445.5636228580741,0.0,0.6875,0.5
1839000,445.5999764963329,0.0,0.5,0.453125
1839100,445.6450355450657,0.0,0.5625,0.46875
1839200,445.67634851473724,0.0,0.625,0.46875
1839300,445.7388492547305,0.0,0.5,0.4375
1839400,445.80120453124357,0.0,0.5,0.515625
1839500,445.84976720737774,0.0,0.625,0.4375
1839600,445.9027141151812,0.0,0.5625,0.546875
1839700,445.96115987468687,0.0,0.5,0.40625
1839800,446.115805478332,0.0,0.5,0.484375
1839900,446.16082512517124,0.0,0.5,0.375
1840000,446.1974934045498,0.0,0.5,0.4375
1840100,446.27154151090076,0.0,0.5,0.53125
1840200,446.27997129086197,0.0,0.625,0.546875
1840300,446.31768218832343,0.0,0.5625,0.40625
1840400,446.34144676750674,0.0,0.5,0.46875
1840500,446.36134833869454,0.0,0.5,0.46875
1840600,446.430312739262,0.0,0.625,0.359375
1840700,446.48105008568245,0.0,0.625,0.4375
1840800,446.49750689830296,0.0,0.5625,0.53125
1840900,446.5235051397243,0.0,0.5,0.421875
1841000,446.6490556913541,0.0,0.625,0.5
1841100,446.6752320375907,0.0,0.5,0.453125
1841200,446.7446336574355,0.0,0.5,0.28125
1841300,446.77966975840565,0.0,0.625,0.5625
1841400,446.84045181045497,0.0,0.5625,0.609375
1841500,446.86852411502645,0.0,0.625,0.453125
1841600,446.8940953254155,0.0,0.625,0.390625
1841700,446.90747181982664,0.0,0.625,0.53125
1841800,446.9919912389136,0.0,0.5,0.484375
1841900,447.05278658935083,0.0,0.5,0.421875
1842000,447.0743084425498,0.0,0.625,0.453125
1842100,447.1382136486828,0.0,0.5625,0.40625
1842200,447.21718660001994,0.0,0.625,0.484375
1842300,447.2374780037341,0.0,0.5625,0.359375
1842400,447.2859244253132,0.0,0.625,0.484375
1842500,447.34308514919263,0.0,0.6875,0.5625
1842600,447.38308265348576,0.0,0.625,0.40625
1842700,447.4280707944553,0.0,0.625,0.515625
1842800,447.482222854578,0.0,0.75,0.5
1842900,447.52758023775664,0.0,0.625,0.453125
1843000,447.5832950418127,0.0,0.5625,0.4375
1843100,447.6150316250625,0.0,0.5625,0.46875
1843200,447.6445692868233,0.0,0.5625,0.4375
1843300,447.7170609512241,0.0,0.5625,0.46875
1843400,447.7440038242867,0.0,0.5625,0.484375
1843500,447.76112097122393,0.0,0.625,0.515625
1843600,447.8043291076458,0.0,0.5625,0.546875
1843700,447.8416433668459,0.0,0.75,0.484375
1843800,447.8738664282138,0.0,0.5,0.453125
1843900,447.8981512591065,0.0,0.625,0.421875
1844000,447.9447096272948,0.0,0.5625,0.453125
1844100,447.9678784984646,0.0,0.5,0.5625
1844200,448.0011820136916,0.0,0.5625,0.46875
1844300,448.10890288081794,0.0,0.625,0.53125
1844400,448.159091777432,0.0,0.625,0.4375
1844500,448.22487892708983,0.0,0.625,0.484375
1844600,448.25380550550875,0.0,0.5,0.5625
1844700,448.267709295956,0.0,0.6875,0.484375
1844800,448.36435841909747,0.0,0.625,0.5
1844900,448.41630266217396,0.0,0.5625,0.5
1845000,448.4755168703017,0.0,0.625,0.5625
1845100,448.49630134677824,0.0,0.625,0.515625
1845200,448.5019759312801,0.0,0.625,0.5
1845300,448.5316280468268,0.0,0.5625,0.53125
1845400,448.5807679512569,0.0,0.5625,0.46875
1845500,448.5984503655272,0.0,0.75,0.546875
1845600,448.6576235165853,0.0,0.5625,0.34375
1845700,448.70799452326463,0.0,0.5625,0.515625
1845800,448.78028324577076,0.0,0.5,0.40625
1845900,448.8290406062542,0.0,0.5,0.46875
1846000,448.8703779263965,0.0,0.5,0.46875
1846100,448.9283014500836,0.0,0.5625,0.515625
1846200,448.9598702075832,0.0,0.5,0.453125
1846300,448.9912335216147,0.0,0.625,0.34375
1846400,449.0045743899712,0.0,0.625,0.53125
1846500,449.02170597603805,0.0,0.6875,0.484375
1846600,449.04136323529696,0.0,0.5,0.4375
1846700,449.09613464168825,0.0,0.5,0.546875
1846800,449.1235746642191,0.0,0.5625,0.5
1846900,449.15208633104254,0.0,0.625,0.578125
1847000,449.19343011681,0.0,0.5625,0.46875
1847100,449.22710696602957,0.0,0.5625,0.453125
1847200,449.2732298035987,0.0,0.625,0.578125
1847300,449.338470816636,0.0,0.5,0.46875
1847400,449.3755654412517,0.0,0.625,0.625
1847500,449.4212905709428,0.0,0.5625,0.609375
1847600,449.4399545231569,0.0,0.625,0.5
1847700,449.4606840450943,0.0,0.5625,0.5625
1847800,449.4971648235852,0.0,0.5,0.515625
1847900,449.5312123824694,0.0,0.5625,0.546875
1848000,449.5943281604393,0.0,0.5,0.5
1848100,449.62334486722534,0.0,0.5625,0.578125
1848200,449.64976086164404,0.0,0.625,0.53125
1848300,449.6782009971524,0.0,0.6875,0.484375
1848400,449.70327493741297,0.0,0.625,0.640625
1848500,449.76416969258327,0.0,0.625,0.390625
1848600,449.78826390589984,0.0,0.6875,0.484375
1848700,449.8131855269231,0.0,0.5625,0.578125
1848800,449.8271384837848,0.0,0.625,0.640625
1848900,449.88391375399664,0.0,0.5625,0.4375
1849000,449.90655942212277,0.0,0.6875,0.515625
1849100,449.91032862946906,0.0,0.625,0.484375
1849200,449.9317308771162,0.0,0.625,0.59375
1849300,449.95088048245475,0.0,0.625,0.453125
1849400,450.0019047161042,0.0,0.6875,0.484375
1849500,450.0412215889255,0.0,0.5625,0.609375
1849600,450.0802567398783,0.0,0.5625,0.578125
1849700,450.1373950447367,0.0,0.625,0.5
1849800,450.1852992611195,0.0,0.6875,0.5
1849900,450.2299333961072,0.0,0.625,0.59375
1850000,237.35796060132327,0.0,0.5625,0.578125
1850100,237.7437157280624,0.0,0.625,0.515625
1850200,238.2174607698521,0.0,0.75,0.53125
1850300,238.57064079818724,0.0,0.5625,0.515625
1850400,238.8734693059491,0.0,0.5,0.421875
1850500,239.0243628444324,0.0,0.5625,0.4375
1850600,239.25422509548898,0.0,0.625,0.578125
1850700,239.78883230195532,0.0,0.625,0.5625
1850800,240.05762231965278,0.0,0.625,0.625
1850900,240.39690390858166,0.0,0.5625,0.484375
1851000,240.90865229094976,0.0,0.6875,0.4375
1851100,241.25529286089065,0.0,0.625,0.53125
1851200,241.60120980070792,0.0,0.6875,0.484375
1851300,242.0620252622345,0.0,0.625,0.484375
1851400,242.86845478693905,0.0,0.6875,0.5625
1851500,243.66338963357006,0.0,0.6875,0.53125
1851600,245.62959107314524,0.0,0.6875,0.609375
1851700,246.44095339435341,0.0,0.625,0.4375
1851800,248.61166345599509,0.0,0.625,0.53125
1851900,254.9934968200707,0.0,0.6875,0.5625
1852000,274.1103435606358,0.0,0.75,0.53125
1852100,304.5974443907432,0.0,0.625,0.46875
1852200,324.829829413687,0.0,0.6875,0.546875
1852300,331.85736052511,0.0,0.5625,0.40625
1852400,334.83042789738096,0.0,0.625,0.40625
1852500,336.6674900392405,0.0,0.5625,0.53125
1852600,337.8438605140004,0.0,0.5625,0.59375
1852700,338.8494023440436,0.0,0.75,0.515625
1852800,339.1275652875308,0.0,0.625,0.515625
1852900,339.53558940400296,0.0,0.625,0.4375
1853000,339.95456302130077,0.0,0.5625,0.546875
1853100,340.45947414589097,0.0,0.75,0.609375
1853200,340.966076662804,0.0,0.5,0.5
1853300,341.3406075138692,0.0,0.5625,0.484375
1853400,341.71940623184224,0.0,0.6875,0.609375
1853500,342.1686013227424,0.0,0.6875,0.53125
1853600,342.59216885280273,0.0,0.5,0.546875
1853700,342.89637623106296,0.0,0.5625,0.59375
1853800,343.2735528593465,0.0,0.4375,0.390625
1853900,343.638770095795,0.0,0.5,0.4375
1854000,344.1140536775653,0.0,0.6875,0.53125
1854100,344.4605818505877,0.0,0.6875,0.546875
1854200,345.09556835900366,0.0,0.5625,0.5
1854300,345.5565058859486,0.0,0.625,0.484375
1854400,346.1501805887278,0.0,0.625,0.515625
1854500,346.75464742453744,0.0,0.5625,0.609375
1854600,347.50301041897035,0.0,0.625,0.546875
1854700,348.5565610866994,0.0,0.6875,0.703125
1854800,349.80871670173354,0.0,0.625,0.46875
1854900,352.6380236599281,0.0,0.5,0.453125
1855000,357.5656498042737,0.0,0.5625,0.453125
1855100,371.281809918609,0.0,0.5,0.453125
1855200,415.72195679980126,0.0,0.625,0.59375
1855300,433.8577576263733,0.0,0.625,0.546875
1855400,438.6235548457402,0.0,0.5625,0.515625
1855500,440.71941545960874,0.0,0.625,0.609375
1855600,441.8590092500996,0.0,0.6875,0.546875
1855700,442.2768846770194,0.0,0.5625,0.484375
1855800,442.89486224377896,0.0,0.5,0.40625
1855900,443.51915953377284,0.0,0.6875,0.53125
1856000,444.0590573136369,0.0,0.5,0.5
1856100,444.42821166861006,0.0,0.625,0.53125
1856200,444.7473564209254,0.0,0.6875,0.609375
1856300,445.1412407895296,0.0,0.5,0.53125
1856400,445.4410660259928,0.0,0.6875,0.59375
1856500,445.7209257419729,0.0,0.625,0.421875
1856600,446.2024006422394,0.0,0.6875,0.515625
1856700,446.5759896328167,0.0,0.625,0.5625
1856800,446.81698434819924,0.0,0.625,0.59375
1856900,447.2246281937797,0.0,0.75,0.515625
1857000,447.36702267377837,0.0,0.6875,0.484375
1857100,447.5834976598555,0.0,0.5625,0.515625
1857200,447.8167177688814,0.0,0.5,0.53125
1857300,448.1361470931917,0.0,0.6875,0.53125
1857400,448.2327998810714,0.0,0.5625,0.515625
1857500,448.53142139091614,0.0,0.5,0.53125
1857600,448.7792103058929,0.0,0.625,0.5625
1857700,448.92426654879597,0.0,0.6875,0.6875
1857800,449.0720054860845,0.0,0.6875,0.5625
1857900,449.1932267641594,0.0,0.5,0.59375
1858000,449.5630538284356,0.0,0.5625,0.390625
1858100,449.656102524841,0.0,0.4375,0.46875
1858200,449.8889685954865,0.0,0.5,0.46875
1858300,450.0178289686543,0.0,0.5,0.484375
1858400,450.088335357063,0.0,0.6875,0.5625
1858500,450.2219267499496,0.0,0.625,0.5
1858600,450.2683937015436,0.0,0.625,0.625
1858700,450.3444902613505,0.0,0.625,0.453125
1858800,450.40174651755,0.0,0.5,0.484375
1858900,450.4543850370937,0.0,0.625,0.484375
1859000,450.60562301744415,0.0,0.5625,0.484375
1859100,450.67556040995595,0.0,0.625,0.578125
1859200,450.7313281683809,0.0,0.5625,0.421875
1859300,450.80536403294394,0.0,0.625,0.53125
1859400,450.8624475405662,0.0,0.6875,0.5625
1859500,450.97743490984135,0.0,0.5625,0.484375
1859600,451.04672150271006,0.0,0.5625,0.484375
1859700,451.097141592512,0.0,0.625,0.546875
1859800,451.1216378260702,0.0,0.5625,0.515625
1859900,451.223903096117,0.0,0.625,0.59375
1860000,451.30228355384895,0.0,0.625,0.421875
1860100,451.3466404391796,0.0,0.625,0.53125
1860200,451.3820896096419,0.0,0.6875,0.484375
1860300,451.4000043881467,0.0,0.625,0.484375
1860400,451.4187809821209,0.0,0.6875,0.53125
1860500,451.4872454405856,0.0,0.625,0.59375
1860600,451.5528551546137,0.0,0.5625,0.40625
1860700,451.6113351553059,0.0,0.5,0.546875
1860800,451.63257136651345,0.0,0.6875,0.59375
1860900,451.6866631415983,0.0,0.625,0.5
1861000,451.7191803266032,0.0,0.5625,0.34375
1861100,451.7921219848726,0.0,0.625,0.484375
1861200,451.84433252794753,0.0,0.625,0.625
1861300,451.8775649379321,0.0,0.5625,0.546875
1861400,451.8952691737802,0.0,0.625,0.53125
1861500,451.8989805371016,0.0,0.625,0.546875
1861600,451.923124976801,0.0,0.5625,0.421875
1861700,451.9421011517689,0.0,0.6875,0.46875
1861800,451.9555885195395,0.0,0.6875,0.53125
1861900,451.97223319257387,0.0,0.6875,0.46875
1862000,451.9989654799963,0.0,0.625,0.578125
1862100,452.0191749767617,0.0,0.6875,0.578125
1862200,452.0517531041885,0.0,0.5625,0.515625
1862300,452.08001296931155,0.0,0.6875,0.59375
1862400,452.10242403884007,0.0,0.4375,0.453125
1862500,452.1178689689655,0.0,0.5625,0.40625
1862600,452.1557129715817,0.0,0.75,0.5625
1862700,452.21087999377954,0.0,0.5625,0.609375
1862800,452.23432653923965,0.0,0.5,0.453125
1862900,452.2751804052936,0.0,0.5625,0.421875
1863000,452.2901751536335,0.0,0.5625,0.453125
1863100,452.2985939565151,0.0,0.625,0.578125
1863200,452.3138190124359,0.0,0.5,0.5625
1863300,452.34463535197085,0.0,0.6875,0.515625
1863400,452.45951778503616,0.0,0.5625,0.484375
1863500,452.4736276336105,0.0,0.5625,0.546875
1863600,452.4919542669051,0.0,0.5625,0.421875
1863700,452.5170681217625,0.0,0.6875,0.546875
1863800,452.5479973170916,0.0,0.625,0.453125
1863900,452.56887383234283,0.0,0.625,0.40625
1864000,452.59704241504664,0.0,0.5,0.578125
1864100,452.6102044936634,0.0,0.5,0.5
1864200,452.6213204500773,0.0,0.625,0.5
1864300,452.63307584421733,0.0,0.625,0.5625
1864400,452.65261779925095,0.0,0.625,0.578125
1864500,452.6617222289172,0.0,0.5625,0.421875
1864600,452.6872226797859,0.0,0.5625,0.609375
1864700,452.6927311025481,0.0,0.625,0.53125
1864800,452.7124886531116,0.0,0.5,0.4375
1864900,452.73204516293373,0.0,0.4375,0.40625
1865000,452.7532827353301,0.0,0.5625,0.421875
1865100,452.7725215130615,0.0,0.5625,0.484375
1865200,452.80365039438993,0.0,0.5,0.5
1865300,452.8075273613522,0.0,0.5625,0.4375
1865400,452.81701061569134,0.0,0.625,0.515625
1865500,452.83301301127005,0.0,0.5,0.515625
1865600,452.84260096267656,0.0,0.625,0.46875
1865700,452.85240108023464,0.0,0.6875,0.515625
1865800,452.8710048656802,0.0,0.625,0.5625
1865900,452.8829695522142,0.0,0.5625,0.5625
1866000,452.8922713036108,0.0,0.5,0.625
1866100,452.9101348850167,0.0,0.625,0.53125
1866200,452.91865165681315,0.0,0.5625,0.421875
1866300,452.92789701485714,0.0,0.625,0.53125
1866400,452.93047882305046,0.0,0.5,0.59375
1866500,452.93620423129573,0.0,0.5625,0.46875
1866600,452.9476766814735,0.0,0.6875,0.5
1866700,452.9615766887622,0.0,0.5625,0.5
1866800,452.969262436508,0.0,0.5,0.5
1866900,452.9829189964212,0.0,0.625,0.515625
1867000,453.00612332337494,0.0,0.625,0.59375
1867100,453.01299536528336,0.0,0.5625,0.5625
1867200,453.0222486962869,0.0,0.5625,0.546875
1867300,453.04806882306343,0.0,0.5625,0.5
1867400,453.0629731355885,0.0,0.625,0.5
1867500,453.08788300527294,0.0,0.5,0.5
1867600,453.1054829691606,0.0,0.625,0.546875
1867700,453.12484270243056,0.0,0.5625,0.5625
1867800,453.1444557613307,0.0,0.5625,0.625
1867900,453.1536382463046,0.0,0.5625,0.546875
1868000,453.1645230708756,0.0,0.5625,0.625
1868100,453.17226721866746,0.0,0.5625,0.453125
1868200,453.19220209249653,0.0,0.5625,0.5
1868300,453.20191774602574,0.0,0.5625,0.515625
1868400,453.2117808370809,0.0,0.5,0.484375
1868500,453.2194394491292,0.0,0.5625,0.5
1868600,453.223738762906,0.0,0.625,0.546875
1868700,453.2272889693488,0.0,0.4375,0.515625
1868800,453.2298497173486,0.0,0.625,0.546875
1868900,453.2377073029525,0.0,0.6875,0.546875
1869000,453.2681070875459,0.0,0.5625,0.53125
1869100,453.2887301203884,0.0,0.625,0.53125
1869200,453.3093322778743,0.0,0.75,0.671875
1869300,453.317961848137,0.0,0.625,0.515625
1869400,453.33042757865724,0.0,0.5,0.546875
1869500,453.3376372595219,0.0,0.625,0.625
1869600,453.345650704638,0.0,0.625,0.65625
1869700,453.35158133013226,0.0,0.5625,0.53125
1869800,453.3621522801422,0.0,0.6875,0.578125
1869900,453.37613612644674,0.0,0.625,0.625
1870000,453.39744694220786,0.0,0.6875,0.40625
1870100,453.40317536785057,0.0,0.5625,0.484375
1870200,453.4259197077943,0.0,0.5,0.53125
1870300,453.4308735498391,0.0,0.625,0.546875
1870400,453.44491931689845,0.0,0.5625,0.578125
1870500,453.4531564634061,0.0,0.625,0.5625
1870600,453.4622282998646,0.0,0.5625,0.5625
1870700,453.466905846239,0.0,0.5625,0.546875
1870800,453.48155410132244,0.0,0.5625,0.53125
1870900,453.4944540854751,0.0,0.5625,0.515625
1871000,453.50471250187513,0.0,0.625,0.546875
1871100,453.51618357276203,0.0,0.625,0.5625
1871200,453.5300021022623,0.0,0.6875,0.5
1871300,453.5441870181,0.0,0.625,0.5625
1871400,453.5562747456488,0.0,0.625,0.625
1871500,453.56686301220094,0.0,0.5,0.5625
1871600,453.57550827706825,0.0,0.625,0.734375
1871700,453.5822817174023,0.0,0.4375,0.421875
1871800,453.59315240867306,0.0,0.6875,0.546875
1871900,453.6006028298746,0.0,0.5,0.5
1872000,453.6156843945052,0.0,0.6875,0.578125
1872100,453.6230056804651,0.0,0.5625,0.609375
1872200,453.633951596063,0.0,0.6875,0.515625
1872300,453.6404064294122,0.0,0.5625,0.578125
1872400,453.64713829745256,0.0,0.625,0.5625
1872500,453.65240080609766,0.0,0.625,0.578125
1872600,453.66295037917536,0.0,0.5,0.515625
1872700,453.6680858279777,0.0,0.625,0.46875
1872800,453.67429748407676,0.0,0.625,0.5625
1872900,453.68601248720466,0.0,0.5,0.46875
1873000,453.6937481837751,0.0,0.5625,0.453125
1873100,453.70295969002916,0.0,0.625,0.65625
1873200,453.71285969665246,0.0,0.5625,0.59375
1873300,453.71779478292626,0.0,0.625,0.453125
1873400,453.7261007694132,0.0,0.6875,0.578125
1873500,453.73361169928376,0.0,0.5,0.515625
1873600,453.7387870550085,0.0,0.6875,0.625
1873700,453.75080864443277,0.0,0.5625,0.546875
1873800,453.75995831333995,0.0,0.6875,0.546875
1873900,453.7783652130128,0.0,0.4375,0.53125
1874000,453.79115653358656,0.0,0.5,0.453125
1874100,453.8056434584429,0.0,0.5,0.5625
1874200,453.8202646468008,0.0,0.625,0.578125
1874300,453.8259871731998,0.0,0.625,0.546875
1874400,453.8283722952108,0.0,0.625,0.71875
1874500,453.84064334828116,0.0,0.4375,0.609375
1874600,453.8427809555077,0.0,0.625,0.578125
1874700,453.84586501879585,0.0,0.5625,0.578125
1874800,453.852525295544,0.0,0.5625,0.53125
1874900,453.8565126639509,0.0,0.6875,0.53125
1875000,219.07432482281374,0.0,0.625,0.546875
1875100,224.60747288334613,0.0,0.625,0.65625
1875200,231.5372557091802,0.0,0.6875,0.578125
1875300,244.41794383616022,0.0,0.5625,0.515625
1875400,319.9992208197048,0.0,0.5625,0.515625
1875500,389.9661951840141,0.0,0.625,0.515625
1875600,403.3345118930033,0.0,0.6875,0.65625
1875700,408.6405263453665,0.0,0.625,0.453125
1875800,413.1756976658512,0.0,0.5625,0.546875
1875900,417.5326749304646,0.0,0.625,0.5625
1876000,420.24270636804835,0.0,0.625,0.625
1876100,422.9182912835328,0.0,0.5625,0.453125
1876200,425.1873186143581,0.0,0.5625,0.53125
1876300,427.15166191595006,0.0,0.5,0.53125
1876400,428.0643256648753,0.0,0.5625,0.625
1876500,429.83037959680627,0.0,0.5625,0.53125
1876600,431.6263605584885,0.0,0.5625,0.59375
1876700,432.6119020394227,0.0,0.6875,0.59375
1876800,433.72535642165593,0.0,0.6875,0.515625
1876900,435.1778593805255,0.0,0.6875,0.5
1877000,436.111816863186,0.0,0.6875,0.6875
1877100,436.8399545132401,0.0,0.5625,0.578125
1877200,437.6055137504704,0.0,0.6875,0.640625
1877300,438.2488671470942,0.0,0.5,0.5
1877400,438.8008172240481,0.0,0.75,0.640625
1877500,439.54169055226623,0.0,0.625,0.609375
1877600,440.10013251783096,0.0,0.5,0.390625
1877700,440.8865200676278,0.0,0.5625,0.625
1877800,441.3769744084656,0.0,0.5625,0.578125
1877900,441.77800516017174,0.0,0.625,0.5625
1878000,442.14634184722235,0.0,0.5625,0.5
1878100,442.6184566044156,0.0,0.625,0.609375
1878200,443.1145367079919,0.0,0.5,0.625
1878300,443.65994863785215,0.0,0.5625,0.546875
1878400,444.0216734542438,0.0,0.5625,0.5
1878500,444.37761712403505,0.0,0.5625,0.5625
1878600,444.9032652225504,0.0,0.5625,0.515625
1878700,445.12444545746143,0.0,0.5625,0.578125
1878800,445.566440502253,0.0,0.6875,0.59375
1878900,445.9336436436317,0.0,0.5625,0.609375
1879000,446.1890354840437,0.0,0.5625,0.5
1879100,446.5360087264546,0.0,0.6875,0.578125
1879200,446.92180325848415,0.0,0.5625,0.59375
1879300,447.22084738992555,0.0,0.5625,0.59375
1879400,447.62073365596694,0.0,0.625,0.59375
1879500,447.78063927924114,0.0,0.5625,0.59375
1879600,448.0192704540715,0.0,0.625,0.53125
1879700,448.30021475689625,0.0,0.5625,0.453125
1879800,448.47776958625303,0.0,0.625,0.640625
1879900,448.6547866750137,0.0,0.5,0.5
1880000,448.8880128833533,0.0,0.625,0.546875
1880100,449.00273666046326,0.0,0.625,0.578125
1880200,449.1511061140268,0.0,0.625,0.59375
1880300,449.3072240523205,0.0,0.5625,0.5
1880400,449.43237273905055,0.0,0.6875,0.640625
1880500,449.6370490453614,0.0,0.625,0.53125
1880600,449.77716295550294,0.0,0.4375,0.421875
1880700,449.9571072914095,0.0,0.5625,0.65625
1880800,450.07681666743895,0.0,0.4375,0.5
1880900,450.2491942301407,0.0,0.625,0.578125
1881000,450.3441888240273,0.0,0.625,0.546875
1881100,450.44709520232055,0.0,0.5625,0.546875
1881200,450.52745890183166,0.0,0.625,0.59375
1881300,450.6250681420132,0.0,0.4375,0.4375
1881400,450.74860352179263,0.0,0.5625,0.59375
1881500,450.8322117235882,0.0,0.625,0.484375
1881600,450.9488247967714,0.0,0.6875,0.5625
1881700,451.0531343418461,0.0,0.625,0.484375
1881800,451.1773969282501,0.0,0.5625,0.640625
1881900,451.25603987882664,0.0,0.75,0.546875
1882000,451.3143960909469,0.0,0.625,0.421875
1882100,451.36923562568137,0.0,0.6875,0.5625
1882200,451.4399232712231,0.0,0.5625,0.546875
1882300,451.51025022496054,0.0,0.6875,0.671875
1882400,451.5799311474083,0.0,0.625,0.546875
1882500,451.62709964871226,0.0,0.625,0.4375
1882600,451.6566147683447,0.0,0.5625,0.6875
1882700,451.69389635247205,0.0,0.5,0.484375
1882800,451.73552426214803,0.0,0.625,0.4375
1882900,451.77244961228615,0.0,0.625,0.546875
1883000,451.83780068833255,0.0,0.4375,0.5
1883100,451.8807022630106,0.0,0.625,0.515625
1883200,451.9043139480618,0.0,0.5625,0.5
1883300,451.9296669243209,0.0,0.5,0.515625
1883400,451.98766672378315,0.0,0.625,0.5625
1883500,452.04067146366884,0.0,0.625,0.53125
1883600,452.098837128319,0.0,0.5625,0.625
1883700,452.1302760810489,0.0,0.5625,0.546875
1883800,452.1738614574538,0.0,0.6875,0.671875
1883900,452.1938941887537,0.0,0.5625,0.578125
1884000,452.2295287518857,0.0,0.5625,0.578125
1884100,452.26091260662406,0.0,0.5625,0.515625
1884200,452.2788626667912,0.0,0.5,0.5625
1884300,452.3052561597298,0.0,0.625,0.609375
1884400,452.3727866581221,0.0,0.6875,0.59375
1884500,452.42818592298744,0.0,0.4375,0.515625
1884600,452.44458564860565,0.0,0.5625,0.578125
1884700,452.49679160209644,0.0,0.5,0.53125
1884800,452.5516770198324,0.0,0.5625,0.59375
1884900,452.5665892096053,0.0,0.6875,0.515625
1885000,452.58777951566475,0.0,0.5625,0.609375
1885100,452.6249732955073,0.0,0.5625,0.53125
1885200,452.6514665045818,0.0,0.625,0.46875
1885300,452.66752471308644,0.0,0.625,0.578125
1885400,452.6867968407021,0.0,0.625,0.546875
1885500,452.6938378474383,0.0,0.6875,0.5625
1885600,452.7005558278303,0.0,0.5625,0.59375
1885700,452.71215205726463,0.0,0.5625,0.53125
1885800,452.72573317784185,0.0,0.5,0.578125
1885900,452.73481473126435,0.0,0.5625,0.59375
1886000,452.7418129080301,0.0,0.5,0.546875
1886100,452.7617380695428,0.0,0.5625,0.640625
1886200,452.77328763996184,0.0,0.5625,0.515625
1886300,452.7804266747242,0.0,0.625,0.53125
1886400,452.7997875603068,0.0,0.5625,0.578125
1886500,452.82699277321336,0.0,0.5625,0.546875
1886600,452.8491290404371,0.0,0.5625,0.59375
1886700,452.86004042166013,0.0,0.6875,0.703125
1886800,452.8709485547878,0.0,0.5,0.484375
1886900,452.87812685111294,0.0,0.5625,0.4375
1887000,452.88694999411393,0.0,0.6875,0.578125
1887100,452.8973481107072,0.0,0.625,0.59375
1887200,452.92770206221047,0.0,0.75,0.609375
1887300,452.94022094767064,0.0,0.5625,0.578125
1887400,452.9471008962104,0.0,0.625,0.640625
1887500,452.94997298031365,0.0,0.625,0.609375
1887600,452.9566198974169,0.0,0.5625,0.546875
1887700,452.96074955992,0.0,0.5,0.46875
1887800,452.97510289272384,0.0,0.4375,0.65625
1887900,452.98727929760594,0.0,0.625,0.59375
1888000,452.9979381518258,0.0,0.5,0.59375
1888100,453.01539085384553,0.0,0.625,0.59375
1888200,453.03780447125166,0.0,0.5625,0.5
1888300,453.04176053211916,0.0,0.5625,0.484375
1888400,453.0617327338623,0.0,0.625,0.5625
1888500,453.0663255654352,0.0,0.5625,0.484375
1888600,453.0799770111471,0.0,0.6875,0.546875
1888700,453.08874595038174,0.0,0.5625,0.59375
1888800,453.10851343965663,0.0,0.5625,0.546875
1888900,453.1120023184853,0.0,0.5625,0.625
1889000,453.1270109270244,0.0,0.5625,0.5625
1889100,453.1351343915892,0.0,0.5625,0.453125
1889200,453.1538030737945,0.0,0.5,0.640625
1889300,453.1591338368629,0.0,0.625,0.5
1889400,453.16143513093124,0.0,0.5625,0.609375
1889500,453.1809196836757,0.0,0.5,0.578125
1889600,453.18928102389856,0.0,0.625,0.4375
1889700,453.20674860684596,0.0,0.5625,0.515625
1889800,453.2266638043917,0.0,0.75,0.609375
1889900,453.24001382289464,0.0,0.625,0.59375
1890000,453.2509611402802,0.0,0.5625,0.4375
1890100,453.26519677378496,0.0,0.5,0.5625
1890200,453.2670555369658,0.0,0.5,0.6875
1890300,453.2842042107231,0.0,0.6875,0.609375
1890400,453.2880099714411,0.0,0.5,0.5
1890500,453.3016484576866,0.0,0.5625,0.546875
1890600,453.3051785026773,0.0,0.5625,0.5625
1890700,453.3928066869047,0.0,0.625,0.5625
1890800,453.399069364209,0.0,0.625,0.578125
1890900,453.40676102602094,0.0,0.625,0.640625
1891000,453.4166981685549,0.0,0.6875,0.640625
1891100,453.4243406178209,0.0,0.5,0.453125
1891200,453.43523301092677,0.0,0.5625,0.53125
1891300,453.4713915451211,0.0,0.75,0.625
1891400,453.47620300700095,0.0,0.6875,0.625
1891500,453.4828782623994,0.0,0.625,0.578125
1891600,453.4934161725951,0.0,0.625,0.484375
1891700,453.49634413811697,0.0,0.5,0.46875
1891800,453.50104717802776,0.0,0.5,0.515625
1891900,453.5056338361753,0.0,0.5625,0.40625
1892000,453.5122074019858,0.0,0.6875,0.5
1892100,453.5208220656308,0.0,0.6875,0.59375
1892200,453.52334236937656,0.0,0.5625,0.546875
1892300,453.5334435541125,0.0,0.5,0.546875
1892400,453.5360168370642,0.0,0.625,0.609375
1892500,453.54487685869805,0.0,0.5625,0.609375
1892600,453.5544355323688,0.0,0.625,0.609375
1892700,453.55754777967485,0.0,0.6875,0.609375
1892800,453.56780967901966,0.0,0.5625,0.53125
1892900,453.5769148735816,0.0,0.5,0.625
1893000,453.5858919700419,0.0,0.6875,0.640625
1893100,453.59909640342704,0.0,0.5625,0.484375
1893200,453.60406476657846,0.0,0.625,0.6875
1893300,453.61303684745695,0.0,0.625,0.53125
1893400,453.6182384126086,0.0,0.5625,0.625
1893500,453.63049665484476,0.0,0.625,0.53125
1893600,453.6356247864137,0.0,0.5,0.5625
1893700,453.6426655028976,0.0,0.625,0.5625
1893800,453.65774303649664,0.0,0.5625,0.59375
1893900,453.65873552097423,0.0,0.6875,0.53125
1894000,453.67054146857186,0.0,0.625,0.546875
1894100,453.67448438293155,0.0,0.625,0.5625
1894200,453.6762568998024,0.0,0.6875,0.5
1894300,453.6809013747897,0.0,0.625,0.65625
1894400,453.6897993594424,0.0,0.5625,0.625
1894500,453.69358059349446,0.0,0.625,0.671875
1894600,453.7053978795696,0.0,0.5,0.59375
1894700,453.7230808472337,0.0,0.6875,0.5625
1894800,453.73277878511226,0.0,0.5625,0.515625
1894900,453.74666531462384,0.0,0.5625,0.5
1895000,453.75320764404955,0.0,0.5625,0.5625
1895100,453.7660508864074,0.0,0.625,0.640625
1895200,453.781575309744,0.0,0.5625,0.53125
1895300,453.7836103383413,0.0,0.5,0.515625
1895400,453.80293284428325,0.0,0.5,0.5
1895500,453.81476665921394,0.0,0.5625,0.53125
1895600,453.8202011891198,0.0,0.5,0.46875
1895700,453.8345277595478,0.0,0.5625,0.46875
1895800,453.8421778738073,0.0,0.6875,0.59375
1895900,453.84581057214234,0.0,0.5625,0.515625
1896000,453.8491849950393,0.0,0.4375,0.5
1896100,453.85788881008284,0.0,0.5625,0.46875
1896200,453.86374047298204,0.0,0.625,0.5625
1896300,453.8717869053653,0.0,0.625,0.546875
1896400,453.87664385028745,0.0,0.5,0.578125
1896500,453.88146399355236,0.0,0.5,0.53125
1896600,453.8886943707123,0.0,0.625,0.59375
1896700,453.9070211746052,0.0,0.625,0.46875
1896800,453.91443517762946,0.0,0.75,0.609375
1896900,453.9155585184661,0.0,0.6875,0.546875
1897000,453.9296923952081,0.0,0.625,0.5625
1897100,453.93692604207314,0.0,0.625,0.578125
1897200,453.93970527235155,0.0,0.6875,0.5
1897300,453.9534161190251,0.0,0.4375,0.53125
1897400,453.96255580896593,0.0,0.625,0.59375
1897500,453.96561379787414,0.0,0.6875,0.546875
1897600,453.9773517532111,0.0,0.5625,0.453125
1897700,453.98279299948024,0.0,0.625,0.59375
1897800,453.9885473190753,0.0,0.625,0.65625
1897900,453.9952226205279,0.0,0.625,0.65625
1898000,454.0021366839373,0.0,0.5,0.65625
1898100,454.01128887893844,0.0,0.625,0.59375
1898200,454.0208690114128,0.0,0.625,0.546875
1898300,454.0261956716859,0.0,0.625,0.625
1898400,454.0347427726766,0.0,0.5625,0.5
1898500,454.0415138319926,0.0,0.5625,0.546875
1898600,454.0548440576723,0.0,0.5,0.578125
1898700,454.05879040026065,0.0,0.6875,0.671875
1898800,454.06396289162876,0.0,0.625,0.59375
1898900,454.0673434395033,0.0,0.625,0.578125
1899000,454.072368901553,0.0,0.625,0.71875
1899100,454.08216462336463,0.0,0.625,0.546875
1899200,454.0889011888124,0.0,0.5625,0.578125
1899300,454.0975166891325,0.0,0.625,0.546875
1899400,454.11906495567445,0.0,0.5625,0.609375
1899500,454.1267826126475,0.0,0.625,0.609375
1899600,454.13423935183715,0.0,0.5625,0.59375
1899700,454.1430118418575,0.0,0.625,0.65625
1899800,454.1466308561853,0.0,0.6875,0.59375
1899900,454.15136180668367,0.0,0.5625,0.5625
1900000,237.56407836174708,0.0,0.6875,0.640625
1900100,237.7029127436155,0.0,0.625,0.5
1900200,237.88235956339872,0.0,0.5625,0.5625
1900300,238.1025305413442,0.0,0.5625,0.515625
1900400,238.1804619100811,0.0,0.625,0.609375
1900500,238.33217579514965,0.0,0.5625,0.53125
1900600,238.43783506016433,0.0,0.5625,0.53125
1900700,238.6350961944732,0.0,0.5625,0.484375
1900800,238.9314284046798,0.0,0.625,0.625
1900900,239.19077051765615,0.0,0.625,0.5625
1901000,239.48518689771547,0.0,0.625,0.625
1901100,239.8333013470453,0.0,0.625,0.484375
1901200,240.0911989807687,0.0,0.5625,0.609375
1901300,240.43646605779136,0.0,0.625,0.46875
1901400,240.87203858768572,0.0,0.5,0.625
1901500,241.13709033438266,0.0,0.625,0.515625
1901600,241.57270656800512,0.0,0.5625,0.484375
1901700,242.17223213826657,0.0,0.5,0.53125
1901800,243.1812739327669,0.0,0.375,0.4375
1901900,244.0767606197896,0.0,0.625,0.515625
1902000,247.85214824024325,0.0,0.5625,0.609375
1902100,251.8546822920012,0.0,0.75,0.609375
1902200,275.0115315288983,0.0,0.6875,0.640625
1902300,318.5309356109517,0.0,0.5,0.65625
1902400,328.0741750887362,0.0,0.6875,0.5625
1902500,332.486955855714,0.0,0.625,0.546875
1902600,334.4534548459906,0.0,0.625,0.65625
1902700,335.33146504579764,0.0,0.5625,0.515625
1902800,336.31107277957665,0.0,0.625,0.625
1902900,337.0215210148498,0.0,0.6875,0.65625
1903000,337.34913104534047,0.0,0.625,0.546875
1903100,337.8412822071874,0.0,0.6875,0.703125
1903200,338.4422895898528,0.0,0.6875,0.53125
1903300,338.69685763392755,0.0,0.6875,0.59375
1903400,339.3327202284984,0.0,0.625,0.609375
1903500,339.6178781563103,0.0,0.5625,0.4375
1903600,339.9971394127867,0.0,0.6875,0.59375
1903700,340.3526673639547,0.0,0.75,0.625
1903800,340.5912547010206,0.0,0.5625,0.625
1903900,340.99201281294654,0.0,0.625,0.578125
1904000,341.4300620440152,0.0,0.625,0.578125
1904100,341.9797603409566,0.0,0.6875,0.5625
1904200,342.3006319927519,0.0,0.625,0.59375
1904300,342.7146181494168,0.0,0.625,0.5625
1904400,343.4547117479697,0.0,0.6875,0.546875
1904500,343.950141777136,0.0,0.6875,0.609375
1904600,344.3568333239184,0.0,0.5625,0.609375
1904700,345.45068995984076,0.0,0.6875,0.578125
1904800,346.36539777620646,0.0,0.625,0.625
1904900,347.6110822421699,0.0,0.6875,0.671875
1905000,348.9658358200919,0.0,0.5625,0.578125
1905100,351.4742189111438,0.0,0.5625,0.640625
1905200,357.6935738959121,0.0,0.6875,0.5
1905300,372.9125155638654,0.0,0.75,0.625
1905400,397.34958604396274,0.0,0.6875,0.59375
1905500,437.0748991924038,0.0,0.6875,0.53125
1905600,440.62922923769725,0.0,0.6875,0.71875
1905700,441.48991932607385,0.0,0.625,0.5625
1905800,442.44359244086326,0.0,0.625,0.59375
1905900,443.0051060973884,0.0,0.625,0.515625
1906000,443.5090868651373,0.0,0.6875,0.546875
1906100,444.6045267306727,0.0,0.5,0.546875
1906200,445.1905635301758,0.0,0.5625,0.59375
1906300,445.79785057056336,0.0,0.625,0.625
1906400,446.44831301146945,0.0,0.625,0.609375
1906500,446.9632380775398,0.0,0.5625,0.578125
1906600,447.2579031721086,0.0,0.5,0.5
1906700,447.51357640402,0.0,0.5625,0.46875
1906800,447.74677984518206,0.0,0.5,0.5625
1906900,448.13985533520724,0.0,0.5625,0.578125
1907000,448.4893939219426,0.0,0.625,0.484375
1907100,448.6838312115448,0.0,0.625,0.53125
1907200,449.009366680775,0.0,0.625,0.53125
1907300,449.2425487681874,0.0,0.625,0.546875
1907400,449.383877272317,0.0,0.5625,0.453125
1907500,449.5596934113621,0.0,0.625,0.625
1907600,449.75233109738286,0.0,0.5625,0.5
1907700,449.9555975376654,0.0,0.625,0.609375
1907800,450.21811286838107,0.0,0.625,0.609375
1907900,450.35488131167045,0.0,0.625,0.5
1908000,450.5009926485549,0.0,0.625,0.609375
1908100,450.6655306524745,0.0,0.5625,0.6875
1908200,450.7254496842539,0.0,0.5,0.59375
1908300,450.7743257931347,0.0,0.5625,0.671875
1908400,450.86528941445874,0.0,0.5625,0.5
1908500,450.9860001485614,0.0,0.5,0.546875
1908600,451.1013674117579,0.0,0.5625,0.546875
1908700,451.217252768226,0.0,0.625,0.546875
1908800,451.3127267601472,0.0,0.5625,0.578125
1908900,451.4223429961358,0.0,0.6875,0.484375
1909000,451.44873544141507,0.0,0.6875,0.5625
1909100,451.5419173551192,0.0,0.625,0.53125
1909200,451.6855428582872,0.0,0.6875,0.546875
1909300,451.80056930218717,0.0,0.6875,0.6875
1909400,451.87037023052346,0.0,0.5625,0.546875
1909500,451.9418535606754,0.0,0.625,0.671875
1909600,451.992696225856,0.0,0.75,0.546875
1909700,452.073656782449,0.0,0.625,0.6875
1909800,452.16699792396463,0.0,0.5,0.5625
1909900,452.2192514347102,0.0,0.625,0.5625
1910000,452.2856323393959,0.0,0.625,0.484375
1910100,452.3344941300501,0.0,0.5,0.421875
1910200,452.38050444676304,0.0,0.5625,0.609375
1910300,452.4344372743779,0.0,0.5625,0.484375
1910400,452.45804771717695,0.0,0.625,0.75
1910500,452.5325961028993,0.0,0.5625,0.546875
1910600,452.5895225498027,0.0,0.6875,0.59375
1910700,452.60806796386834,0.0,0.4375,0.5
1910800,452.63133081509585,0.0,0.625,0.6875
1910900,452.6713584892648,0.0,0.625,0.53125
1911000,452.7000681641016,0.0,0.625,0.625
1911100,452.7442038830353,0.0,0.6875,0.65625
1911200,452.8027189967824,0.0,0.625,0.515625
1911300,452.8191318940449,0.0,0.625,0.703125
1911400,452.86423942327326,0.0,0.75,0.546875
1911500,452.9352790202816,0.0,0.5625,0.546875
1911600,452.9759899984697,0.0,0.4375,0.59375
1911700,452.99957631379567,0.0,0.6875,0.65625
1911800,453.016264339124,0.0,0.5625,0.625
1911900,453.0329874709894,0.0,0.5,0.515625
1912000,453.12396813435146,0.0,0.75,0.515625
1912100,453.14753236346303,0.0,0.5625,0.59375
1912200,453.16762533646033,0.0,0.6875,0.671875
1912300,453.19087761902153,0.0,0.625,0.578125
1912400,453.206907511938,0.0,0.5625,0.609375
1912500,453.22135644008034,0.0,0.5,0.609375
1912600,453.24017079154146,0.0,0.5,0.609375
1912700,453.27588627494634,0.0,0.5625,0.609375
1912800,453.2989128331027,0.0,0.625,0.625
1912900,453.30871524933707,0.0,0.625,0.578125
1913000,453.34115787212806,0.0,0.5,0.5
1913100,453.35996230666103,0.0,0.5625,0.640625
1913200,453.37522633342167,0.0,0.5625,0.484375
1913300,453.39921612659896,0.0,0.625,0.40625
1913400,453.42319459007047,0.0,0.5625,0.640625
1913500,453.44383051861286,0.0,0.6875,0.515625
1913600,453.4625707608104,0.0,0.6875,0.59375
1913700,453.47625951349914,0.0,0.625,0.578125
1913800,453.4880860655651,0.0,0.5625,0.609375
1913900,453.4995107631115,0.0,0.625,0.5625
1914000,453.52049446324486,0.0,0.5,0.609375
1914100,453.5387224543153,0.0,0.5625,0.640625
1914200,453.55954769626044,0.0,0.5,0.609375
1914300,453.5708094014219,0.0,0.5625,0.59375
1914400,453.57618479688733,0.0,0.5625,0.578125
1914500,453.5914620003548,0.0,0.5625,0.71875
1914600,453.6101623612826,0.0,0.5625,0.46875
1914700,453.62195443236226,0.0,0.5625,0.53125
1914800,453.6317713534546,0.0,0.5625,0.640625
1914900,453.6375451696457,0.0,0.5625,0.59375
1915000,453.6517974999728,0.0,0.6875,0.625
1915100,453.6721480896332,0.0,0.5625,0.65625
1915200,453.6813550559007,0.0,0.6875,0.578125
1915300,453.6888986548347,0.0,0.5625,0.59375
1915400,453.6946387213741,0.0,0.6875,0.59375
1915500,453.7062451494013,0.0,0.5625,0.59375
1915600,453.7109789172784,0.0,0.5625,0.5625
1915700,453.724780232712,0.0,0.625,0.609375
1915800,453.7529936856353,0.0,0.6875,0.59375
1915900,453.76456005540194,0.0,0.6875,0.71875
1916000,453.7885315414805,0.0,0.75,0.625
1916100,453.8044213665728,0.0,0.5,0.65625
1916200,453.81986207655734,0.0,0.4375,0.515625
1916300,453.8354890539569,0.0,0.625,0.59375
1916400,453.8432055370897,0.0,0.5625,0.640625
1916500,453.85986047414957,0.0,0.5,0.609375
1916600,453.87280135675485,0.0,0.5625,0.5625
1916700,453.8855007411647,0.0,0.5625,0.578125
1916800,453.898163403308,0.0,0.625,0.671875
1916900,453.91619588253826,0.0,0.5,0.59375
1917000,453.92349991819725,0.0,0.6875,0.5625
1917100,453.93309300851723,0.0,0.625,0.5625
1917200,453.9381928832988,0.0,0.625,0.609375
1917300,453.95012604711457,0.0,0.5,0.609375
1917400,453.96179178215226,0.0,0.625,0.625
1917500,453.977068226693,0.0,0.5625,0.578125
1917600,453.98569873203934,0.0,0.5,0.59375
1917700,453.99895280585025,0.0,0.625,0.65625
1917800,454.01269483321687,0.0,0.5,0.546875
1917900,454.03097159727264,0.0,0.5625,0.53125
1918000,454.03996599840985,0.0,0.5,0.46875
1918100,454.0557987558114,0.0,0.625,0.6875
1918200,454.05784535902717,0.0,0.5625,0.53125
1918300,454.0729299669308,0.0,0.625,0.640625
1918400,454.0903440622517,0.0,0.5,0.65625
1918500,454.1009449302961,0.0,0.5,0.625
1918600,454.11404643860743,0.0,0.5,0.5
1918700,454.1219498220498,0.0,0.5625,0.609375
1918800,454.12923558654734,0.0,0.6875,0.578125
1918900,454.13943357086856,0.0,0.625,0.65625
1919000,454.147927963961,0.0,0.6875,0.5625
1919100,454.17042174154506,0.0,0.625,0.65625
1919200,454.18130146770443,0.0,0.5625,0.65625
1919300,454.1929571623735,0.0,0.625,0.640625
1919400,454.19630790982745,0.0,0.625,0.671875
1919500,454.2172053763911,0.0,0.625,0.59375
1919600,454.22386285311075,0.0,0.5625,0.640625
1919700,454.23075650792595,0.0,0.6875,0.640625
1919800,454.24136422453415,0.0,0.625,0.640625
1919900,454.2573675222869,0.0,0.5625,0.6875
1920000,454.268690116472,0.0,0.5625,0.609375
1920100,454.2773127776813,0.0,0.625,0.546875
1920200,454.2895804868133,0.0,0.6875,0.59375
1920300,454.29810215574196,0.0,0.5,0.484375
1920400,454.3136525218496,0.0,0.5625,0.6875
1920500,454.32133194732467,0.0,0.625,0.625
1920600,454.3257154892274,0.0,0.625,0.5625
1920700,454.33157456584314,0.0,0.5,0.640625
1920800,454.33818755518854,0.0,0.6875,0.703125
1920900,454.3407604171763,0.0,0.5625,0.515625
1921000,454.3467627360087,0.0,0.625,0.640625
1921100,454.3614512282291,0.0,0.625,0.65625
1921200,454.3672639382882,0.0,0.625,0.640625
1921300,454.37598495442467,0.0,0.5,0.546875
1921400,454.38514014108574,0.0,0.625,0.625
1921500,454.39004299779685,0.0,0.5625,0.65625
1921600,454.4008327363135,0.0,0.5625,0.609375
1921700,454.41685057912673,0.0,0.5625,0.609375
1921800,454.4280262455557,0.0,0.625,0.625
1921900,454.43420540855686,0.0,0.5625,0.578125
1922000,454.44196453492765,0.0,0.5625,0.515625
1922100,454.45359424044074,0.0,0.625,0.703125
1922200,454.46673646766783,0.0,0.625,0.671875
1922300,454.4718711174715,0.0,0.625,0.578125
1922400,454.4845277171349,0.0,0.625,0.609375
1922500,454.49291641668384,0.0,0.5625,0.578125
1922600,454.50153242617233,0.0,0.6875,0.609375
1922700,454.50479996219536,0.0,0.5625,0.5625
1922800,454.5075925736931,0.0,0.625,0.609375
1922900,454.5105054444596,0.0,0.625,0.703125
1923000,454.51904114776164,0.0,0.75,0.6875
1923100,454.5230829548878,0.0,0.5625,0.609375
1923200,454.5256686990121,0.0,0.5,0.5625
1923300,454.53250272810436,0.0,0.625,0.546875
1923400,454.54084041556524,0.0,0.4375,0.640625
1923500,454.54241864954054,0.0,0.5625,0.5625
1923600,454.54825035475574,0.0,0.6875,0.578125
1923700,454.5491288717938,0.0,0.5625,0.59375
1923800,454.55734342465956,0.0,0.5,0.609375
1923900,454.56538592717044,0.0,0.6875,0.625
1924000,454.57116071379613,0.0,0.5625,0.5625
1924100,454.577013827552,0.0,0.625,0.578125
1924200,454.58391006721376,0.0,0.5625,0.546875
1924300,454.59338291231205,0.0,0.5625,0.671875
1924400,454.59887456390436,0.0,0.5,0.5
1924500,454.6120013536825,0.0,0.6875,0.578125
1924600,454.6218277585646,0.0,0.6875,0.625
1924700,454.6235889289127,0.0,0.625,0.609375
1924800,454.63065807720324,0.0,0.625,0.625
1924900,454.63879577663516,0.0,0.5625,0.625
1925000,237.4141666787526,0.0,0.625,0.671875
1925100,237.49140346565605,0.0,0.625,0.5625
1925200,237.5822004477274,0.0,0.5625,0.703125
1925300,237.69848700589253,0.0,0.6875,0.59375
1925400,237.7989550427988,0.0,0.625,0.515625
1925500,237.91451827206367,0.0,0.5,0.515625
1925600,238.02738651540787,0.0,0.625,0.625
1925700,238.15541313020594,0.0,0.625,0.515625
1925800,238.30787035817767,0.0,0.5625,0.578125
1925900,238.52573232948492,0.0,0.375,0.46875
1926000,238.69550994254254,0.0,0.4375,0.65625
1926100,238.83230032895966,0.0,0.625,0.609375
1926200,239.0744391854225,0.0,0.625,0.625
1926300,239.22380119608763,0.0,0.625,0.546875
1926400,239.49859000093687,0.0,0.625,0.59375
1926500,239.91877782318122,0.0,0.5,0.609375
1926600,240.32767782848396,0.0,0.5,0.65625
1926700,240.82856836435914,0.0,0.5625,0.5
1926800,240.95943086807014,0.0,0.5625,0.5625
1926900,241.4820939725669,0.0,0.5,0.609375
1927000,241.9037688950267,0.0,0.6875,0.625
1927100,244.1358968684289,0.0,0.625,0.640625
1927200,248.54051880967106,0.0,0.5625,0.703125
1927300,259.27849786017407,0.0,0.5,0.484375
1927400,298.80872584589207,0.0,0.5625,0.578125
1927500,322.77555425028885,0.0,0.625,0.609375
1927600,328.7049895742728,0.0,0.625,0.578125
1927700,331.18422919755045,0.0,0.625,0.546875
1927800,332.9920179355612,0.0,0.5625,0.6875
1927900,334.84127433964665,0.0,0.625,0.78125
1928000,335.7399811324226,0.0,0.6875,0.609375
1928100,336.3335883333381,0.0,0.625,0.65625
1928200,337.4699543343423,0.0,0.5625,0.625
1928300,337.83042634005403,0.0,0.5625,0.609375
1928400,338.60649406837547,0.0,0.5625,0.578125
1928500,338.9458128256611,0.0,0.625,0.625
1928600,339.50540221832307,0.0,0.5625,0.5625
1928700,339.6973040902147,0.0,0.375,0.5
1928800,340.0064872068449,0.0,0.625,0.71875
1928900,340.51779729108694,0.0,0.625,0.5625
1929000,340.7626444544167,0.0,0.5,0.640625
1929100,341.0315996507556,0.0,0.5625,0.65625
1929200,341.2271198086029,0.0,0.5,0.484375
1929300,341.4233125662874,0.0,0.5625,0.5625
1929400,341.79040324057354,0.0,0.5,0.703125
1929500,342.091885689248,0.0,0.4375,0.53125
1929600,342.3549464776905,0.0,0.5625,0.59375
1929700,342.71127526641567,0.0,0.5,0.640625
1929800,342.9967865497433,0.0,0.625,0.546875
1929900,343.3401965163124,0.0,0.5,0.53125
1930000,343.53872268023576,0.0,0.5625,0.625
1930100,343.80652634193797,0.0,0.5625,0.625
1930200,344.19116597119904,0.0,0.5625,0.59375
1930300,344.4258423386074,0.0,0.5625,0.671875
1930400,344.6741688732413,0.0,0.6875,0.703125
1930500,344.9238947931726,0.0,0.5,0.625
1930600,345.2152462016054,0.0,0.625,0.65625
1930700,345.43552708881737,0.0,0.5625,0.640625
1930800,345.83370086531255,0.0,0.625,0.5
1930900,346.0506103006658,0.0,0.5625,0.578125
1931000,346.28874952138995,0.0,0.625,0.625
1931100,346.6057417693488,0.0,0.6875,0.65625
1931200,346.90362520370536,0.0,0.5,0.640625
1931300,347.55025745638534,0.0,0.5625,0.75
1931400,348.15617562260366,0.0,0.5625,0.6875
1931500,348.9841569178113,0.0,0.5625,0.609375
1931600,349.87000641024935,0.0,0.5,0.671875
1931700,351.13582401597614,0.0,0.5,0.6875
1931800,354.40618520561156,0.0,0.5625,0.640625
1931900,358.47494838987564,0.0,0.5625,0.65625
1932000,372.1448974997983,0.0,0.625,0.703125
1932100,399.14552947390865,0.0,0.5625,0.75
1932200,427.08505928419464,0.0,0.625,0.59375
1932300,433.5234946372822,0.0,0.5,0.65625
1932400,435.28973002918804,0.0,0.625,0.5625
1932500,436.41802595179024,0.0,0.5,0.59375
1932600,437.0116233765076,0.0,0.4375,0.65625
1932700,437.91923141934143,0.0,0.625,0.546875
1932800,438.4968266028545,0.0,0.5625,0.734375
1932900,439.12983818771113,0.0,0.5625,0.640625
1933000,439.3756028461946,0.0,0.5,0.6875
1933100,439.69187557647376,0.0,0.625,0.671875
1933200,439.94559075009005,0.0,0.5625,0.59375
1933300,440.40391646843096,0.0,0.5625,0.75
1933400,440.53446505689624,0.0,0.625,0.75
1933500,440.8243301049004,0.0,0.625,0.625
1933600,441.0384016508967,0.0,0.5,0.5625
1933700,441.2936350367676,0.0,0.625,0.65625
1933800,441.5747292153599,0.0,0.5,0.609375
1933900,441.94288546062796,0.0,0.5625,0.671875
1934000,442.3869684304637,0.0,0.5625,0.640625
1934100,442.6073203925584,0.0,0.5625,0.671875
1934200,442.8256721879764,0.0,0.5,0.5625
1934300,443.03394212892107,0.0,0.5,0.640625
1934400,443.2921509174064,0.0,0.4375,0.640625
1934500,443.38989834392316,0.0,0.5,0.71875
1934600,443.57973726951434,0.0,0.5625,0.5
1934700,443.7489324520957,0.0,0.6875,0.609375
1934800,443.87258114819616,0.0,0.5625,0.671875
1934900,443.9892452048646,0.0,0.5,0.625
1935000,444.1519889099391,0.0,0.5625,0.625
1935100,444.3925197590579,0.0,0.5625,0.6875
1935200,444.55710648783264,0.0,0.5625,0.65625
1935300,444.7542387615525,0.0,0.5625,0.703125
1935400,444.86728905785077,0.0,0.625,0.578125
1935500,445.0424696312613,0.0,0.625,0.6875
1935600,445.09622802664427,0.0,0.4375,0.6875
1935700,445.21072861649054,0.0,0.4375,0.46875
1935800,445.45456618490675,0.0,0.6875,0.671875
1935900,445.540397850143,0.0,0.5,0.53125
1936000,445.68778895028504,0.0,0.5625,0.59375
1936100,445.7660596132799,0.0,0.5,0.765625
1936200,445.8071493291976,0.0,0.5625,0.65625
1936300,445.9533424584322,0.0,0.5625,0.625
1936400,446.0587632797169,0.0,0.5625,0.703125
1936500,446.1370579226963,0.0,0.5625,0.5625
1936600,446.278208364882,0.0,0.625,0.734375
1936700,446.34480838549496,0.0,0.5,0.671875
1936800,446.38799256190117,0.0,0.625,0.609375
1936900,446.5208177555014,0.0,0.625,0.640625
1937000,446.56673457953394,0.0,0.625,0.6875
1937100,446.5841958728825,0.0,0.625,0.671875
1937200,446.66881289723426,0.0,0.5,0.671875
1937300,446.7495400773337,0.0,0.5,0.5625
1937400,446.80538265459353,0.0,0.5,0.578125
1937500,446.90897829139,0.0,0.5625,0.625
1937600,447.0774949723838,0.0,0.625,0.546875
1937700,447.1590033536094,0.0,0.625,0.65625
1937800,447.2289550293552,0.0,0.5,0.609375
1937900,447.30490832507905,0.0,0.5,0.625
1938000,447.33169088933636,0.0,0.625,0.65625
1938100,447.36235559931737,0.0,0.4375,0.609375
1938200,447.4558172146234,0.0,0.625,0.609375
1938300,447.50154535652115,0.0,0.625,0.703125
1938400,447.5121881851407,0.0,0.5625,0.640625
1938500,447.572492918559,0.0,0.375,0.5625
1938600,447.63860316635225,0.0,0.5625,0.609375
1938700,447.6768338382942,0.0,0.625,0.671875
1938800,447.70731900802366,0.0,0.5625,0.59375
1938900,447.74439261106323,0.0,0.6875,0.609375
1939000,447.8350985860303,0.0,0.6875,0.65625
1939100,447.85013381950176,0.0,0.5,0.703125
1939200,447.8556234247034,0.0,0.5,0.53125
1939300,447.8812341296704,0.0,0.5625,0.59375
1939400,447.97856349512887,0.0,0.5,0.640625
1939500,448.0066650313125,0.0,0.4375,0.578125
1939600,448.0184227615833,0.0,0.625,0.734375
1939700,448.0395040051775,0.0,0.625,0.625
1939800,448.1165810509662,0.0,0.5,0.578125
1939900,448.1769572157664,0.0,0.625,0.625
1940000,448.2432932814579,0.0,0.5625,0.5625
1940100,448.2654503510261,0.0,0.5,0.53125
1940200,448.2818907962549,0.0,0.5625,0.703125
1940300,448.41373183924344,0.0,0.5,0.65625
1940400,448.45090814909764,0.0,0.625,0.671875
1940500,448.4817489006185,0.0,0.625,0.59375
1940600,448.5192812985391,0.0,0.5,0.609375
1940700,448.5504742710066,0.0,0.5,0.671875
1940800,448.5656285944298,0.0,0.5625,0.703125
1940900,448.5789098653534,0.0,0.625,0.703125
1941000,448.60387714754955,0.0,0.5625,0.625
1941100,448.61659020615275,0.0,0.5625,0.625
1941200,448.65344232326646,0.0,0.5625,0.78125
1941300,448.7124942893566,0.0,0.5625,0.625
1941400,448.72977977986915,0.0,0.5625,0.5625
1941500,448.79015505772895,0.0,0.5625,0.71875
1941600,448.8103643723329,0.0,0.5625,0.625
1941700,448.84090372020506,0.0,0.625,0.65625
1941800,448.8691713961737,0.0,0.625,0.78125
1941900,448.8996283731924,0.0,0.4375,0.640625
1942000,448.93752702168234,0.0,0.5,0.5625
1942100,448.9566497541522,0.0,0.625,0.65625
1942200,448.97135086637803,0.0,0.4375,0.609375
1942300,449.0141295949622,0.0,0.5625,0.6875
1942400,449.04666282138106,0.0,0.5625,0.65625
1942500,449.06991497681634,0.0,0.625,0.625
1942600,449.1060716833612,0.0,0.5625,0.5625
1942700,449.1390204099329,0.0,0.4375,0.609375
1942800,449.1567445324408,0.0,0.5,0.65625
1942900,449.18699538765287,0.0,0.5625,0.625
1943000,449.19938809737664,0.0,0.625,0.6875
1943100,449.3229583339044,0.0,0.5,0.625
1943200,449.3672142001326,0.0,0.5,0.65625
1943300,449.3859379261473,0.0,0.6875,0.734375
1943400,449.44475829732403,0.0,0.5625,0.6875
1943500,449.457908682438,0.0,0.5625,0.71875
1943600,449.52278071009135,0.0,0.625,0.625
1943700,449.54030651684116,0.0,0.5625,0.6875
1943800,449.5611616507185,0.0,0.5625,0.59375
1943900,449.5712718458343,0.0,0.625,0.59375
1944000,449.6149512168593,0.0,0.5625,0.625
1944100,449.63237641746326,0.0,0.625,0.609375
1944200,449.65078393082524,0.0,0.625,0.515625
1944300,449.6971329171324,0.0,0.5625,0.671875
1944400,449.7153210269653,0.0,0.5625,0.609375
1944500,449.7858421675497,0.0,0.5625,0.6875
1944600,449.8160141240194,0.0,0.5625,0.578125
1944700,449.83640476234035,0.0,0.5,0.59375
1944800,449.8712749164493,0.0,0.5,0.65625
1944900,449.9044021025385,0.0,0.5625,0.640625
1945000,449.96417711011617,0.0,0.625,0.703125
1945100,449.9897715642009,0.0,0.625,0.65625
1945200,450.0019355235318,0.0,0.75,0.78125
1945300,450.0451466189791,0.0,0.5625,0.671875
1945400,450.06576810144634,0.0,0.625,0.640625
1945500,450.0925686380877,0.0,0.5625,0.734375
1945600,450.1171342057498,0.0,0.5,0.65625
1945700,450.16356515580736,0.0,0.5625,0.65625
1945800,450.1809275100014,0.0,0.6875,0.640625
1945900,450.1970029974761,0.0,0.6875,0.59375
1946000,450.23031066681887,0.0,0.625,0.640625
1946100,450.28900728497985,0.0,0.625,0.65625
1946200,450.3124585642332,0.0,0.6875,0.59375
1946300,450.33119678538156,0.0,0.5,0.671875
1946400,450.37668484672685,0.0,0.75,0.703125
1946500,450.39525382170217,0.0,0.75,0.640625
1946600,450.4239877967539,0.0,0.5625,0.6875
1946700,450.4803891164481,0.0,0.6875,0.53125
1946800,450.5019564481167,0.0,0.625,0.625
1946900,450.5693098846618,0.0,0.4375,0.5625
1947000,450.58923394601607,0.0,0.625,0.671875
1947100,450.59633013586966,0.0,0.5625,0.609375
1947200,450.6277678230997,0.0,0.625,0.6875
1947300,450.64570820824446,0.0,0.625,0.75
1947400,450.6720612283226,0.0,0.5625,0.78125
1947500,450.6995618389017,0.0,0.6875,0.640625
1947600,450.7157520657664,0.0,0.5625,0.53125
1947700,450.724991155435,0.0,0.5,0.671875
1947800,450.7578690198824,0.0,0.5625,0.625
1947900,450.81098945009836,0.0,0.625,0.625
1948000,450.8413681182286,0.0,0.6875,0.65625
1948100,450.8852588561155,0.0,0.5625,0.625
1948200,450.89250639064574,0.0,0.5,0.65625
1948300,450.9063032789656,0.0,0.625,0.6875
1948400,450.93553695576077,0.0,0.6875,0.671875
1948500,450.9614975882299,0.0,0.5625,0.53125
1948600,451.0309983639574,0.0,0.75,0.640625
1948700,451.0439625987968,0.0,0.625,0.734375
1948800,451.0613769250099,0.0,0.6875,0.71875
1948900,451.09555890165757,0.0,0.625,0.640625
1949000,451.10890076811944,0.0,0.625,0.609375
1949100,451.1232920434197,0.0,0.6875,0.75
1949200,451.14031849428176,0.0,0.625,0.65625
1949300,451.1495842931678,0.0,0.5,0.546875
1949400,451.1661578617829,0.0,0.625,0.625
1949500,451.1854389185798,0.0,0.5,0.625
1949600,451.1989830587606,0.0,0.625,0.578125
1949700,451.23186849715114,0.0,0.5625,0.640625
1949800,451.2362943199809,0.0,0.625,0.625
1949900,451.2640694482994,0.0,0.625,0.625
1950000,305.1671952852259,0.0,0.5,0.609375
1950100,314.53695785130157,0.0,0.6875,0.640625
1950200,318.85448143247385,0.0,0.625,0.71875
1950300,321.97997202500443,0.0,0.5625,0.640625
1950400,324.3488198510774,0.0,0.5625,0.703125
1950500,326.3995455242359,0.0,0.625,0.640625
1950600,327.77647464215323,0.0,0.5625,0.640625
1950700,329.5214235520815,0.0,0.625,0.59375
1950800,330.95451228016805,0.0,0.625,0.625
1950900,331.99189130712756,0.0,0.625,0.734375
1951000,332.77429236427184,0.0,0.6875,0.609375
1951100,334.08765080071197,0.0,0.625,0.609375
1951200,334.84670883674045,0.0,0.5625,0.703125
1951300,335.65455186951704,0.0,0.5625,0.6875
1951400,336.7742614671854,0.0,0.625,0.6875
1951500,337.3900685687622,0.0,0.625,0.71875
1951600,337.8926633539032,0.0,0.5,0.640625
1951700,339.45560644420397,0.0,0.625,0.65625
1951800,340.7490495650401,0.0,0.625,0.78125
1951900,342.5188095447399,0.0,0.625,0.734375
1952000,348.1506283407486,0.0,0.625,0.6875
1952100,389.2570059756078,0.0,0.5625,0.671875
1952200,404.7840020517543,0.0,0.625,0.703125
1952300,407.87219111515697,0.0,0.5625,0.578125
1952400,409.5354469682926,0.0,0.4375,0.625
1952500,412.3128290185022,0.0,0.625,0.59375
1952600,413.7248487054616,0.0,0.5625,0.59375
1952700,415.0367719465194,0.0,0.6875,0.640625
1952800,416.5936300675105,0.0,0.625,0.65625
1952900,417.6689655340312,0.0,0.5625,0.703125
1953000,418.2896808481193,0.0,0.6875,0.671875
1953100,419.2894632853797,0.0,0.625,0.640625
1953200,420.03270049751916,0.0,0.5,0.53125
1953300,421.0123364747217,0.0,0.5625,0.640625
1953400,422.013243508056,0.0,0.625,0.671875
1953500,422.6640047379499,0.0,0.625,0.578125
1953600,423.16422475312993,0.0,0.5,0.703125
1953700,423.78766084932045,0.0,0.4375,0.609375
1953800,424.2366836348176,0.0,0.5,0.609375
1953900,424.8510039135288,0.0,0.5625,0.59375
1954000,425.40166688212827,0.0,0.625,0.71875
1954100,425.6481105698766,0.0,0.625,0.671875
1954200,426.00435787747983,0.0,0.6875,0.640625
1954300,426.45372849074397,0.0,0.5625,0.5625
1954400,426.7035821759276,0.0,0.5625,0.640625
1954500,427.1684546958287,0.0,0.5625,0.625
1954600,427.65492911098715,0.0,0.5,0.625
1954700,428.0178499809771,0.0,0.5625,0.671875
1954800,428.2291404369551,0.0,0.625,0.546875
1954900,428.7344322158134,0.0,0.6875,0.546875
1955000,429.19087080145255,0.0,0.625,0.59375
1955100,429.6371406699492,0.0,0.625,0.640625
1955200,429.90742511851755,0.0,0.75,0.609375
1955300,430.16417317346094,0.0,0.75,0.625
1955400,430.4493933863173,0.0,0.625,0.609375
1955500,430.79591609286354,0.0,0.5,0.546875
1955600,430.99581040152407,0.0,0.5625,0.640625
1955700,431.23595828902614,0.0,0.6875,0.59375
1955800,431.4179060193273,0.0,0.5625,0.609375
1955900,431.7069716726915,0.0,0.6875,0.609375
1956000,431.8237012171652,0.0,0.5,0.640625
1956100,432.1526118896032,0.0,0.5625,0.703125
1956200,432.3583039576601,0.0,0.6875,0.65625
1956300,432.5024084883774,0.0,0.625,0.578125
1956400,432.62367096896463,0.0,0.5625,0.65625
1956500,432.77390491853174,0.0,0.5625,0.71875
1956600,432.9753491336282,0.0,0.5625,0.625
1956700,433.1511701162327,0.0,0.625,0.703125
1956800,433.2733647560799,0.0,0.625,0.671875
1956900,433.3528310660637,0.0,0.625,0.65625
1957000,433.48530053236334,0.0,0.625,0.609375
1957100,433.64796975938935,0.0,0.625,0.671875
1957200,433.8570022266535,0.0,0.5625,0.515625
1957300,434.1294843591678,0.0,0.5625,0.65625
1957400,434.2853620167961,0.0,0.625,0.609375
1957500,434.45620722723834,0.0,0.625,0.796875
1957600,434.5658555849856,0.0,0.625,0.609375
1957700,434.746014921456,0.0,0.5625,0.703125
1957800,434.91456098408497,0.0,0.625,0.703125
1957900,434.984224202029,0.0,0.625,0.65625
1958000,435.1314132716482,0.0,0.5625,0.640625
1958100,435.1906365724981,0.0,0.5625,0.65625
1958200,435.26226728536176,0.0,0.6875,0.734375
1958300,435.2840110656483,0.0,0.5625,0.703125
1958400,435.308156312718,0.0,0.5625,0.625
1958500,435.39468857659966,0.0,0.625,0.71875
1958600,435.4290010085466,0.0,0.6875,0.75
1958700,435.5012232695469,0.0,0.625,0.6875
1958800,435.65921239819914,0.0,0.625,0.65625
1958900,435.69753953710455,0.0,0.4375,0.578125
1959000,435.7113767953711,0.0,0.5,0.703125
1959100,435.8180103038052,0.0,0.8125,0.65625
1959200,435.9074083729676,0.0,0.5625,0.671875
1959300,435.92713982032393,0.0,0.5,0.75
1959400,436.0229621761485,0.0,0.6875,0.640625
1959500,436.15615119521675,0.0,0.5625,0.59375
1959600,436.22225726865685,0.0,0.5625,0.625
1959700,436.2974624544577,0.0,0.625,0.625
1959800,436.3581644405832,0.0,0.5625,0.578125
1959900,436.40561046117455,0.0,0.5625,0.671875
1960000,436.4163152423982,0.0,0.625,0.640625
1960100,436.4631820746862,0.0,0.625,0.671875
1960200,436.6403167112096,0.0,0.5625,0.59375
1960300,436.7132583179553,0.0,0.5625,0.6875
1960400,436.86315918357195,0.0,0.6875,0.625
1960500,436.9435675340956,0.0,0.5,0.625
1960600,437.01439946835524,0.0,0.6875,0.640625
1960700,437.09096904752874,0.0,0.5625,0.578125
1960800,437.2924603737384,0.0,0.625,0.734375
1960900,437.3956409515355,0.0,0.6875,0.75
1961000,437.43277346588917,0.0,0.75,0.6875
1961100,437.46706885237126,0.0,0.625,0.625
1961200,437.56791173787354,0.0,0.5,0.53125
1961300,437.6441405892522,0.0,0.6875,0.765625
1961400,437.75395303395834,0.0,0.6875,0.640625
1961500,437.82382080568095,0.0,0.6875,0.640625
1961600,437.8468548378002,0.0,0.5,0.734375
1961700,437.8895462112067,0.0,0.625,0.515625
1961800,437.9109653382944,0.0,0.5625,0.65625
1961900,437.9517106685855,0.0,0.6875,0.671875
1962000,438.1076205351969,0.0,0.625,0.53125
1962100,438.1245358796849,0.0,0.625,0.71875
1962200,438.1434099241084,0.0,0.5625,0.75
1962300,438.165944352632,0.0,0.5,0.640625
1962400,438.2073296430905,0.0,0.625,0.71875
1962500,438.31642906832843,0.0,0.5625,0.625
1962600,438.41191949100096,0.0,0.5625,0.703125
1962700,438.5000494843561,0.0,0.625,0.625
1962800,438.5993589294778,0.0,0.625,0.609375
1962900,438.6375299555857,0.0,0.5625,0.65625
1963000,438.78846383442664,0.0,0.75,0.671875
1963100,438.82554639649936,0.0,0.5625,0.671875
1963200,438.84051682202187,0.0,0.625,0.609375
1963300,438.8804085662582,0.0,0.625,0.734375
1963400,438.9199477276412,0.0,0.6875,0.640625
1963500,438.93996031321166,0.0,0.5625,0.546875
1963600,439.05182364415816,0.0,0.5625,0.78125
1963700,439.14566970813354,0.0,0.6875,0.546875
1963800,439.1714041982325,0.0,0.5625,0.609375
1963900,439.3270239799257,0.0,0.625,0.671875
1964000,439.40192078200835,0.0,0.625,0.625
1964100,439.47292343523344,0.0,0.5625,0.6875
1964200,439.48450800003883,0.0,0.625,0.578125
1964300,439.5221563711729,0.0,0.5625,0.671875
1964400,439.5562901346741,0.0,0.8125,0.625
1964500,439.57453523038515,0.0,0.6875,0.71875
1964600,439.5925976491117,0.0,0.625,0.78125
1964700,439.77404832694384,0.0,0.6875,0.546875
1964800,440.14775445537794,0.0,0.5625,0.71875
1964900,440.23043666848963,0.0,0.75,0.671875
1965000,440.3155703370395,0.0,0.6875,0.75
1965100,440.35494709110566,0.0,0.6875,0.609375
1965200,440.39982690425336,0.0,0.4375,0.625
1965300,440.4553377814612,0.0,0.8125,0.5625
1965400,440.46916537613333,0.0,0.625,0.640625
1965500,440.5693369990994,0.0,0.6875,0.546875
1965600,440.582340441575,0.0,0.5625,0.703125
1965700,440.6000810974301,0.0,0.5,0.6875
1965800,440.6262291050382,0.0,0.625,0.59375
1965900,440.7756947457605,0.0,0.5625,0.546875
1966000,440.8365211209295,0.0,0.5625,0.71875
1966100,440.9127241465258,0.0,0.5,0.609375
1966200,440.9416083468649,0.0,0.6875,0.703125
1966300,441.0392741828208,0.0,0.75,0.578125
1966400,441.12041373232506,0.0,0.5625,0.671875
1966500,441.1357219118815,0.0,0.6875,0.609375
1966600,441.15134792769567,0.0,0.625,0.53125
1966700,441.15827666290755,0.0,0.625,0.625
1966800,441.17594643518686,0.0,0.625,0.578125
1966900,441.18090396454113,0.0,0.625,0.609375
1967000,441.28316010673996,0.0,0.625,0.671875
1967100,441.2881842671324,0.0,0.5625,0.625
1967200,441.4464413998236,0.0,0.75,0.796875
1967300,441.55359557865046,0.0,0.75,0.671875
1967400,441.61282325696,0.0,0.625,0.65625
1967500,441.7019695543725,0.0,0.5625,0.53125
1967600,441.77790492606675,0.0,0.6875,0.640625
1967700,441.8177162240006,0.0,0.6875,0.625
1967800,441.83319074354426,0.0,0.625,0.640625
1967900,441.8385211416708,0.0,0.75,0.5625
1968000,441.8676074206516,0.0,0.5625,0.5
1968100,441.9562701581998,0.0,0.5625,0.71875
1968200,442.04442927651536,0.0,0.6875,0.625
1968300,442.1391026879011,0.0,0.5625,0.6875
1968400,442.1484637036514,0.0,0.5625,0.765625
1968500,442.21065718284206,0.0,0.6875,0.53125
1968600,442.2156020881152,0.0,0.75,0.6875
1968700,442.2535225414541,0.0,0.5,0.578125
1968800,442.2613133813678,0.0,0.5625,0.609375
1968900,442.2868622618386,0.0,0.625,0.671875
1969000,442.2986032202713,0.0,0.4375,0.703125
1969100,442.37840184904155,0.0,0.5625,0.609375
1969200,442.3884578053517,0.0,0.75,0.640625
1969300,442.4093368923013,0.0,0.625,0.671875
1969400,442.41668812996176,0.0,0.5625,0.6875
1969500,442.4254295701818,0.0,0.6875,0.75
1969600,442.5273556508396,0.0,0.75,0.6875
1969700,442.5618151722602,0.0,0.6875,0.5625
1969800,442.6654628703968,0.0,0.625,0.65625
1969900,442.7347967971593,0.0,0.625,0.625
1970000,442.7639447344956,0.0,0.625,0.609375
1970100,442.8840026187586,0.0,0.5625,0.546875
1970200,442.89692444483455,0.0,0.75,0.671875
1970300,442.9118598152916,0.0,0.6875,0.640625
1970400,442.9938039699932,0.0,0.6875,0.578125
1970500,443.08630860262303,0.0,0.625,0.578125
1970600,443.0948322159789,0.0,0.5625,0.640625
1970700,443.18814995395104,0.0,0.625,0.640625
1970800,443.2275904843959,0.0,0.5625,0.671875
1970900,443.2897270873755,0.0,0.5,0.6875
1971000,443.3470427725297,0.0,0.5625,0.578125
1971100,443.53985988534635,0.0,0.6875,0.734375
1971200,443.7180406370457,0.0,0.625,0.671875
1971300,443.90344159259155,0.0,0.6875,0.671875
1971400,443.9300119594071,0.0,0.625,0.71875
1971500,443.9640269240654,0.0,0.625,0.75
1971600,443.9901913866133,0.0,0.625,0.578125
1971700,443.99899270497934,0.0,0.625,0.625
1971800,444.10244485802036,0.0,0.5,0.625
1971900,444.1785647431511,0.0,0.625,0.65625
1972000,444.2389334238982,0.0,0.625,0.640625
1972100,444.2479959759411,0.0,0.625,0.59375
1972200,444.26319756263433,0.0,0.625,0.59375
1972300,444.3559703454271,0.0,0.625,0.65625
1972400,444.3656355488548,0.0,0.6875,0.578125
1972500,444.4516064088328,0.0,0.6875,0.671875
1972600,444.4618781291979,0.0,0.6875,0.71875
1972700,444.52224869321714,0.0,0.6875,0.671875
1972800,444.5577119008366,0.0,0.625,0.625
1972900,444.69747671924927,0.0,0.625,0.671875
1973000,444.70017660508813,0.0,0.6875,0.53125
1973100,444.7334729998789,0.0,0.625,0.625
1973200,444.7949198580194,0.0,0.5625,0.609375
1973300,444.8082471462479,0.0,0.8125,0.703125
1973400,444.8261483414595,0.0,0.625,0.625
1973500,444.8283836398788,0.0,0.6875,0.578125
1973600,444.90853827123726,0.0,0.5,0.5
1973700,444.92051628674346,0.0,0.6875,0.671875
1973800,444.92805603320494,0.0,0.625,0.71875
1973900,444.9336756096359,0.0,0.75,0.640625
1974000,444.944031088508,0.0,0.6875,0.734375
1974100,444.9581872685,0.0,0.5,0.5625
1974200,444.96614091039464,0.0,0.6875,0.640625
1974300,444.9998500421491,0.0,0.75,0.609375
1974400,445.14165330689036,0.0,0.5625,0.6875
1974500,445.14555586625823,0.0,0.6875,0.671875
1974600,445.16089389453026,0.0,0.6875,0.640625
1974700,445.2090380159131,0.0,0.5625,0.71875
1974800,445.28148245979963,0.0,0.625,0.5625
1974900,445.38902249164914,0.0,0.5625,0.625
1975000,234.90360428307585,0.0,0.5625,0.703125
1975100,235.8011274789342,0.0,0.6875,0.703125
1975200,236.4620723257098,0.0,0.5,0.640625
1975300,237.3950834775461,0.0,0.6875,0.625
1975400,238.32344610380724,0.0,0.6875,0.609375
1975500,240.019453193617,0.0,0.6875,0.5
1975600,241.09336909736083,0.0,0.5625,0.515625
1975700,243.85460251741532,0.0,0.6875,0.75
1975800,246.80118913977174,0.0,0.5625,0.671875
1975900,248.4687903455861,0.0,0.5625,0.625
1976000,254.38800130688608,0.0,0.625,0.578125
1976100,257.4343609209239,0.0,0.5625,0.703125
1976200,265.684051809929,0.0,0.5625,0.671875
1976300,274.24765493527855,0.0,0.625,0.609375
1976400,287.7042403226466,0.0,0.75,0.703125
1976500,299.907803636596,0.0,0.75,0.65625
1976600,305.85702533795796,0.0,0.625,0.671875
1976700,312.6316152918456,0.0,0.625,0.640625
1976800,318.55254137679043,0.0,0.5625,0.546875
1976900,321.35043906222523,0.0,0.5,0.609375
1977000,324.83418000610834,0.0,0.625,0.734375
1977100,328.9496472941126,0.0,0.5625,0.640625
1977200,331.43339960125735,0.0,0.5625,0.640625
1977300,332.9836460602611,0.0,0.6875,0.578125
1977400,334.8628714947864,0.0,0.6875,0.546875
1977500,337.10474678904507,0.0,0.625,0.6875
1977600,338.2119702565056,0.0,0.625,0.640625
1977700,339.42778367023766,0.0,0.625,0.59375
1977800,340.4517190826227,0.0,0.6875,0.484375
1977900,341.704213764249,0.0,0.625,0.640625
1978000,343.6726840319565,0.0,0.5625,0.671875
1978100,345.8315618190798,0.0,0.625,0.71875
1978200,351.128921840174,0.0,0.75,0.71875
1978300,362.2921213947799,0.0,0.625,0.65625
1978400,396.89413232072854,0.0,0.625,0.703125
1978500,413.8805226162183,0.0,0.5,0.609375
1978600,424.07957920157315,0.0,0.625,0.703125
1978700,431.5952341455822,0.0,0.6875,0.65625
1978800,436.2050107802267,0.0,0.75,0.71875
1978900,437.81492298552126,0.0,0.6875,0.640625
1979000,439.17328734351133,0.0,0.75,0.59375
1979100,440.8702950449211,0.0,0.6875,0.59375
1979200,442.05297266589673,0.0,0.5625,0.53125
1979300,443.46174545169316,0.0,0.6875,0.578125
1979400,443.95784902675376,0.0,0.5625,0.828125
1979500,444.6742861219593,0.0,0.5625,0.625
1979600,445.0380765166269,0.0,0.625,0.625
1979700,445.628626485548,0.0,0.625,0.734375
1979800,445.9341470415127,0.0,0.5,0.515625
1979900,446.17994512283366,0.0,0.625,0.6875
1980000,446.70117034582756,0.0,0.75,0.671875
1980100,447.10451934180327,0.0,0.6875,0.796875
1980200,447.45987630955545,0.0,0.625,0.59375
1980300,447.8361971919171,0.0,0.625,0.5625
1980400,448.2338516629306,0.0,0.625,0.59375
1980500,448.5914085330957,0.0,0.625,0.703125
1980600,448.79988931850335,0.0,0.5625,0.640625
1980700,449.0907044402208,0.0,0.75,0.5625
1980800,449.4391624165389,0.0,0.75,0.578125
1980900,449.7355305795812,0.0,0.6875,0.46875
1981000,450.0708320891525,0.0,0.6875,0.578125
1981100,450.2254508988547,0.0,0.625,0.6875
1981200,450.4498036268375,0.0,0.6875,0.71875
1981300,450.72780466998177,0.0,0.625,0.765625
1981400,450.9726981746499,0.0,0.6875,0.703125
1981500,451.1655591281195,0.0,0.5,0.5625
1981600,451.3049003720501,0.0,0.625,0.65625
1981700,451.4315224799562,0.0,0.75,0.578125
1981800,451.61323238571185,0.0,0.625,0.703125
1981900,451.77218934397166,0.0,0.625,0.59375
1982000,451.97889034466266,0.0,0.6875,0.6875
1982100,452.08171698210543,0.0,0.6875,0.59375
1982200,452.2353566081001,0.0,0.75,0.625
1982300,452.37278517655534,0.0,0.625,0.625
1982400,452.4902201713615,0.0,0.625,0.609375
1982500,452.6532138019475,0.0,0.6875,0.765625
1982600,452.75656275155194,0.0,0.625,0.625
1982700,452.8910710426883,0.0,0.6875,0.640625
1982800,453.01133918240987,0.0,0.5625,0.578125
1982900,453.06573048082595,0.0,0.625,0.640625
1983000,453.14689567148076,0.0,0.625,0.65625
1983100,453.28016947842275,0.0,0.8125,0.796875
1983200,453.3151815272605,0.0,0.6875,0.625
1983300,453.38121395105736,0.0,0.5625,0.6875
1983400,453.50404581654294,0.0,0.6875,0.546875
1983500,453.514107386721,0.0,0.625,0.625
1983600,453.56760016805237,0.0,0.5625,0.5625
1983700,453.6304045610528,0.0,0.625,0.640625
1983800,453.68614254595343,0.0,0.6875,0.65625
1983900,453.73153441795705,0.0,0.625,0.59375
1984000,453.7707219895814,0.0,0.5,0.578125
1984100,453.8087436760567,0.0,0.6875,0.59375
1984200,453.8443102330578,0.0,0.625,0.625
1984300,453.8765613787538,0.0,0.625,0.46875
1984400,453.9376612825817,0.0,0.5,0.578125
1984500,453.97850025974657,0.0,0.625,0.59375
1984600,453.9896493182918,0.0,0.5625,0.703125
1984700,454.0190036001822,0.0,0.75,0.734375
1984800,454.04792569253397,0.0,0.6875,0.6875
1984900,454.0900983223995,0.0,0.625,0.578125
1985000,454.12320736651753,0.0,0.625,0.640625
1985100,454.1399423459634,0.0,0.6875,0.640625
1985200,454.17850680799404,0.0,0.625,0.6875
1985300,454.2002664041397,0.0,0.625,0.6875
1985400,454.23598459603164,0.0,0.6875,0.625
1985500,454.25918738580475,0.0,0.5625,0.59375
1985600,454.28811833603186,0.0,0.625,0.734375
1985700,454.2900900233757,0.0,0.5625,0.578125
1985800,454.29791435963875,0.0,0.5625,0.59375
1985900,454.31470015467755,0.0,0.625,0.609375
1986000,454.3260615356724,0.0,0.625,0.59375
1986100,454.3332168134075,0.0,0.5625,0.640625
1986200,454.34330996206745,0.0,0.75,0.734375
1986300,454.35507469153265,0.0,0.6875,0.71875
1986400,454.3756526157541,0.0,0.6875,0.59375
1986500,454.3897765421736,0.0,0.625,0.609375
1986600,454.3954291353211,0.0,0.6875,0.65625
1986700,454.40618807728225,0.0,0.625,0.6875
1986800,454.42262091466705,0.0,0.625,0.640625
1986900,454.4298284439072,0.0,0.5,0.625
1987000,454.43460784417357,0.0,0.5625,0.65625
1987100,454.44467620523,0.0,0.5625,0.5625
1987200,454.4475015962365,0.0,0.6875,0.609375
1987300,454.453426193921,0.0,0.6875,0.640625
1987400,454.4640689663367,0.0,0.625,0.671875
1987500,454.4762482314686,0.0,0.6875,0.625
1987600,454.48007445528276,0.0,0.6875,0.65625
1987700,454.4909296415029,0.0,0.625,0.625
1987800,454.50069556731967,0.0,0.5625,0.625
1987900,454.5091914009689,0.0,0.6875,0.625
1988000,454.52568635384716,0.0,0.6875,0.640625
1988100,454.5378785684063,0.0,0.5625,0.625
1988200,454.54968611845123,0.0,0.625,0.578125
1988300,454.5531818305224,0.0,0.625,0.640625
1988400,454.56313178456907,0.0,0.625,0.703125
1988500,454.56528217609497,0.0,0.6875,0.703125
1988600,454.57079891124306,0.0,0.625,0.703125
1988700,454.5745793739225,0.0,0.625,0.640625
1988800,454.58991061698066,0.0,0.5625,0.5625
1988900,454.5934742863168,0.0,0.625,0.65625
1989000,454.6050635274978,0.0,0.75,0.6875
1989100,454.6156595940609,0.0,0.625,0.71875
1989200,454.628077552503,0.0,0.5625,0.640625
1989300,454.62998995354576,0.0,0.5625,0.65625
1989400,454.6351086563608,0.0,0.5625,0.578125
1989500,454.63851975488166,0.0,0.5625,0.640625
1989600,454.64200234398135,0.0,0.625,0.640625
1989700,454.6478556936746,0.0,0.625,0.671875
1989800,454.6499578617549,0.0,0.5625,0.65625
1989900,454.65688213160826,0.0,0.625,0.5625
1990000,454.6615822302123,0.0,0.6875,0.59375
1990100,454.6650257844938,0.0,0.5625,0.609375
1990200,454.6654752135918,0.0,0.5625,0.6875
1990300,454.66734635923757,0.0,0.625,0.5625
1990400,454.67944663724984,0.0,0.5625,0.5625
1990500,454.68429007676,0.0,0.5625,0.625
1990600,454.69548978448125,0.0,0.625,0.609375
1990700,454.7061899028513,0.0,0.6875,0.640625
1990800,454.71129245376306,0.0,0.75,0.578125
1990900,454.7173008179226,0.0,0.5,0.515625
1991000,454.73191201384446,0.0,0.75,0.6875
1991100,454.7381666362108,0.0,0.5625,0.578125
1991200,454.74465144714907,0.0,0.625,0.734375
1991300,454.75222852232315,0.0,0.6875,0.65625
1991400,454.764215379823,0.0,0.625,0.671875
1991500,454.7676039156392,0.0,0.75,0.6875
1991600,454.77195340633926,0.0,0.6875,0.703125
1991700,454.77812418957586,0.0,0.5625,0.59375
1991800,454.7830743258231,0.0,0.5625,0.703125
1991900,454.7864594987376,0.0,0.75,0.71875
1992000,454.7894370646512,0.0,0.5625,0.640625
1992100,454.79407528433404,0.0,0.5625,0.59375
1992200,454.79819048785475,0.0,0.5625,0.65625
1992300,454.8035629256122,0.0,0.6875,0.6875
1992400,454.80909429988566,0.0,0.625,0.6875
1992500,454.8116909247798,0.0,0.6875,0.671875
1992600,454.81865371378433,0.0,0.5625,0.671875
1992700,454.82701487039105,0.0,0.625,0.59375
1992800,454.83010061199076,0.0,0.6875,0.734375
1992900,454.8353809798475,0.0,0.625,0.703125
1993000,454.84122709607846,0.0,0.5625,0.578125
1993100,454.84228077011426,0.0,0.625,0.71875
1993200,454.8483887172944,0.0,0.8125,0.703125
1993300,454.85271054257896,0.0,0.625,0.578125
1993400,454.8636852392869,0.0,0.6875,0.640625
1993500,454.868770447122,0.0,0.5,0.671875
1993600,454.88183102210496,0.0,0.625,0.5
1993700,454.8968134128648,0.0,0.75,0.625
1993800,454.90141993482865,0.0,0.625,0.59375
1993900,454.90528566570816,0.0,0.625,0.609375
1994000,454.9082339546687,0.0,0.6875,0.703125
1994100,454.91016527280124,0.0,0.625,0.671875
1994200,454.9153732566151,0.0,0.5625,0.546875
1994300,454.92310416632205,0.0,0.6875,0.5625
1994400,454.92946676766115,0.0,0.8125,0.65625
1994500,454.93557978723857,0.0,0.6875,0.5
1994600,454.94251518248683,0.0,0.625,0.546875
1994700,454.95176040760464,0.0,0.5625,0.609375
1994800,454.9548055868392,0.0,0.5625,0.59375
1994900,454.96357125630016,0.0,0.5,0.59375
1995000,454.9687492794239,0.0,0.5,0.59375
1995100,454.9768640258257,0.0,0.625,0.6875
1995200,454.98411981023696,0.0,0.5,0.609375
1995300,454.99221535422873,0.0,0.75,0.671875
1995400,454.99978030917407,0.0,0.6875,0.578125
1995500,455.00352954225554,0.0,0.6875,0.703125
1995600,455.01168442011317,0.0,0.625,0.640625
1995700,455.01965216411713,0.0,0.625,0.6875
1995800,455.02601883258995,0.0,0.5625,0.546875
1995900,455.0297493140914,0.0,0.625,0.65625
1996000,455.03314188980744,0.0,0.6875,0.71875
1996100,455.04247542048756,0.0,0.625,0.5625
1996200,455.04855676988456,0.0,0.6875,0.640625
1996300,455.05274898965604,0.0,0.625,0.65625
1996400,455.0560357567283,0.0,0.8125,0.671875
1996500,455.06541794753525,0.0,0.625,0.609375
1996600,455.07171656222096,0.0,0.5625,0.59375
1996700,455.0799888562842,0.0,0.5,0.671875
1996800,455.0837932407605,0.0,0.5625,0.609375
1996900,455.089023519664,0.0,0.75,0.640625
1997000,455.09109655445656,0.0,0.625,0.625
1997100,455.0935350906407,0.0,0.5625,0.71875
1997200,455.0962488288744,0.0,0.8125,0.65625
1997300,455.0986436541316,0.0,0.8125,0.59375
1997400,455.1093488711414,0.0,0.625,0.703125
1997500,455.112271461941,0.0,0.6875,0.59375
1997600,455.11553966269173,0.0,0.5,0.6875
1997700,455.1205007621516,0.0,0.5625,0.640625
1997800,455.12327827149795,0.0,0.625,0.625
1997900,455.1305233916367,0.0,0.5625,0.515625
1998000,455.1356118038446,0.0,0.6875,0.671875
1998100,455.143719256848,0.0,0.75,0.734375
1998200,455.14727366372006,0.0,0.5,0.71875
1998300,455.15395619174194,0.0,0.5,0.609375
1998400,455.1574960489738,0.0,0.625,0.703125
1998500,455.16308924124144,0.0,0.5625,0.65625
1998600,455.1693065219446,0.0,0.5625,0.546875
1998700,455.17298098206294,0.0,0.6875,0.75
1998800,455.17659898741806,0.0,0.5625,0.734375
1998900,455.18150290795893,0.0,0.5625,0.65625
1999000,455.1899257720413,0.0,0.625,0.75
1999100,455.1944669490465,0.0,0.75,0.765625
1999200,455.19809647308244,0.0,0.625,0.625
1999300,455.20174155870507,0.0,0.625,0.640625
1999400,455.20708314914026,0.0,0.625,0.640625
1999500,455.20732034115997,0.0,0.6875,0.53125
1999600,455.2123303554559,0.0,0.6875,0.703125
1999700,455.2144374585744,0.0,0.5,0.5625
1999800,455.21951003824626,0.0,0.625,0.671875
1999900,455.228138592305,0.0,0.5625,0.640625
2000000,304.3738295165233,0.0,0.6875,0.6875
2000100,325.35199522798086,0.0,0.6875,0.75
2000200,334.1115835269765,0.0,0.6875,0.53125
2000300,376.47887488389983,0.0,0.625,0.6875
2000400,405.3190424569933,0.0,0.6875,0.671875
2000500,407.9276044727171,0.0,0.5625,0.546875
2000600,410.6117956255315,0.0,0.6875,0.671875
2000700,413.01262075323143,0.0,0.6875,0.59375
2000800,415.38442790663214,0.0,0.8125,0.65625
2000900,416.43975953876287,0.0,0.6875,0.640625
2001000,417.2908924935189,0.0,0.625,0.609375
2001100,417.8869469422567,0.0,0.6875,0.640625
2001200,419.1325469650817,0.0,0.6875,0.71875
2001300,420.1976099760463,0.0,0.6875,0.65625
2001400,420.925241701246,0.0,0.75,0.6875
2001500,421.55860624622926,0.0,0.8125,0.703125
2001600,422.5227464620733,0.0,0.6875,0.609375
2001700,423.1455098543943,0.0,0.625,0.625
2001800,424.01023748421505,0.0,0.625,0.640625
2001900,424.8636675430628,0.0,0.6875,0.6875
2002000,425.39101371663,0.0,0.625,0.6875
2002100,426.0279537414624,0.0,0.5,0.65625
2002200,426.61665069977556,0.0,0.6875,0.78125
2002300,427.3699924644871,0.0,0.6875,0.671875
2002400,427.60017696714993,0.0,0.5625,0.625
2002500,427.9757080520803,0.0,0.5,0.671875
2002600,428.5011593630544,0.0,0.625,0.640625
2002700,428.90583656042975,0.0,0.625,0.828125
2002800,429.45210676658263,0.0,0.6875,0.65625
2002900,430.02560460721367,0.0,0.625,0.703125
2003000,430.35849626241014,0.0,0.5,0.640625
2003100,430.7274191411236,0.0,0.5625,0.625
2003200,431.0682844055873,0.0,0.6875,0.625
2003300,431.47799096528803,0.0,0.8125,0.703125
2003400,431.75976467027976,0.0,0.5625,0.5625
2003500,432.05639519789577,0.0,0.625,0.53125
2003600,432.4687612647987,0.0,0.6875,0.703125
2003700,432.69920365811146,0.0,0.625,0.578125
2003800,432.94820317303305,0.0,0.625,0.734375
2003900,433.1820984497079,0.0,0.6875,0.640625
2004000,433.39344678587236,0.0,0.6875,0.71875
2004100,433.87737422407065,0.0,0.5625,0.6875
2004200,434.0574456692531,0.0,0.625,0.640625
2004300,434.3212535170114,0.0,0.625,0.625
2004400,434.4928005052356,0.0,0.6875,0.609375
2004500,434.79817377973,0.0,0.6875,0.703125
2004600,435.0666943010373,0.0,0.5,0.59375
2004700,435.284212815251,0.0,0.5,0.578125
2004800,435.5194999552849,0.0,0.5625,0.59375
2004900,435.8320357399518,0.0,0.625,0.6875
2005000,436.0352176897029,0.0,0.6875,0.6875
2005100,436.14452694895294,0.0,0.625,0.703125
2005200,436.2994003800537,0.0,0.75,0.6875
2005300,436.6425397048315,0.0,0.6875,0.59375
2005400,436.77728232598986,0.0,0.625,0.59375
2005500,436.95364715382607,0.0,0.625,0.59375
2005600,437.06563817926485,0.0,0.6875,0.5625
2005700,437.2327067756087,0.0,0.6875,0.703125
2005800,437.4088938823306,0.0,0.625,0.671875
2005900,437.4877016734665,0.0,0.5,0.640625
2006000,437.6203650230134,0.0,0.625,0.59375
2006100,437.7827843589623,0.0,0.625,0.75
2006200,437.8684549427728,0.0,0.625,0.578125
2006300,437.9324192479187,0.0,0.5625,0.640625
2006400,438.01846597114104,0.0,0.6875,0.625
2006500,438.15667546689724,0.0,0.625,0.671875
2006600,438.3099604928361,0.0,0.6875,0.6875
2006700,438.3909125534442,0.0,0.6875,0.609375
2006800,438.4346610392245,0.0,0.5625,0.671875
2006900,438.48266267680737,0.0,0.625,0.65625
2007000,438.55253168491873,0.0,0.6875,0.75
2007100,438.6259299554645,0.0,0.625,0.6875
2007200,438.66504977721456,0.0,0.6875,0.640625
2007300,438.7744975924374,0.0,0.6875,0.5625
2007400,438.8111172100055,0.0,0.375,0.578125
2007500,438.8529585602802,0.0,0.75,0.59375
2007600,438.88818299983984,0.0,0.5625,0.546875
2007700,439.0212698752314,0.0,0.8125,0.65625
2007800,439.072842453359,0.0,0.6875,0.78125
2007900,439.1212363738963,0.0,0.75,0.46875
2008000,439.1666356951138,0.0,0.6875,0.65625
2008100,439.20126235226746,0.0,0.625,0.671875
2008200,439.3473913398699,0.0,0.625,0.640625
2008300,439.3857054274172,0.0,0.5625,0.703125
2008400,439.51176188767886,0.0,0.625,0.703125
2008500,439.5511045090005,0.0,0.6875,0.640625
2008600,439.5980901291136,0.0,0.625,0.734375
2008700,439.69914239526616,0.0,0.625,0.578125
2008800,439.73009161862285,0.0,0.6875,0.71875
2008900,439.7401494151365,0.0,0.6875,0.625
2009000,439.7845449347021,0.0,0.5625,0.703125
2009100,439.9000905770173,0.0,0.625,0.6875
2009200,439.95760303323044,0.0,0.5625,0.578125
2009300,439.9729158584474,0.0,0.75,0.59375
2009400,440.0561852877797,0.0,0.6875,0.59375
2009500,440.10976914462617,0.0,0.625,0.484375
2009600,440.1215514971736,0.0,0.6875,0.625
2009700,440.1869663916642,0.0,0.625,0.703125
2009800,440.230518034539,0.0,0.5,0.609375
2009900,440.2635074503982,0.0,0.6875,0.609375
2010000,440.2720303503814,0.0,0.5625,0.515625
2010100,440.2877699963489,0.0,0.625,0.671875
2010200,440.4121024161223,0.0,0.5625,0.59375
2010300,440.4230201638749,0.0,0.625,0.734375
2010400,440.4415645511824,0.0,0.625,0.65625
2010500,440.46998722714244,0.0,0.6875,0.5625
2010600,440.4764398346512,0.0,0.6875,0.6875
2010700,440.4840787212948,0.0,0.5625,0.625
2010800,440.5836846747744,0.0,0.625,0.546875
2010900,440.601407142011,0.0,0.5625,0.578125
2011000,440.62781708909483,0.0,0.75,0.671875
2011100,440.6470955979387,0.0,0.5625,0.609375
2011200,440.66118103589713,0.0,0.5625,0.640625
2011300,440.7165287063412,0.0,0.625,0.671875
2011400,440.7384967924226,0.0,0.625,0.640625
2011500,440.78371920729325,0.0,0.625,0.609375
2011600,440.8314205530663,0.0,0.625,0.609375
2011700,440.8516152067826,0.0,0.4375,0.515625
2011800,440.875872130298,0.0,0.5625,0.53125
2011900,440.91422697642685,0.0,0.75,0.671875
2012000,440.9191288050919,0.0,0.5,0.65625
2012100,440.9344418674314,0.0,0.625,0.65625
2012200,441.0723641926128,0.0,0.75,0.609375
2012300,441.09330473175885,0.0,0.625,0.65625
2012400,441.1153669827763,0.0,0.75,0.609375
2012500,441.1351214819398,0.0,0.4375,0.59375
2012600,441.14797390103683,0.0,0.5625,0.59375
2012700,441.1696364023935,0.0,0.625,0.6875
2012800,441.2590440839975,0.0,0.75,0.59375
2012900,441.27514042046613,0.0,0.5,0.640625
2013000,441.2967702542717,0.0,0.625,0.578125
2013100,441.3748590811814,0.0,0.625,0.65625
2013200,441.5153601611492,0.0,0.6875,0.625
2013300,441.54193186633756,0.0,0.6875,0.65625
2013400,441.57864566712396,0.0,0.625,0.640625
2013500,441.61651378543434,0.0,0.6875,0.5625
2013600,441.8327260042971,0.0,0.6875,0.703125
2013700,441.84861402090513,0.0,0.625,0.703125
2013800,441.9331942306095,0.0,0.625,0.625
2013900,441.9946762247731,0.0,0.875,0.65625
2014000,442.02593113550347,0.0,0.625,0.59375
2014100,442.15203915896984,0.0,0.6875,0.546875
2014200,442.1746069247064,0.0,0.8125,0.578125
2014300,442.2186967576916,0.0,0.625,0.65625
2014400,442.2502947056368,0.0,0.8125,0.578125
2014500,442.25867054529994,0.0,0.625,0.6875
2014600,442.27243222984856,0.0,0.625,0.59375
2014700,442.2839715576536,0.0,0.75,0.65625
2014800,442.30317712817646,0.0,0.6875,0.65625
2014900,442.32390967281054,0.0,0.75,0.640625
2015000,442.3349412553535,0.0,0.75,0.671875
2015100,442.39727680016324,0.0,0.5625,0.625
2015200,442.42987458663714,0.0,0.625,0.65625
2015300,442.43697089116137,0.0,0.625,0.703125
2015400,442.46322695254855,0.0,0.6875,0.640625
2015500,442.4807877493557,0.0,0.5625,0.65625
2015600,442.49450614407186,0.0,0.5,0.578125
2015700,442.50784342414187,0.0,0.5625,0.671875
2015800,442.5446926511943,0.0,0.625,0.765625
2015900,442.6020643266543,0.0,0.625,0.578125
2016000,442.7475859802379,0.0,0.8125,0.609375
2016100,442.7645773848438,0.0,0.625,0.53125
2016200,442.8796847994801,0.0,0.5,0.625
2016300,442.8856405591985,0.0,0.6875,0.640625
2016400,443.00286789309,0.0,0.5625,0.59375
2016500,443.021854996087,0.0,0.625,0.5625
2016600,443.1410669885579,0.0,0.75,0.59375
2016700,443.34883954319935,0.0,0.5625,0.78125
2016800,443.43709382968626,0.0,0.6875,0.6875
2016900,443.51982173441814,0.0,0.8125,0.578125
2017000,443.5471775543739,0.0,0.625,0.578125
2017100,443.55711316620403,0.0,0.625,0.6875
2017200,443.6180402473393,0.0,0.6875,0.65625
2017300,443.71466870177625,0.0,0.6875,0.609375
2017400,443.739919503708,0.0,0.625,0.5625
2017500,443.7508581372404,0.0,0.75,0.546875
2017600,443.76480783817584,0.0,0.625,0.65625
2017700,443.78663721947476,0.0,0.6875,0.625
2017800,443.83573476378496,0.0,0.75,0.609375
2017900,443.8615871235115,0.0,0.5625,0.625
2018000,443.8796018541081,0.0,0.8125,0.6875
2018100,443.885488806337,0.0,0.625,0.640625
2018200,443.8958847000605,0.0,0.6875,0.546875
2018300,443.91066720349147,0.0,0.625,0.65625
2018400,443.93979975110966,0.0,0.8125,0.640625
2018500,443.94691884975754,0.0,0.625,0.59375
2018600,443.9959433088085,0.0,0.6875,0.53125
2018700,444.0076245704173,0.0,0.6875,0.515625
2018800,444.0274241289643,0.0,0.5,0.609375
2018900,444.0591619810406,0.0,0.625,0.578125
2019000,444.0616967657903,0.0,0.8125,0.671875
2019100,444.07245955623273,0.0,0.6875,0.5
2019200,444.20980380811045,0.0,0.625,0.71875
2019300,444.26354475126436,0.0,0.625,0.671875
2019400,444.2769969006842,0.0,0.6875,0.59375
2019500,444.2937276746321,0.0,0.8125,0.625
2019600,444.30100366473135,0.0,0.625,0.5625
2019700,444.3249854280372,0.0,0.625,0.703125
2019800,444.4165819773922,0.0,0.625,0.625
2019900,444.4280685295894,0.0,0.5625,0.671875
2020000,444.46312936958014,0.0,0.8125,0.6875
2020100,444.4692700954725,0.0,0.6875,0.5625
2020200,444.4830781536933,0.0,0.75,0.625
2020300,444.5504590693784,0.0,0.6875,0.6875
2020400,444.6119815618374,0.0,0.625,0.65625
2020500,444.74055804796,0.0,0.625,0.5625
2020600,444.78392994605747,0.0,0.6875,0.640625
2020700,444.93807089780535,0.0,0.625,0.609375
2020800,444.9671040223557,0.0,0.625,0.578125
2020900,444.9862109115112,0.0,0.6875,0.59375
2021000,445.0021637067784,0.0,0.6875,0.6875
2021100,445.0287345777991,0.0,0.6875,0.671875
2021200,445.06134299146,0.0,0.75,0.578125
2021300,445.06551407051086,0.0,0.6875,0.78125
2021400,445.0845741471762,0.0,0.6875,0.71875
2021500,445.0858263250289,0.0,0.75,0.625
2021600,445.0974131535366,0.0,0.75,0.703125
2021700,445.1142470916241,0.0,0.6875,0.671875
2021800,445.13438694633703,0.0,0.625,0.59375
2021900,445.15890511028067,0.0,0.6875,0.578125
2022000,445.19808859981697,0.0,0.6875,0.65625
2022100,445.2046073082685,0.0,0.75,0.46875
2022200,445.2169444634318,0.0,0.75,0.53125
2022300,445.23158661053577,0.0,0.6875,0.640625
2022400,445.2585421676277,0.0,0.6875,0.625
2022500,445.2731003205232,0.0,0.75,0.703125
2022600,445.30349703821753,0.0,0.8125,0.65625
2022700,445.3070261937295,0.0,0.75,0.609375
2022800,445.33194949049886,0.0,0.5625,0.734375
2022900,445.3461646494544,0.0,0.6875,0.703125
2023000,445.3522329002955,0.0,0.6875,0.5625
2023100,445.3639076729718,0.0,0.625,0.5625
2023200,445.37857159211774,0.0,0.6875,0.703125
2023300,445.4675628169352,0.0,0.8125,0.640625
2023400,445.4758024904061,0.0,0.625,0.625
2023500,445.4950655690372,0.0,0.625,0.640625
2023600,445.5088907392145,0.0,0.5625,0.640625
2023700,445.5354113650788,0.0,0.625,0.578125
2023800,445.5407508135637,0.0,0.6875,0.65625
2023900,445.5425314427965,0.0,0.75,0.515625
2024000,445.5605073433918,0.0,0.75,0.625
2024100,445.57089466063564,0.0,0.75,0.671875
2024200,445.58226873198475,0.0,0.75,0.59375
2024300,445.59126664413554,0.0,0.5625,0.671875
2024400,445.78237811880814,0.0,0.75,0.6875
2024500,445.90231341784505,0.0,0.75,0.703125
2024600,445.91561525328933,0.0,0.625,0.609375
2024700,445.94099750542017,0.0,0.6875,0.625
2024800,445.96182384710903,0.0,0.625,0.6875
2024900,445.97547773860765,0.0,0.625,0.640625
2025000,245.82097909109694,0.0,0.8125,0.703125
2025100,246.0329395950869,0.0,0.75,0.609375
2025200,246.30143962876338,0.0,0.625,0.4375
2025300,246.52043668357322,0.0,0.75,0.75
2025400,246.75184607416682,0.0,0.6875,0.625
2025500,247.34251947054486,0.0,0.75,0.65625
2025600,247.83543163479806,0.0,0.625,0.671875
2025700,248.27184457497452,0.0,0.625,0.703125
2025800,249.17492995962513,0.0,0.625,0.546875
2025900,250.1067491360565,0.0,0.75,0.5625
2026000,251.9180531439754,0.0,0.6875,0.609375
2026100,254.76486042340892,0.0,0.5625,0.609375
2026200,258.4126355294428,0.0,0.6875,0.59375
2026300,261.5181717906971,0.0,0.6875,0.65625
2026400,272.5964648676144,0.0,0.6875,0.734375
2026500,279.2219918703175,0.0,0.75,0.734375
2026600,298.65727597244074,0.0,0.6875,0.5625
2026700,315.62184783005796,0.0,0.75,0.6875
2026800,323.02646362249,0.0,0.625,0.640625
2026900,327.8324476390539,0.0,0.625,0.609375
2027000,331.95863699487285,0.0,0.625,0.578125
2027100,333.7097933723552,0.0,0.75,0.625
2027200,334.46451148688436,0.0,0.625,0.71875
2027300,335.0008041989282,0.0,0.6875,0.734375
2027400,335.6664004101861,0.0,0.6875,0.5625
2027500,336.0932915686714,0.0,0.625,0.734375
2027600,336.3089449401757,0.0,0.6875,0.625
2027700,336.63549079432323,0.0,0.6875,0.640625
2027800,336.8862678474719,0.0,0.75,0.625
2027900,337.13064174523254,0.0,0.75,0.578125
2028000,337.3570739918285,0.0,0.75,0.671875
2028100,337.62589757820865,0.0,0.6875,0.75
2028200,337.9239196344354,0.0,0.625,0.65625
2028300,338.0525839798176,0.0,0.75,0.5625
2028400,338.2814591681779,0.0,0.75,0.609375
2028500,338.4931929112983,0.0,0.5,0.703125
2028600,338.7078797198179,0.0,0.5,0.59375
2028700,339.0382445318506,0.0,0.625,0.65625
2028800,339.28850275846474,0.0,0.625,0.59375
2028900,339.5700398754489,0.0,0.6875,0.71875
2029000,339.8435613858446,0.0,0.75,0.578125
2029100,340.027656840376,0.0,0.6875,0.71875
2029200,340.17939522075557,0.0,0.75,0.71875
2029300,340.46268876568695,0.0,0.6875,0.6875
2029400,340.60574615362964,0.0,0.75,0.546875
2029500,340.8910714330388,0.0,0.6875,0.703125
2029600,341.25540510680975,0.0,0.6875,0.6875
2029700,341.45729587800565,0.0,0.6875,0.71875
2029800,341.96298465774805,0.0,0.75,0.734375
2029900,342.63072886760114,0.0,0.625,0.671875
2030000,342.96939731461055,0.0,0.5625,0.59375
2030100,343.32144795021514,0.0,0.8125,0.65625
2030200,343.758439641833,0.0,0.625,0.546875
2030300,344.58954386863684,0.0,0.75,0.703125
2030400,344.8782057610821,0.0,0.5625,0.65625
2030500,345.7575470899123,0.0,0.75,0.625
2030600,346.3572945839993,0.0,0.75,0.6875
2030700,346.7480093983307,0.0,0.6875,0.609375
2030800,348.6853945663177,0.0,0.6875,0.625
2030900,349.47858696600576,0.0,0.6875,0.59375
2031000,351.30286332942444,0.0,0.75,0.734375
2031100,355.3392666720695,0.0,0.75,0.59375
2031200,362.54188429316895,0.0,0.75,0.640625
2031300,414.8094183631132,0.0,0.6875,0.5625
2031400,429.0511636927123,0.0,0.625,0.640625
2031500,433.756897863449,0.0,0.75,0.625
2031600,436.86673936926496,0.0,0.625,0.625
2031700,439.1424904672952,0.0,0.5,0.59375
2031800,441.04296143518053,0.0,0.75,0.71875
2031900,442.611558412365,0.0,0.75,0.578125
2032000,443.34495728009904,0.0,0.5625,0.59375
2032100,444.2673096518023,0.0,0.625,0.609375
2032200,444.9784952780388,0.0,0.625,0.640625
2032300,445.6373019856641,0.0,0.6875,0.5625
2032400,446.11117778060395,0.0,0.5625,0.515625
2032500,446.55511111851735,0.0,0.6875,0.578125
2032600,446.8017853175061,0.0,0.6875,0.640625
2032700,447.10621994992243,0.0,0.5625,0.640625
2032800,447.6064104734742,0.0,0.6875,0.5625
2032900,447.82979826207935,0.0,0.625,0.5625
2033000,448.02716488898744,0.0,0.625,0.515625
2033100,448.21901328184526,0.0,0.6875,0.671875
2033200,448.39917053400563,0.0,0.5625,0.515625
2033300,448.65577441311933,0.0,0.75,0.71875
2033400,448.77703768405786,0.0,0.6875,0.59375
2033500,449.0023235225916,0.0,0.5625,0.546875
2033600,449.1604255401973,0.0,0.625,0.75
2033700,449.41374014206116,0.0,0.75,0.703125
2033800,449.5605000287357,0.0,0.625,0.609375
2033900,449.6322166319081,0.0,0.75,0.703125
2034000,449.6749558811382,0.0,0.5625,0.546875
2034100,449.76489294531166,0.0,0.75,0.546875
2034200,449.9320133381497,0.0,0.6875,0.671875
2034300,450.0660172649271,0.0,0.75,0.5625
2034400,450.2286961468548,0.0,0.6875,0.65625
2034500,450.3471654705288,0.0,0.6875,0.65625
2034600,450.384855430578,0.0,0.625,0.625
2034700,450.5124250316464,0.0,0.5625,0.578125
2034800,450.6706274518957,0.0,0.625,0.609375
2034900,450.79188025684437,0.0,0.6875,0.703125
2035000,450.83605612273726,0.0,0.75,0.625
2035100,450.8985490615391,0.0,0.8125,0.59375
2035200,450.97525098716125,0.0,0.75,0.734375
2035300,451.05511920036537,0.0,0.5625,0.484375
2035400,451.08793789034183,0.0,0.8125,0.65625
2035500,451.11651953118195,0.0,0.625,0.65625
2035600,451.12780396049163,0.0,0.8125,0.59375
2035700,451.1488681285674,0.0,0.5625,0.671875
2035800,451.17512507137604,0.0,0.8125,0.671875
2035900,451.2146315186575,0.0,0.625,0.625
2036000,451.2717482936659,0.0,0.6875,0.65625
2036100,451.31581112629897,0.0,0.6875,0.71875
2036200,451.34063454562903,0.0,0.625,0.671875
2036300,451.3614302250933,0.0,0.625,0.6875
2036400,451.40251106353907,0.0,0.6875,0.609375
2036500,451.42462185393725,0.0,0.625,0.703125
2036600,451.43532544616204,0.0,0.625,0.53125
2036700,451.46238617097134,0.0,0.75,0.6875
2036800,451.489929637471,0.0,0.6875,0.671875
2036900,451.538431425119,0.0,0.6875,0.578125
2037000,451.5602449793057,0.0,0.5625,0.625
2037100,451.5829308442053,0.0,0.8125,0.65625
2037200,451.6071025932939,0.0,0.5625,0.625
2037300,451.6575796339165,0.0,0.6875,0.65625
2037400,451.68566569142996,0.0,0.6875,0.625
2037500,451.700200711673,0.0,0.625,0.65625
2037600,451.7286279547753,0.0,0.625,0.625
2037700,451.7531207625849,0.0,0.75,0.65625
2037800,451.76115262427913,0.0,0.625,0.53125
2037900,451.7982447386922,0.0,0.6875,0.546875
2038000,451.8110034692952,0.0,0.6875,0.5625
2038100,451.8274341334694,0.0,0.75,0.671875
2038200,451.8497635072053,0.0,0.5625,0.578125
2038300,451.8828805460674,0.0,0.5625,0.703125
2038400,451.8969194635743,0.0,0.6875,0.53125
2038500,451.9128328710296,0.0,0.6875,0.625
2038600,452.0471936436222,0.0,0.75,0.59375
2038700,452.06901904902594,0.0,0.625,0.65625
2038800,452.09567973921133,0.0,0.6875,0.65625
2038900,452.13050855507066,0.0,0.75,0.640625
2039000,452.1533734633138,0.0,0.6875,0.5625
2039100,452.17106185618735,0.0,0.5625,0.703125
2039200,452.2005205342092,0.0,0.625,0.625
2039300,452.2193634341254,0.0,0.6875,0.609375
2039400,452.23203165423865,0.0,0.5625,0.703125
2039500,452.243833803183,0.0,0.8125,0.765625
2039600,452.26665147423125,0.0,0.75,0.625
2039700,452.2811308343112,0.0,0.8125,0.71875
2039800,452.28836933878927,0.0,0.6875,0.609375
2039900,452.3097476330263,0.0,0.75,0.703125
2040000,452.32467927583343,0.0,0.5625,0.546875
2040100,452.3449684811484,0.0,0.625,0.640625
2040200,452.37735308099633,0.0,0.625,0.65625
2040300,452.38508724873947,0.0,0.5625,0.59375
2040400,452.4335599068751,0.0,0.6875,0.609375
2040500,452.4627173155231,0.0,0.75,0.703125
2040600,452.47422781695224,0.0,0.75,0.671875
2040700,452.49830902096977,0.0,0.625,0.734375
2040800,452.5097639535722,0.0,0.6875,0.625
2040900,452.53339632385865,0.0,0.625,0.6875
2041000,452.5477863003377,0.0,0.75,0.640625
2041100,452.5642571681738,0.0,0.75,0.609375
2041200,452.5823698497843,0.0,0.75,0.71875
2041300,452.6020262844971,0.0,0.625,0.59375
2041400,452.6179175510614,0.0,0.6875,0.625
2041500,452.63666117002214,0.0,0.6875,0.640625
2041600,452.65575927803917,0.0,0.625,0.65625
2041700,452.67083348676033,0.0,0.6875,0.59375
2041800,452.7155711294886,0.0,0.5625,0.640625
2041900,452.7232574971406,0.0,0.75,0.578125
2042000,452.73054976316286,0.0,0.75,0.65625
2042100,452.73889847883487,0.0,0.5625,0.640625
2042200,452.75485591494305,0.0,0.5625,0.671875
2042300,452.76295263272505,0.0,0.6875,0.765625
2042400,452.77943847021,0.0,0.6875,0.578125
2042500,452.7968447826884,0.0,0.6875,0.578125
2042600,452.80837713504667,0.0,0.75,0.71875
2042700,452.8277158589159,0.0,0.625,0.5625
2042800,452.8402941319775,0.0,0.75,0.71875
2042900,452.8674196424242,0.0,0.625,0.65625
2043000,452.88319030832974,0.0,0.6875,0.640625
2043100,452.90514882471297,0.0,0.6875,0.640625
2043200,452.9180019518345,0.0,0.75,0.75
2043300,452.92750398090743,0.0,0.625,0.640625
2043400,452.9385495005286,0.0,0.5625,0.625
2043500,452.94208819085276,0.0,0.75,0.640625
2043600,452.95178244400375,0.0,0.6875,0.578125
2043700,452.9626532101695,0.0,0.625,0.546875
2043800,452.9824132867371,0.0,0.6875,0.671875
2043900,453.00303319572583,0.0,0.75,0.78125
2044000,453.01576635839865,0.0,0.625,0.671875
2044100,453.0297269197981,0.0,0.625,0.5625
2044200,453.0440728776725,0.0,0.75,0.65625
2044300,453.04985776474,0.0,0.625,0.53125
2044400,453.0578047419448,0.0,0.625,0.671875
2044500,453.06240910692526,0.0,0.6875,0.65625
2044600,453.0712781808149,0.0,0.6875,0.71875
2044700,453.08304826456185,0.0,0.6875,0.515625
2044800,453.093814290712,0.0,0.625,0.609375
2044900,453.1109585147477,0.0,0.6875,0.703125
2045000,453.1333450234946,0.0,0.625,0.796875
2045100,453.14544368994876,0.0,0.625,0.609375
2045200,453.15120239602265,0.0,0.625,0.703125
2045300,453.1623888861859,0.0,0.75,0.703125
2045400,453.17022580934713,0.0,0.5625,0.640625
2045500,453.1850909303827,0.0,0.75,0.578125
2045600,453.194706768121,0.0,0.6875,0.6875
2045700,453.2070353843641,0.0,0.625,0.546875
2045800,453.2210720646898,0.0,0.625,0.609375
2045900,453.225253259489,0.0,0.6875,0.71875
2046000,453.2399451482854,0.0,0.625,0.59375
2046100,453.2538422649236,0.0,0.6875,0.546875
2046200,453.25944039502343,0.0,0.5625,0.546875
2046300,453.2761388496646,0.0,0.6875,0.625
2046400,453.29332321847113,0.0,0.625,0.6875
2046500,453.30086896074096,0.0,0.6875,0.640625
2046600,453.30888900317467,0.0,0.6875,0.609375
2046700,453.31237365321596,0.0,0.625,0.671875
2046800,453.3301568796098,0.0,0.875,0.71875
2046900,453.3438876460009,0.0,0.625,0.65625
2047000,453.35080113946896,0.0,0.625,0.671875
2047100,453.36683194517616,0.0,0.75,0.671875
2047200,453.3842227775442,0.0,0.5625,0.703125
2047300,453.40053696844916,0.0,0.6875,0.640625
2047400,453.4086797925623,0.0,0.75,0.5625
2047500,453.4117838629367,0.0,0.6875,0.71875
2047600,453.4277739575226,0.0,0.625,0.609375
2047700,453.4497039457962,0.0,0.625,0.671875
2047800,453.4561736858757,0.0,0.6875,0.640625
2047900,453.48140039460816,0.0,0.625,0.625
2048000,453.4925003049318,0.0,0.6875,0.609375
2048100,453.51868658123726,0.0,0.6875,0.65625
2048200,453.5229584838894,0.0,0.6875,0.65625
2048300,453.54378777618217,0.0,0.6875,0.6875
2048400,453.55535787270964,0.0,0.625,0.65625
2048500,453.58672295533387,0.0,0.6875,0.65625
2048600,453.59676935281504,0.0,0.75,0.5625
2048700,453.6042295808981,0.0,0.6875,0.703125
2048800,453.60790683756994,0.0,0.875,0.546875
2048900,453.6150599944101,0.0,0.5625,0.609375
2049000,453.6215196273198,0.0,0.6875,0.59375
2049100,453.63201208852394,0.0,0.5625,0.65625
2049200,453.6400726888367,0.0,0.75,0.640625
2049300,453.6494263976702,0.0,0.8125,0.703125
2049400,453.65824800352476,0.0,0.625,0.640625
2049500,453.6614179680972,0.0,0.8125,0.671875
2049600,453.6712576594101,0.0,0.75,0.703125
2049700,453.6745374964964,0.0,0.6875,0.578125
2049800,453.6825350918637,0.0,0.625,0.625
2049900,453.69018454310344,0.0,0.6875,0.609375
2050000,245.134324390714,0.0,0.6875,0.5625
2050100,320.8344201670238,0.0,0.6875,0.578125
2050200,331.29958097578947,0.0,0.8125,0.71875
2050300,392.8032420153507,0.0,0.75,0.671875
2050400,412.3852682408009,0.0,0.75,0.75
2050500,417.86286169754925,0.0,0.5625,0.578125
2050600,421.57613052587635,0.0,0.75,0.734375
2050700,424.3709903269511,0.0,0.625,0.59375
2050800,426.92360110065255,0.0,0.8125,0.8125
2050900,429.4553600295282,0.0,0.6875,0.71875
2051000,430.8904117393392,0.0,0.6875,0.640625
2051100,432.4018880257465,0.0,0.75,0.53125
2051200,433.66828414990715,0.0,0.6875,0.6875
2051300,434.8771447649967,0.0,0.75,0.625
2051400,436.047673922241,0.0,0.75,0.671875
2051500,437.24364915451457,0.0,0.75,0.671875
2051600,438.2378087162837,0.0,0.625,0.609375
2051700,439.25085621629245,0.0,0.625,0.640625
2051800,440.237314818437,0.0,0.75,0.703125
2051900,440.7275775694605,0.0,0.6875,0.671875
2052000,441.5096352819947,0.0,0.625,0.640625
2052100,442.02184141164975,0.0,0.75,0.703125
2052200,442.4775194812288,0.0,0.625,0.765625
2052300,442.9776560534934,0.0,0.8125,0.6875
2052400,443.58478107641326,0.0,0.6875,0.59375
2052500,443.9535392027039,0.0,0.5625,0.65625
2052600,444.4088007889838,0.0,0.6875,0.671875
2052700,444.9411796729368,0.0,0.6875,0.65625
2052800,445.20252875241897,0.0,0.75,0.640625
2052900,445.50432190918696,0.0,0.625,0.65625
2053000,445.8306056440003,0.0,0.75,0.65625
2053100,446.166829822083,0.0,0.5625,0.609375
2053200,446.4771400757576,0.0,0.6875,0.65625
2053300,446.78852878714196,0.0,0.75,0.75
2053400,447.04680277273417,0.0,0.75,0.71875
2053500,447.202292349347,0.0,0.8125,0.625
2053600,447.6125707385926,0.0,0.75,0.6875
2053700,447.895761865237,0.0,0.4375,0.609375
2053800,448.195127952752,0.0,0.75,0.765625
2053900,448.41368597324725,0.0,0.8125,0.71875
2054000,448.61163701430377,0.0,0.6875,0.640625
2054100,448.81409633118363,0.0,0.6875,0.625
2054200,449.0697722177283,0.0,0.6875,0.6875
2054300,449.37359662810576,0.0,0.625,0.640625
2054400,449.5055826011048,0.0,0.625,0.625
2054500,449.7113987560934,0.0,0.75,0.6875
2054600,449.9309512371009,0.0,0.625,0.671875
2054700,450.1259959139359,0.0,0.6875,0.71875
2054800,450.2986486594527,0.0,0.625,0.796875
2054900,450.5252844085941,0.0,0.5625,0.65625
2055000,450.6553979342719,0.0,0.6875,0.546875
2055100,450.8878858658318,0.0,0.6875,0.59375
2055200,451.05456792680945,0.0,0.625,0.625
2055300,451.2195325766562,0.0,0.625,0.78125
2055400,451.33890694710226,0.0,0.75,0.6875
2055500,451.42511464154364,0.0,0.625,0.671875
2055600,451.54218583951086,0.0,0.6875,0.625
2055700,451.6536874188111,0.0,0.75,0.703125
2055800,451.7345070153996,0.0,0.6875,0.609375
2055900,451.8430364531289,0.0,0.6875,0.578125
2056000,451.9571152249919,0.0,0.6875,0.765625
2056100,452.0983228138079,0.0,0.75,0.75
2056200,452.1978807980956,0.0,0.625,0.5
2056300,452.26104123278583,0.0,0.6875,0.75
2056400,452.3557484047877,0.0,0.8125,0.75
2056500,452.4416510012108,0.0,0.8125,0.6875
2056600,452.51827544181754,0.0,0.6875,0.5625
2056700,452.57536265097417,0.0,0.75,0.625
2056800,452.6633732461725,0.0,0.5625,0.671875
2056900,452.74968116685636,0.0,0.875,0.671875
2057000,452.8552487392812,0.0,0.625,0.65625
2057100,452.9126261614535,0.0,0.75,0.5625
2057200,452.97931738792767,0.0,0.6875,0.515625
2057300,453.00460178012196,0.0,0.625,0.625
2057400,453.04551172701144,0.0,0.6875,0.671875
2057500,453.1480321303548,0.0,0.75,0.71875
2057600,453.19498660964507,0.0,0.6875,0.65625
2057700,453.23344421206565,0.0,0.5625,0.671875
2057800,453.2541459863819,0.0,0.6875,0.71875
2057900,453.2903199803745,0.0,0.8125,0.734375
2058000,453.3084287235168,0.0,0.75,0.703125
2058100,453.3262566356421,0.0,0.875,0.75
2058200,453.35945173266896,0.0,0.6875,0.625
2058300,453.3863053635667,0.0,0.625,0.609375
2058400,453.40621171474413,0.0,0.75,0.703125
2058500,453.44839286723254,0.0,0.6875,0.703125
2058600,453.4945219308228,0.0,0.75,0.6875
2058700,453.5366570339129,0.0,0.75,0.578125
2058800,453.5569931464458,0.0,0.5625,0.5625
2058900,453.58297621528374,0.0,0.6875,0.6875
2059000,453.5878775647114,0.0,0.6875,0.609375
2059100,453.61843585080055,0.0,0.6875,0.6875
2059200,453.6529338620429,0.0,0.5625,0.578125
2059300,453.67158910169263,0.0,0.75,0.71875
2059400,453.6958961223471,0.0,0.6875,0.6875
2059500,453.7055712814971,0.0,0.6875,0.65625
2059600,453.72095882971666,0.0,0.6875,0.6875
2059700,453.7242151399845,0.0,0.625,0.59375
2059800,453.72799510731835,0.0,0.75,0.734375
2059900,453.7545235210813,0.0,0.6875,0.703125
2060000,453.76065697514656,0.0,0.5625,0.671875
2060100,453.77444254666756,0.0,0.5,0.578125
2060200,453.7965084417161,0.0,0.75,0.671875
2060300,453.8111212217594,0.0,0.75,0.6875
2060400,453.8368095991636,0.0,0.6875,0.6875
2060500,453.85328855009004,0.0,0.75,0.625
2060600,453.8618740664256,0.0,0.625,0.703125
2060700,453.8928563242818,0.0,0.8125,0.71875
2060800,453.9003059142414,0.0,0.625,0.703125
2060900,453.9029614728356,0.0,0.5625,0.734375
2061000,453.92126118120547,0.0,0.6875,0.640625
2061100,453.9424432715744,0.0,0.8125,0.703125
2061200,453.9545743749706,0.0,0.625,0.640625
2061300,453.971078367829,0.0,0.6875,0.59375
2061400,453.97925988036025,0.0,0.6875,0.65625
2061500,453.98209390451194,0.0,0.8125,0.75
2061600,453.98718913921596,0.0,0.6875,0.65625
2061700,453.9905805821511,0.0,0.75,0.671875
2061800,453.9983493077969,0.0,0.5625,0.59375
2061900,454.00887085837087,0.0,0.625,0.625
2062000,454.0153489316066,0.0,0.75,0.6875
2062100,454.02858351909276,0.0,0.8125,0.71875
2062200,454.0351208673347,0.0,0.75,0.75
2062300,454.0384913863979,0.0,0.625,0.625
2062400,454.04876079324754,0.0,0.75,0.671875
2062500,454.05607717534605,0.0,0.75,0.65625
2062600,454.0633401625706,0.0,0.75,0.625
2062700,454.06959885947765,0.0,0.6875,0.6875
2062800,454.0735078037284,0.0,0.6875,0.71875
2062900,454.07482739081945,0.0,0.75,0.734375
2063000,454.0825086240364,0.0,0.625,0.5625
2063100,454.08547911151305,0.0,0.6875,0.6875
2063200,454.09710928000425,0.0,0.6875,0.703125
2063300,454.1014847384343,0.0,0.625,0.65625
2063400,454.11586121632655,0.0,0.625,0.640625
2063500,454.12675203546695,0.0,0.625,0.8125
2063600,454.1365960282065,0.0,0.8125,0.6875
2063700,454.14176154537,0.0,0.5625,0.703125
2063800,454.1528173467362,0.0,0.6875,0.671875
2063900,454.16054573694856,0.0,0.625,0.703125
2064000,454.1651776121795,0.0,0.6875,0.5625
2064100,454.1728252681036,0.0,0.5625,0.546875
2064200,454.1788708394503,0.0,0.75,0.6875
2064300,454.18389616342586,0.0,0.75,0.6875
2064400,454.1895315205795,0.0,0.75,0.671875
2064500,454.19615213959213,0.0,0.75,0.75
2064600,454.20477561563456,0.0,0.625,0.5625
2064700,454.21634592666135,0.0,0.6875,0.734375
2064800,454.22162762396886,0.0,0.625,0.6875
2064900,454.22750184289436,0.0,0.8125,0.578125
2065000,454.23153131938744,0.0,0.625,0.640625
2065100,454.23595147999396,0.0,0.6875,0.6875
2065200,454.2487240352062,0.0,0.6875,0.640625
2065300,454.2646445705066,0.0,0.6875,0.625
2065400,454.27308865387,0.0,0.625,0.703125
2065500,454.27714426046373,0.0,0.75,0.59375
2065600,454.2838358585334,0.0,0.6875,0.796875
2065700,454.3041800545273,0.0,0.8125,0.734375
2065800,454.3164502187094,0.0,0.8125,0.71875
2065900,454.3227442562168,0.0,0.625,0.671875
2066000,454.3270189680015,0.0,0.75,0.6875
2066100,454.33352901419624,0.0,0.8125,0.625
2066200,454.3422329058921,0.0,0.625,0.65625
2066300,454.3566936271883,0.0,0.625,0.625
2066400,454.36130120333445,0.0,0.8125,0.625
2066500,454.3665813751427,0.0,0.625,0.75
2066600,454.37164208558295,0.0,0.625,0.625
2066700,454.37501803765156,0.0,0.5625,0.6875
2066800,454.4125894110133,0.0,0.8125,0.640625
2066900,454.4220101344961,0.0,0.8125,0.71875
2067000,454.4266466389288,0.0,0.625,0.65625
2067100,454.43291767360745,0.0,0.625,0.625
2067200,454.43518105535907,0.0,0.625,0.640625
2067300,454.4441951369768,0.0,0.625,0.734375
2067400,454.44934923047106,0.0,0.625,0.671875
2067500,454.4613775909037,0.0,0.6875,0.640625
2067600,454.472499020227,0.0,0.75,0.75
2067700,454.47836608134367,0.0,0.625,0.6875
2067800,454.487170235244,0.0,0.625,0.671875
2067900,454.4897645901462,0.0,0.5625,0.65625
2068000,454.4989604407785,0.0,0.5625,0.671875
2068100,454.5049618199907,0.0,0.5625,0.671875
2068200,454.5109617588691,0.0,0.6875,0.703125
2068300,454.5183932881166,0.0,0.6875,0.625
2068400,454.52729143439694,0.0,0.6875,0.65625
2068500,454.53405131621054,0.0,0.75,0.703125
2068600,454.54388055732073,0.0,0.625,0.609375
2068700,454.5512051523397,0.0,0.6875,0.6875
2068800,454.5599659650096,0.0,0.6875,0.65625
2068900,454.56612577271443,0.0,0.875,0.71875
2069000,454.57394458068586,0.0,0.75,0.625
2069100,454.58042571791003,0.0,0.625,0.765625
2069200,454.58681207704,0.0,0.625,0.6875
2069300,454.59188323239243,0.0,0.75,0.6875
2069400,454.5966536515016,0.0,0.625,0.671875
2069500,454.6013483004955,0.0,0.6875,0.78125
2069600,454.608766987403,0.0,0.75,0.703125
2069700,454.62262716228025,0.0,0.6875,0.734375
2069800,454.6278845587461,0.0,0.6875,0.6875
2069900,454.63992056913884,0.0,0.75,0.71875
2070000,454.6447531974763,0.0,0.5625,0.671875
2070100,454.649951537883,0.0,0.625,0.578125
2070200,454.6526376282615,0.0,0.6875,0.609375
2070300,454.66213272147024,0.0,0.5625,0.640625
2070400,454.67832053925304,0.0,0.625,0.703125
2070500,454.6896487812863,0.0,0.5,0.59375
2070600,454.6973848357672,0.0,0.75,0.640625
2070700,454.7014181975744,0.0,0.75,0.765625
2070800,454.7036101730604,0.0,0.625,0.65625
2070900,454.7123748059166,0.0,0.8125,0.703125
2071000,454.7202872715865,0.0,0.5625,0.625
2071100,454.72669719497105,0.0,0.625,0.78125
2071200,454.7317685691988,0.0,0.75,0.734375
2071300,454.7344552695639,0.0,0.75,0.609375
2071400,454.74303859573695,0.0,0.8125,0.8125
2071500,454.75543052587136,0.0,0.625,0.765625
2071600,454.75854782344885,0.0,0.5,0.59375
2071700,454.76453184511536,0.0,0.625,0.8125
2071800,454.7680210507124,0.0,0.6875,0.6875
2071900,454.7771385746925,0.0,0.625,0.6875
2072000,454.78323559412416,0.0,0.6875,0.703125
2072100,454.7897148932431,0.0,0.5625,0.734375
2072200,454.7944076532288,0.0,0.8125,0.78125
2072300,454.79860423509825,0.0,0.875,0.71875
2072400,454.8104972219639,0.0,0.625,0.484375
2072500,454.8140649073872,0.0,0.6875,0.71875
2072600,454.82118186669385,0.0,0.6875,0.625
2072700,454.8262976253814,0.0,0.75,0.703125
2072800,454.83533578414284,0.0,0.6875,0.59375
2072900,454.84632206823983,0.0,0.625,0.640625
2073000,454.85129662527714,0.0,0.6875,0.671875
2073100,454.85559080701375,0.0,0.75,0.703125
2073200,454.8653953153941,0.0,0.5,0.5625
2073300,454.87078628307034,0.0,0.5,0.65625
2073400,454.8771560862605,0.0,0.6875,0.640625
2073500,454.8826557796042,0.0,0.625,0.640625
2073600,454.8863336390678,0.0,0.75,0.609375
2073700,454.89318590029717,0.0,0.75,0.703125
2073800,454.9040497651746,0.0,0.625,0.71875
2073900,454.913501696434,0.0,0.625,0.6875
2074000,454.9197889338715,0.0,0.75,0.640625
2074100,454.92734689274323,0.0,0.625,0.75
2074200,454.93395481705164,0.0,0.625,0.65625
2074300,454.94099941582823,0.0,0.75,0.75
2074400,454.9491621767933,0.0,0.75,0.75
2074500,454.9515470756194,0.0,0.625,0.671875
2074600,454.95565717547214,0.0,0.5,0.65625
2074700,454.9641527781625,0.0,0.6875,0.703125
2074800,454.9699813328737,0.0,0.5625,0.640625
2074900,454.9742892254092,0.0,0.5,0.578125
2075000,107.88332754697916,0.0,0.5,0.65625
2075100,119.44619958495593,0.0,0.6875,0.671875
2075200,122.81978266720566,0.0,0.75,0.640625
2075300,125.24141080909139,0.0,0.5625,0.765625
2075400,127.85784619714714,0.0,0.75,0.65625
2075500,130.4739238421452,0.0,0.75,0.734375
2075600,132.40845833474026,0.0,0.6875,0.75
2075700,133.98775242536257,0.0,0.6875,0.734375
2075800,140.60469668986408,0.0,0.5625,0.640625
2075900,153.08584914113123,0.0,0.6875,0.59375
2076000,260.4898718947735,0.0,0.75,0.5625
2076100,310.9633378277206,0.0,0.625,0.65625
2076200,316.85083583235365,0.0,0.625,0.71875
2076300,320.58662090836725,0.0,0.75,0.765625
2076400,325.55871740049105,0.0,0.75,0.71875
2076500,335.93958137718874,0.0,0.6875,0.734375
2076600,418.3162126447178,0.0,0.75,0.71875
2076700,424.171078130203,0.0,0.5625,0.640625
2076800,427.4218840147781,0.0,0.75,0.71875
2076900,429.3335131401657,0.0,0.75,0.75
2077000,431.43931823427215,0.0,0.625,0.6875
2077100,432.91359914088537,0.0,0.6875,0.65625
2077200,434.0849532973539,0.0,0.5625,0.703125
2077300,435.1342672783685,0.0,0.625,0.625
2077400,436.1222076435917,0.0,0.625,0.6875
2077500,437.4276963512941,0.0,0.75,0.765625
2077600,438.2579945975275,0.0,0.625,0.671875
2077700,439.52684781692795,0.0,0.625,0.71875
2077800,440.2217472635723,0.0,0.75,0.6875
2077900,440.98536588640485,0.0,0.5625,0.828125
2078000,441.54286787633106,0.0,0.75,0.671875
2078100,442.0395136420435,0.0,0.625,0.609375
2078200,442.45258550891833,0.0,0.8125,0.75
2078300,442.8610125190248,0.0,0.625,0.6875
2078400,443.4376538466364,0.0,0.8125,0.671875
2078500,443.9440990206516,0.0,0.625,0.6875
2078600,444.4316731620807,0.0,0.75,0.765625
2078700,444.76555040102954,0.0,0.6875,0.734375
2078800,445.206064546443,0.0,0.5625,0.703125
2078900,445.6269011861233,0.0,0.6875,0.765625
2079000,445.9364816914645,0.0,0.625,0.59375
2079100,446.38207501530337,0.0,0.75,0.671875
2079200,446.8187070383661,0.0,0.6875,0.625
2079300,447.22910218240025,0.0,0.75,0.671875
2079400,447.5717458119627,0.0,0.5625,0.640625
2079500,447.84880840458584,0.0,0.6875,0.625
2079600,448.14507724083273,0.0,0.75,0.609375
2079700,448.4595161100174,0.0,0.6875,0.71875
2079800,448.6889545044793,0.0,0.6875,0.640625
2079900,448.94806808431395,0.0,0.6875,0.703125
2080000,449.21055607433954,0.0,0.6875,0.703125
2080100,449.45201496957685,0.0,0.6875,0.796875
2080200,449.77015525380745,0.0,0.8125,0.734375
2080300,449.9817281861885,0.0,0.75,0.65625
2080400,450.1276436998212,0.0,0.6875,0.625
2080500,450.3197235328887,0.0,0.75,0.703125
2080600,450.49687226166986,0.0,0.5625,0.65625
2080700,450.70029064116284,0.0,0.75,0.71875
2080800,450.9360500163578,0.0,0.625,0.640625
2080900,451.078824426502,0.0,0.5625,0.640625
2081000,451.2399408156218,0.0,0.6875,0.734375
2081100,451.40289734552607,0.0,0.625,0.609375
2081200,451.6112042799984,0.0,0.5625,0.6875
2081300,451.763450343503,0.0,0.6875,0.75
2081400,451.87704185496597,0.0,0.6875,0.734375
2081500,452.0341996065677,0.0,0.75,0.6875
2081600,452.11412854366324,0.0,0.5625,0.796875
2081700,452.24367769714587,0.0,0.625,0.578125
2081800,452.3607388630683,0.0,0.75,0.765625
2081900,452.4518786435851,0.0,0.6875,0.640625
2082000,452.54230682405915,0.0,0.6875,0.65625
2082100,452.64508755287153,0.0,0.6875,0.640625
2082200,452.75389274497775,0.0,0.5625,0.625
2082300,452.8662281095931,0.0,0.625,0.703125
2082400,452.9858383829824,0.0,0.5625,0.625
2082500,453.0908684419956,0.0,0.625,0.671875
2082600,453.20918917166046,0.0,0.625,0.65625
2082700,453.25757370477504,0.0,0.875,0.734375
2082800,453.32665104690966,0.0,0.6875,0.671875
2082900,453.4143129235654,0.0,0.6875,0.734375
2083000,453.4535078773705,0.0,0.6875,0.640625
2083100,453.48710291447276,0.0,0.625,0.59375
2083200,453.5655976887013,0.0,0.625,0.703125
2083300,453.6205348498164,0.0,0.6875,0.6875
2083400,453.66983006176025,0.0,0.75,0.765625
2083500,453.72633669902586,0.0,0.625,0.75
2083600,453.75109630693095,0.0,0.75,0.6875
2083700,453.8077231087122,0.0,0.6875,0.703125
2083800,453.85107091045,0.0,0.5625,0.578125
2083900,453.8588630790735,0.0,0.75,0.671875
2084000,453.8702421318836,0.0,0.75,0.671875
2084100,453.89659727752746,0.0,0.625,0.671875
2084200,453.90850962801215,0.0,0.625,0.703125
2084300,453.9413705928656,0.0,0.625,0.734375
2084400,453.9576198076576,0.0,0.75,0.75
2084500,453.9876749843871,0.0,0.5,0.671875
2084600,454.0293142927905,0.0,0.5625,0.640625
2084700,454.05773650617414,0.0,0.75,0.71875
2084800,454.07339041293505,0.0,0.625,0.703125
2084900,454.09092582721684,0.0,0.625,0.640625
2085000,454.1003125997191,0.0,0.625,0.703125
2085100,454.1218179784947,0.0,0.8125,0.640625
2085200,454.1306738884368,0.0,0.6875,0.71875
2085300,454.16264773655496,0.0,0.6875,0.625
2085400,454.16924175200216,0.0,0.8125,0.71875
2085500,454.20209780681006,0.0,0.6875,0.765625
2085600,454.2294375757239,0.0,0.8125,0.609375
2085700,454.2398085001791,0.0,0.75,0.765625
2085800,454.278753892913,0.0,0.6875,0.640625
2085900,454.2856044310557,0.0,0.5625,0.59375
2086000,454.2870289917408,0.0,0.6875,0.6875
2086100,454.3163686621847,0.0,0.75,0.71875
2086200,454.3218134384644,0.0,0.8125,0.78125
2086300,454.33049819510614,0.0,0.625,0.703125
2086400,454.34038470781906,0.0,0.75,0.78125
2086500,454.348779598477,0.0,0.625,0.734375
2086600,454.35302098271103,0.0,0.75,0.796875
2086700,454.3606048194834,0.0,0.8125,0.640625
2086800,454.386206546294,0.0,0.6875,0.65625
2086900,454.39447964526295,0.0,0.625,0.6875
2087000,454.4129743124088,0.0,0.625,0.671875
2087100,454.41578445672144,0.0,0.5,0.65625
2087200,454.428976435641,0.0,0.75,0.703125
2087300,454.44304397314875,0.0,0.6875,0.6875
2087400,454.4503406357984,0.0,0.6875,0.65625
2087500,454.45311056654674,0.0,0.6875,0.765625
2087600,454.45878786889176,0.0,0.8125,0.703125
2087700,454.48364336473037,0.0,0.625,0.703125
2087800,454.49033336945723,0.0,0.6875,0.59375
2087900,454.49844748975795,0.0,0.75,0.71875
2088000,454.50902890230606,0.0,0.625,0.671875
2088100,454.51496794426225,0.0,0.75,0.703125
2088200,454.5205254880175,0.0,0.625,0.65625
2088300,454.5216988265776,0.0,0.5625,0.734375
2088400,454.52943891238675,0.0,0.6875,0.734375
2088500,454.53753547933127,0.0,0.5625,0.5625
2088600,454.54823788858516,0.0,0.5,0.65625
2088700,454.55268826955205,0.0,0.625,0.671875
2088800,454.55808941021917,0.0,0.75,0.71875
2088900,454.56321588644596,0.0,0.75,0.671875
2089000,454.5667350433087,0.0,0.5625,0.71875
2089100,454.57801314670587,0.0,0.6875,0.796875
2089200,454.5785115922942,0.0,0.5625,0.75
2089300,454.5824645501936,0.0,0.6875,0.671875
2089400,454.5841314526066,0.0,0.625,0.625
2089500,454.58692177843096,0.0,0.75,0.640625
2089600,454.59615747780884,0.0,0.8125,0.640625
2089700,454.60290375438336,0.0,0.75,0.78125
2089800,454.6056051254027,0.0,0.625,0.625
2089900,454.61072124869594,0.0,0.5625,0.640625
2090000,454.61547967093736,0.0,0.6875,0.671875
2090100,454.6262484678045,0.0,0.6875,0.59375
2090200,454.63432318550133,0.0,0.75,0.75
2090300,454.6429860183397,0.0,0.625,0.75
2090400,454.64770439867164,0.0,0.625,0.71875
2090500,454.65150008019293,0.0,0.8125,0.78125
2090600,454.6587098330105,0.0,0.75,0.71875
2090700,454.6611763687239,0.0,0.5,0.765625
2090800,454.6664809494823,0.0,0.5,0.765625
2090900,454.67178666495977,0.0,0.5625,0.6875
2091000,454.6760653262345,0.0,0.875,0.6875
2091100,454.68007366467236,0.0,0.625,0.6875
2091200,454.68360318094784,0.0,0.625,0.640625
2091300,454.6893705654824,0.0,0.6875,0.71875
2091400,454.6944041575869,0.0,0.6875,0.78125
2091500,454.6965472201672,0.0,0.75,0.71875
2091600,454.7006809057607,0.0,0.75,0.796875
2091700,454.71451658894244,0.0,0.5625,0.78125
2091800,454.7194611507003,0.0,0.5625,0.640625
2091900,454.7259533279246,0.0,0.6875,0.625
2092000,454.7317856584003,0.0,0.8125,0.671875
2092100,454.74307337293766,0.0,0.5,0.609375
2092200,454.74632704321874,0.0,0.8125,0.78125
2092300,454.7522736234765,0.0,0.6875,0.703125
2092400,454.75770739023704,0.0,0.625,0.71875
2092500,454.7590431973431,0.0,0.6875,0.703125
2092600,454.763465961783,0.0,0.625,0.75
2092700,454.77039852901737,0.0,0.75,0.71875
2092800,454.79478208707053,0.0,0.625,0.6875
2092900,454.79919743500653,0.0,0.5,0.609375
2093000,454.8062300442258,0.0,0.75,0.71875
2093100,454.81200060092135,0.0,0.875,0.75
2093200,454.81907794870574,0.0,0.6875,0.765625
2093300,454.8294988156811,0.0,0.75,0.734375
2093400,454.83638464002183,0.0,0.625,0.625
2093500,454.8400615779303,0.0,0.6875,0.734375
2093600,454.84863107581396,0.0,0.6875,0.671875
2093700,454.8533262955922,0.0,0.625,0.703125
2093800,454.8550349594805,0.0,0.75,0.734375
2093900,454.86135554490363,0.0,0.6875,0.59375
2094000,454.8646175736597,0.0,0.6875,0.734375
2094100,454.87163395174946,0.0,0.6875,0.75
2094200,454.8747749867995,0.0,0.6875,0.71875
2094300,454.88047150272416,0.0,0.625,0.765625
2094400,454.88278577507674,0.0,0.6875,0.703125
2094500,454.8862001352621,0.0,0.6875,0.796875
2094600,454.88858351307454,0.0,0.75,0.78125
2094700,454.8982697562764,0.0,0.6875,0.71875
2094800,454.90727885016275,0.0,0.75,0.765625
2094900,454.9105915368164,0.0,0.625,0.71875
2095000,454.9170129793324,0.0,0.6875,0.65625
2095100,454.9200544916736,0.0,0.5625,0.671875
2095200,454.9233466596537,0.0,0.8125,0.703125
2095300,454.9246033806553,0.0,0.8125,0.765625
2095400,454.9296824002067,0.0,0.75,0.78125
2095500,454.935722500135,0.0,0.75,0.734375
2095600,454.9423691624989,0.0,0.5,0.609375
2095700,454.94665674884004,0.0,0.6875,0.703125
2095800,454.9765654477843,0.0,0.75,0.703125
2095900,454.98330292892626,0.0,0.6875,0.6875
2096000,454.9895317031511,0.0,0.5,0.671875
2096100,454.9932588270222,0.0,0.75,0.78125
2096200,455.00007495843164,0.0,0.6875,0.703125
2096300,455.0008730421656,0.0,0.625,0.640625
2096400,455.00734879216776,0.0,0.6875,0.671875
2096500,455.01187560292095,0.0,0.75,0.703125
2096600,455.01313383432944,0.0,0.75,0.734375
2096700,455.01585595571703,0.0,0.8125,0.625
2096800,455.0232109333537,0.0,0.75,0.78125
2096900,455.02912195651464,0.0,0.625,0.734375
2097000,455.0321124151486,0.0,0.75,0.546875
2097100,455.03448096934835,0.0,0.8125,0.765625
2097200,455.03920422288223,0.0,0.75,0.78125
2097300,455.04217921662047,0.0,0.8125,0.640625
2097400,455.04438009934586,0.0,0.6875,0.703125
2097500,455.0489014823531,0.0,0.6875,0.625
2097600,455.0509490447374,0.0,0.625,0.640625
2097700,455.058662378723,0.0,0.6875,0.734375
2097800,455.06164824921905,0.0,0.6875,0.625
2097900,455.0642983035314,0.0,0.6875,0.765625
2098000,455.0675673826058,0.0,0.625,0.71875
2098100,455.0703822449756,0.0,0.8125,0.796875
2098200,455.07507589727317,0.0,0.625,0.6875
2098300,455.0759860337539,0.0,0.75,0.78125
2098400,455.08337573926883,0.0,0.625,0.71875
2098500,455.09018950329306,0.0,0.8125,0.75
2098600,455.09346706519847,0.0,0.6875,0.75
2098700,455.09901767486866,0.0,0.5625,0.6875
2098800,455.1037057133989,0.0,0.8125,0.75
2098900,455.10888180096805,0.0,0.6875,0.765625
2099000,455.1138760378638,0.0,0.75,0.625
2099100,455.1161001213012,0.0,0.6875,0.6875
2099200,455.1180277264232,0.0,0.6875,0.75
2099300,455.12132035267535,0.0,0.75,0.671875
2099400,455.1269742902832,0.0,0.875,0.734375
2099500,455.1299665011837,0.0,0.6875,0.625
2099600,455.1344354810012,0.0,0.6875,0.734375
2099700,455.13711529624726,0.0,0.625,0.6875
2099800,455.140521669872,0.0,0.6875,0.640625
2099900,455.1430843401958,0.0,0.625,0.78125
2100000,388.3919940732679,0.0,0.625,0.5625
2100100,415.2618029007109,0.0,0.625,0.78125
2100200,421.2522828160021,0.0,0.875,0.75
2100300,424.824988028019,0.0,0.75,0.765625
2100400,427.30952145607944,0.0,0.625,0.6875
2100500,429.93736564365673,0.0,0.6875,0.703125
2100600,431.89140458393746,0.0,0.75,0.578125
2100700,433.53376837036166,0.0,0.75,0.78125
2100800,434.63339690062816,0.0,0.6875,0.78125
2100900,435.4651766998073,0.0,0.8125,0.609375
2101000,437.1841567555298,0.0,0.75,0.71875
2101100,438.1524657118065,0.0,0.6875,0.71875
2101200,439.0866155539464,0.0,0.875,0.71875
2101300,440.02827053777503,0.0,0.75,0.71875
2101400,440.8066452570819,0.0,0.6875,0.59375
2101500,441.63163180167516,0.0,0.625,0.59375
2101600,442.29085857949536,0.0,0.75,0.71875
2101700,442.8046493881061,0.0,0.6875,0.703125
2101800,443.4887156441539,0.0,0.5625,0.703125
2101900,444.2126809039841,0.0,0.75,0.78125
2102000,444.684459189201,0.0,0.75,0.65625
2102100,445.00173304487447,0.0,0.6875,0.640625
2102200,445.44447682796556,0.0,0.6875,0.703125
2102300,445.7297436300573,0.0,0.5625,0.640625
2102400,446.1658150111207,0.0,0.875,0.8125
2102500,446.66332479643427,0.0,0.75,0.640625
2102600,447.02402371045844,0.0,0.6875,0.734375
2102700,447.38616145167913,0.0,0.6875,0.734375
2102800,447.93801781473803,0.0,0.625,0.765625
2102900,448.22763096667876,0.0,0.5625,0.6875
2103000,448.5486905187065,0.0,0.625,0.765625
2103100,448.8172894972723,0.0,0.6875,0.796875
2103200,449.20292918304455,0.0,0.8125,0.734375
2103300,449.6431317638012,0.0,0.6875,0.671875
2103400,449.9450097194584,0.0,0.6875,0.75
2103500,450.2602161900335,0.0,0.6875,0.734375
2103600,450.5511307549184,0.0,0.5625,0.734375
2103700,450.73947177967756,0.0,0.625,0.6875
2103800,451.05746780406974,0.0,0.6875,0.59375
2103900,451.2650815827394,0.0,0.75,0.65625
2104000,451.5513213527148,0.0,0.625,0.703125
2104100,451.697023749263,0.0,0.6875,0.734375
2104200,451.86879287087567,0.0,0.75,0.734375
2104300,451.9992124533731,0.0,0.6875,0.65625
2104400,452.0955570301693,0.0,0.5625,0.734375
2104500,452.21927599769265,0.0,0.6875,0.8125
2104600,452.34783130060134,0.0,0.6875,0.6875
2104700,452.4667102766348,0.0,0.625,0.765625
2104800,452.5531016244299,0.0,0.75,0.71875
2104900,452.66476949587144,0.0,0.5625,0.640625
2105000,452.7511877354984,0.0,0.6875,0.703125
2105100,452.8612582354004,0.0,0.625,0.78125
2105200,452.96173179383436,0.0,0.6875,0.703125
2105300,453.01101561638086,0.0,0.625,0.75
2105400,453.19593558235965,0.0,0.6875,0.71875
2105500,453.3040088907963,0.0,0.75,0.734375
2105600,453.45529985468943,0.0,0.6875,0.765625
2105700,453.53942831247554,0.0,0.6875,0.75
2105800,453.61626532617476,0.0,0.5,0.65625
2105900,453.7030234013881,0.0,0.75,0.6875
2106000,453.81566118372433,0.0,0.625,0.734375
2106100,453.8849551683262,0.0,0.75,0.71875
2106200,453.92197233856274,0.0,0.625,0.71875
2106300,453.97954987256765,0.0,0.6875,0.640625
2106400,454.0525082016175,0.0,0.5625,0.8125
2106500,454.0972179221152,0.0,0.6875,0.609375
2106600,454.171789618244,0.0,0.75,0.671875
2106700,454.24526051826865,0.0,0.625,0.671875
2106800,454.2871359276866,0.0,0.75,0.71875
2106900,454.3219683579366,0.0,0.6875,0.671875
2107000,454.3451210618737,0.0,0.75,0.625
2107100,454.3697372973543,0.0,0.75,0.703125
2107200,454.40793182868657,0.0,0.625,0.578125
2107300,454.42510517460533,0.0,0.75,0.703125
2107400,454.48044081594384,0.0,0.9375,0.765625
2107500,454.53306686048194,0.0,0.6875,0.703125
2107600,454.57485606806347,0.0,0.75,0.71875
2107700,454.5924783674542,0.0,0.8125,0.734375
2107800,454.6184168239857,0.0,0.6875,0.625
2107900,454.66836716197616,0.0,0.6875,0.75
2108000,454.6920620036211,0.0,0.6875,0.703125
2108100,454.6984848269224,0.0,0.625,0.765625
2108200,454.7357380199571,0.0,0.75,0.65625
2108300,454.76233750806665,0.0,0.75,0.8125
2108400,454.7854226434855,0.0,0.625,0.71875
2108500,454.790951609109,0.0,0.6875,0.8125
2108600,454.7957109744023,0.0,0.75,0.75
2108700,454.8019975955196,0.0,0.75,0.75
2108800,454.81460402482116,0.0,0.6875,0.765625
2108900,454.82150862314165,0.0,0.6875,0.75
2109000,454.8284373465783,0.0,0.75,0.734375
2109100,454.8375324952251,0.0,0.75,0.6875
2109200,454.84652566118314,0.0,0.6875,0.75
2109300,454.8593205182727,0.0,0.625,0.71875
2109400,454.86568607684563,0.0,0.8125,0.796875
2109500,454.86872075513907,0.0,0.6875,0.671875
2109600,454.8712429746484,0.0,0.75,0.796875
2109700,454.88672947296675,0.0,0.625,0.78125
2109800,454.8908480586495,0.0,0.75,0.765625
2109900,454.89705842450593,0.0,0.6875,0.71875
2110000,454.91092980598256,0.0,0.75,0.765625
2110100,454.91709513995306,0.0,0.75,0.8125
2110200,454.9196987910062,0.0,0.6875,0.75
2110300,454.9211383029708,0.0,0.8125,0.71875
2110400,454.9351009404178,0.0,0.6875,0.65625
2110500,454.94261652236366,0.0,0.6875,0.671875
2110600,454.9448586230597,0.0,0.5625,0.796875
2110700,454.95173963505744,0.0,0.6875,0.8125
2110800,454.9558412304586,0.0,0.75,0.625
2110900,454.9563317787906,0.0,0.75,0.75
2111000,454.9632338497252,0.0,0.625,0.71875
2111100,454.9700673375888,0.0,0.6875,0.796875
2111200,454.97342433781364,0.0,0.5625,0.796875
2111300,454.9796379188966,0.0,0.6875,0.765625
2111400,454.9834829995084,0.0,0.5625,0.71875
2111500,454.9934409887572,0.0,0.6875,0.8125
2111600,455.00196115962467,0.0,0.625,0.75
2111700,455.0143410971088,0.0,0.75,0.828125
2111800,455.01930733799514,0.0,0.8125,0.640625
2111900,455.02017510166496,0.0,0.6875,0.6875
2112000,455.0215479759572,0.0,0.6875,0.78125
2112100,455.0234122824907,0.0,0.5625,0.671875
2112200,455.0279886698971,0.0,0.625,0.75
2112300,455.03340564200204,0.0,0.6875,0.625
2112400,455.03393559116864,0.0,0.75,0.671875
2112500,455.038374696513,0.0,0.5625,0.734375
2112600,455.04196144852267,0.0,0.8125,0.828125
2112700,455.04759445477276,0.0,0.6875,0.828125
2112800,455.0492637508134,0.0,0.625,0.734375
2112900,455.05491232105464,0.0,0.8125,0.75
2113000,455.06220348375126,0.0,0.75,0.671875
2113100,455.0653651960126,0.0,0.6875,0.765625
2113200,455.0683883136411,0.0,0.6875,0.8125
2113300,455.0721542715001,0.0,0.625,0.734375
2113400,455.07550859227507,0.0,0.625,0.734375
2113500,455.07843653018875,0.0,0.8125,0.703125
2113600,455.0806549568424,0.0,0.75,0.765625
2113700,455.0869001988451,0.0,0.5,0.6875
2113800,455.09428624462464,0.0,0.6875,0.640625
2113900,455.1015400948737,0.0,0.75,0.703125
2114000,455.1069751206175,0.0,0.6875,0.75
2114100,455.109632947424,0.0,0.6875,0.734375
2114200,455.11630429245736,0.0,0.8125,0.796875
2114300,455.12113929167236,0.0,0.75,0.796875
2114400,455.1217890192112,0.0,0.6875,0.6875
2114500,455.1283311529808,0.0,0.6875,0.78125
2114600,455.1325223066154,0.0,0.625,0.6875
2114700,455.1353004321604,0.0,0.8125,0.765625
2114800,455.1381578222198,0.0,0.6875,0.75
2114900,455.14325448412706,0.0,0.75,0.59375
2115000,455.149143904333,0.0,0.875,0.75
2115100,455.15832596066514,0.0,0.75,0.765625
2115200,455.1615215806416,0.0,0.5625,0.734375
2115300,455.1674101657473,0.0,0.6875,0.734375
2115400,455.17057872272954,0.0,0.75,0.734375
2115500,455.17529804668646,0.0,0.6875,0.78125
2115600,455.1818195317257,0.0,0.6875,0.78125
2115700,455.18878867398905,0.0,0.6875,0.703125
2115800,455.1936191599212,0.0,0.625,0.671875
2115900,455.1959184566939,0.0,0.6875,0.78125
2116000,455.1977141824197,0.0,0.75,0.71875
2116100,455.20299340731606,0.0,0.75,0.734375
2116200,455.2069284644752,0.0,0.6875,0.703125
2116300,455.2123266375838,0.0,0.6875,0.796875
2116400,455.21478910281627,0.0,0.625,0.734375
2116500,455.22110369853897,0.0,0.75,0.8125
2116600,455.2322574778424,0.0,0.6875,0.765625
2116700,455.2399250052267,0.0,0.625,0.734375
2116800,455.2488671881387,0.0,0.75,0.765625
2116900,455.25166377612953,0.0,0.625,0.703125
2117000,455.25956213796144,0.0,0.625,0.71875
2117100,455.26470012532707,0.0,0.75,0.828125
2117200,455.2719791275188,0.0,0.75,0.78125
2117300,455.27453950653853,0.0,0.75,0.765625
2117400,455.28000796003454,0.0,0.6875,0.75
2117500,455.28111861967665,0.0,0.6875,0.6875
2117600,455.28331505427394,0.0,0.8125,0.796875
2117700,455.2881136744294,0.0,0.75,0.71875
2117800,455.2944382298884,0.0,0.75,0.71875
2117900,455.2973465310238,0.0,0.625,0.75
2118000,455.30199820637125,0.0,0.625,0.8125
2118100,455.30502657282403,0.0,0.625,0.703125
2118200,455.30731170608954,0.0,0.625,0.71875
2118300,455.3087587076959,0.0,0.75,0.859375
2118400,455.3125674154193,0.0,0.625,0.65625
2118500,455.31667783362593,0.0,0.6875,0.8125
2118600,455.31821346630966,0.0,0.8125,0.734375
2118700,455.31964552345175,0.0,0.625,0.65625
2118800,455.3222448715193,0.0,0.75,0.71875
2118900,455.3257595879913,0.0,0.75,0.703125
2119000,455.32836793246815,0.0,0.6875,0.71875
2119100,455.3318470581747,0.0,0.5625,0.671875
2119200,455.33612464533246,0.0,0.75,0.796875
2119300,455.34219504467245,0.0,0.75,0.796875
2119400,455.3456019692791,0.0,0.625,0.734375
2119500,455.34763315309743,0.0,0.75,0.75
2119600,455.3505093745954,0.0,0.5625,0.78125
2119700,455.35552462895953,0.0,0.6875,0.765625
2119800,455.3619946367081,0.0,0.6875,0.65625
2119900,455.36381153296844,0.0,0.6875,0.671875
2120000,455.371132598403,0.0,0.5625,0.6875
2120100,455.3738944649402,0.0,0.5625,0.765625
2120200,455.3790499450287,0.0,0.6875,0.828125
2120300,455.3839658390898,0.0,0.6875,0.78125
2120400,455.3917768952215,0.0,0.625,0.671875
2120500,455.39259253646253,0.0,0.875,0.734375
2120600,455.3983243224615,0.0,0.6875,0.8125
2120700,455.40098409383535,0.0,0.5625,0.71875
2120800,455.40258728446,0.0,0.5625,0.765625
2120900,455.4102260688674,0.0,0.625,0.671875
2121000,455.41566424717365,0.0,0.75,0.671875
2121100,455.41965527670436,0.0,0.6875,0.765625
2121200,455.4278299191669,0.0,0.75,0.828125
2121300,455.4328331654748,0.0,0.75,0.765625
2121400,455.45066520374274,0.0,0.625,0.703125
2121500,455.4540702937968,0.0,0.75,0.640625
2121600,455.45830915657575,0.0,0.75,0.765625
2121700,455.46188444999484,0.0,0.6875,0.828125
2121800,455.4691169464527,0.0,0.6875,0.734375
2121900,455.47665774273514,0.0,0.625,0.703125
2122000,455.47923606486137,0.0,0.6875,0.796875
2122100,455.48405122157055,0.0,0.5625,0.734375
2122200,455.48859524131086,0.0,0.625,0.828125
2122300,455.4932930910213,0.0,0.75,0.796875
2122400,455.49519741544526,0.0,0.75,0.6875
2122500,455.4998322371605,0.0,0.625,0.828125
2122600,455.50185713145686,0.0,0.625,0.765625
2122700,455.51444829734993,0.0,0.625,0.78125
2122800,455.5224340630174,0.0,0.6875,0.703125
2122900,455.5244909046274,0.0,0.6875,0.765625
2123000,455.5278292174989,0.0,0.5625,0.796875
2123100,455.53331953154293,0.0,0.6875,0.6875
2123200,455.53729722845026,0.0,0.6875,0.796875
2123300,455.5433941093708,0.0,0.5625,0.671875
2123400,455.5463144496211,0.0,0.6875,0.765625
2123500,455.5516417441132,0.0,0.6875,0.71875
2123600,455.55428442743937,0.0,0.8125,0.78125
2123700,455.55844191978326,0.0,0.6875,0.734375
2123800,455.5642074801333,0.0,0.6875,0.828125
2123900,455.56689923263406,0.0,0.6875,0.703125
2124000,455.5701368425871,0.0,0.6875,0.671875
2124100,455.5748850265258,0.0,0.6875,0.8125
2124200,455.579279035186,0.0,0.75,0.6875
2124300,455.5807153050448,0.0,0.8125,0.828125
2124400,455.5816517123501,0.0,0.6875,0.734375
2124500,455.58849363947263,0.0,0.75,0.6875
2124600,455.5920015194603,0.0,0.75,0.75
2124700,455.59455401988043,0.0,0.6875,0.796875
2124800,455.5966701485265,0.0,0.5,0.640625
2124900,455.5998247637313,0.0,0.625,0.75
2125000,238.15379475751118,0.0,0.8125,0.84375
2125100,317.5635894108724,0.0,0.625,0.765625
2125200,322.2673958012598,0.0,0.75,0.8125
2125300,325.7814658142086,0.0,0.75,0.78125
2125400,328.050016991073,0.0,0.6875,0.671875
2125500,330.0532343226437,0.0,0.5625,0.796875
2125600,331.56238529907387,0.0,0.6875,0.640625
2125700,333.13494359919747,0.0,0.625,0.828125
2125800,334.5444578747902,0.0,0.6875,0.734375
2125900,335.25238924646794,0.0,0.6875,0.75
2126000,336.0250409920133,0.0,0.5625,0.75
2126100,336.74274377045975,0.0,0.8125,0.78125
2126200,337.51413395148853,0.0,0.6875,0.734375
2126300,338.3466970820734,0.0,0.75,0.765625
2126400,338.82501182637463,0.0,0.5625,0.78125
2126500,339.54637977682813,0.0,0.75,0.703125
2126600,340.002939706106,0.0,0.625,0.609375
2126700,340.5690847749746,0.0,0.6875,0.78125
2126800,341.0986849241299,0.0,0.625,0.703125
2126900,341.9061414463857,0.0,0.5625,0.703125
2127000,342.45066952223607,0.0,0.625,0.796875
2127100,343.8736597777686,0.0,0.75,0.765625
2127200,344.5660480010889,0.0,0.75,0.8125
2127300,346.2111474666956,0.0,0.6875,0.78125
2127400,350.2349539290198,0.0,0.8125,0.6875
2127500,356.5619523056636,0.0,0.8125,0.75
2127600,382.6018789159001,0.0,0.6875,0.65625
2127700,432.031428059367,0.0,0.75,0.734375
2127800,436.20412790816675,0.0,0.625,0.71875
2127900,438.0532906023915,0.0,0.625,0.71875
2128000,438.920299613548,0.0,0.5,0.6875
2128100,439.8442057179906,0.0,0.6875,0.734375
2128200,440.51041166584423,0.0,0.6875,0.703125
2128300,441.3295233117424,0.0,0.8125,0.828125
2128400,442.00665266364683,0.0,0.6875,0.734375
2128500,442.6736423155454,0.0,0.6875,0.78125
2128600,443.30123785114455,0.0,0.625,0.65625
2128700,443.73515934464376,0.0,0.625,0.765625
2128800,443.98647243775963,0.0,0.8125,0.78125
2128900,444.40610439261576,0.0,0.6875,0.734375
2129000,444.94902544067236,0.0,0.625,0.75
2129100,445.3914880993168,0.0,0.625,0.703125
2129200,445.72028385371846,0.0,0.625,0.765625
2129300,446.20450668244615,0.0,0.625,0.859375
2129400,446.64739366723035,0.0,0.625,0.6875
2129500,446.91061714711225,0.0,0.6875,0.75
2129600,447.1889361475033,0.0,0.6875,0.75
2129700,447.5625455517638,0.0,0.625,0.703125
2129800,447.79353885478656,0.0,0.625,0.71875
2129900,447.9297530286281,0.0,0.625,0.75
2130000,448.21385296633275,0.0,0.625,0.734375
2130100,448.5041847805418,0.0,0.625,0.78125
2130200,448.6714500696538,0.0,0.5625,0.765625
2130300,448.86489928329087,0.0,0.75,0.78125
2130400,449.0613528565808,0.0,0.625,0.703125
2130500,449.16204441595414,0.0,0.6875,0.78125
2130600,449.3763253572853,0.0,0.4375,0.6875
2130700,449.541906028967,0.0,0.8125,0.703125
2130800,449.6978957787479,0.0,0.6875,0.640625
2130900,449.886582416499,0.0,0.625,0.625
2131000,450.0368709380609,0.0,0.6875,0.75
2131100,450.1975574506174,0.0,0.625,0.65625
2131200,450.3895866649155,0.0,0.5625,0.71875
2131300,450.54443753470207,0.0,0.6875,0.625
2131400,450.68371176185195,0.0,0.5625,0.78125
2131500,450.8897996218845,0.0,0.5625,0.6875
2131600,451.0061478818178,0.0,0.625,0.6875
2131700,451.10676148159087,0.0,0.6875,0.734375
2131800,451.22216541268983,0.0,0.75,0.703125
2131900,451.29094692476474,0.0,0.6875,0.828125
2132000,451.3710738669512,0.0,0.6875,0.71875
2132100,451.4204254717655,0.0,0.5625,0.65625
2132200,451.5466889914606,0.0,0.75,0.765625
2132300,451.62218661553203,0.0,0.75,0.65625
2132400,451.6742679732928,0.0,0.625,0.671875
2132500,451.70301675844627,0.0,0.75,0.78125
2132600,451.76020197965863,0.0,0.5625,0.671875
2132700,451.8393689271988,0.0,0.625,0.8125
2132800,451.8736966232346,0.0,0.8125,0.71875
2132900,451.91251383899044,0.0,0.625,0.640625
2133000,451.9676047242057,0.0,0.8125,0.703125
2133100,452.0382629507021,0.0,0.6875,0.8125
2133200,452.0829310483433,0.0,0.625,0.765625
2133300,452.1430200247968,0.0,0.6875,0.71875
2133400,452.187594804393,0.0,0.5,0.671875
2133500,452.207247731623,0.0,0.6875,0.734375
2133600,452.212783933265,0.0,0.75,0.703125
2133700,452.2443699141808,0.0,0.625,0.796875
2133800,452.28963467675175,0.0,0.5625,0.71875
2133900,452.3186075078152,0.0,0.6875,0.75
2134000,452.3627734530372,0.0,0.625,0.75
2134100,452.38306617670764,0.0,0.625,0.734375
2134200,452.40328922058046,0.0,0.6875,0.8125
2134300,452.4215946475121,0.0,0.5625,0.625
2134400,452.4609270565817,0.0,0.8125,0.71875
2134500,452.46297003380283,0.0,0.6875,0.703125
2134600,452.48414723162233,0.0,0.75,0.734375
2134700,452.51633682229954,0.0,0.875,0.765625
2134800,452.523827419775,0.0,0.625,0.734375
2134900,452.5509253489784,0.0,0.625,0.765625
2135000,452.56667382396927,0.0,0.5625,0.765625
2135100,452.56960188610606,0.0,0.625,0.75
2135200,452.59590396872875,0.0,0.6875,0.703125
2135300,452.6320430631459,0.0,0.5625,0.75
2135400,452.64031493593126,0.0,0.6875,0.59375
2135500,452.6477010877668,0.0,0.6875,0.734375
2135600,452.67752713225184,0.0,0.75,0.734375
2135700,452.7095620001781,0.0,0.5625,0.734375
2135800,452.7219492948557,0.0,0.5625,0.71875
2135900,452.76472503827455,0.0,0.5625,0.75
2136000,452.785318805998,0.0,0.6875,0.796875
2136100,452.8046368761044,0.0,0.5625,0.78125
2136200,452.8402321966969,0.0,0.6875,0.8125
2136300,452.86104673217704,0.0,0.625,0.71875
2136400,452.8790613758133,0.0,0.625,0.765625
2136500,452.8884995322864,0.0,0.8125,0.671875
2136600,452.89832117998094,0.0,0.6875,0.8125
2136700,452.9229994085409,0.0,0.5625,0.671875
2136800,452.9405880958802,0.0,0.6875,0.734375
2136900,452.956799364407,0.0,0.5,0.71875
2137000,452.9786312147049,0.0,0.75,0.703125
2137100,452.98989980664777,0.0,0.75,0.828125
2137200,453.00508348759547,0.0,0.6875,0.671875
2137300,453.0163428302373,0.0,0.75,0.78125
2137400,453.0259476617332,0.0,0.75,0.765625
2137500,453.0440440866642,0.0,0.5625,0.71875
2137600,453.0659400867515,0.0,0.6875,0.71875
2137700,453.07976846883713,0.0,0.625,0.734375
2137800,453.1014823119778,0.0,0.6875,0.78125
2137900,453.11069681143545,0.0,0.5625,0.71875
2138000,453.12737453416946,0.0,0.8125,0.78125
2138100,453.1374163443183,0.0,0.625,0.765625
2138200,453.160509816082,0.0,0.625,0.734375
2138300,453.16808320986746,0.0,0.6875,0.765625
2138400,453.182562370685,0.0,0.625,0.734375
2138500,453.1904101138556,0.0,0.75,0.75
2138600,453.2049254015378,0.0,0.6875,0.671875
2138700,453.2264351528728,0.0,0.625,0.765625
2138800,453.23455368777536,0.0,0.75,0.6875
2138900,453.2499434901465,0.0,0.5,0.765625
2139000,453.27307821124504,0.0,0.5625,0.65625
2139100,453.2846728126393,0.0,0.6875,0.703125
2139200,453.2929385985578,0.0,0.6875,0.703125
2139300,453.29977566995245,0.0,0.5,0.71875
2139400,453.3061007365014,0.0,0.625,0.78125
2139500,453.31911884146336,0.0,0.75,0.734375
2139600,453.3320202724092,0.0,0.625,0.71875
2139700,453.34095108464624,0.0,0.6875,0.78125
2139800,453.35299360798774,0.0,0.8125,0.71875
2139900,453.358890732576,0.0,0.875,0.765625
2140000,453.3712888023222,0.0,0.6875,0.828125
2140100,453.37938230247255,0.0,0.875,0.703125
2140200,453.3921100245693,0.0,0.6875,0.6875
2140300,453.40079616421036,0.0,0.6875,0.671875
2140400,453.41166726058646,0.0,0.75,0.78125
2140500,453.4188720587029,0.0,0.75,0.78125
2140600,453.42609782128426,0.0,0.8125,0.859375
2140700,453.43444954768495,0.0,0.6875,0.71875
2140800,453.44533324569915,0.0,0.8125,0.734375
2140900,453.4548476720364,0.0,0.75,0.828125
2141000,453.46754222810256,0.0,0.75,0.75
2141100,453.4847896222434,0.0,0.8125,0.8125
2141200,453.4952656064927,0.0,0.625,0.71875
2141300,453.5107437312304,0.0,0.5625,0.65625
2141400,453.5195470331109,0.0,0.625,0.765625
2141500,453.53478382007324,0.0,0.75,0.796875
2141600,453.55758222340353,0.0,0.75,0.71875
2141700,453.5716560698843,0.0,0.75,0.71875
2141800,453.5983834150093,0.0,0.6875,0.65625
2141900,453.6034003021117,0.0,0.6875,0.71875
2142000,453.60884919494504,0.0,0.6875,0.796875
2142100,453.6257382858283,0.0,0.625,0.703125
2142200,453.631672346152,0.0,0.5625,0.625
2142300,453.63654010003404,0.0,0.6875,0.765625
2142400,453.64201806190175,0.0,0.625,0.796875
2142500,453.65010868712716,0.0,0.75,0.8125
2142600,453.65470461318404,0.0,0.625,0.765625
2142700,453.6637379142611,0.0,0.875,0.75
2142800,453.68442349282157,0.0,0.75,0.75
2142900,453.70034616439386,0.0,0.8125,0.765625
2143000,453.7106497810233,0.0,0.75,0.65625
2143100,453.7175140497086,0.0,0.8125,0.65625
2143200,453.72388866980424,0.0,0.625,0.765625
2143300,453.7299022247434,0.0,0.6875,0.734375
2143400,453.73855083893943,0.0,0.75,0.75
2143500,453.7419706216449,0.0,0.6875,0.625
2143600,453.7521432245856,0.0,0.6875,0.765625
2143700,453.76518922141497,0.0,0.625,0.71875
2143800,453.78041935897426,0.0,0.625,0.734375
2143900,453.79222516907464,0.0,0.5625,0.765625
2144000,453.79865627645415,0.0,0.75,0.765625
2144100,453.8332082537568,0.0,0.5625,0.765625
2144200,453.8391863057571,0.0,0.75,0.703125
2144300,453.853395877022,0.0,0.625,0.828125
2144400,453.86977651988934,0.0,0.6875,0.8125
2144500,453.87667065482304,0.0,0.75,0.75
2144600,453.88968292545974,0.0,0.6875,0.65625
2144700,453.8939809791547,0.0,0.625,0.703125
2144800,453.898376367704,0.0,0.625,0.734375
2144900,453.9052017718066,0.0,0.75,0.71875
2145000,453.91861490341427,0.0,0.6875,0.671875
2145100,453.92809085052176,0.0,0.625,0.75
2145200,453.9368931827635,0.0,0.8125,0.671875
2145300,453.95035032798523,0.0,0.6875,0.71875
2145400,453.9597336815319,0.0,0.5,0.703125
2145500,453.9649498436522,0.0,0.75,0.703125
2145600,453.9708997346761,0.0,0.625,0.671875
2145700,453.98390596990043,0.0,0.6875,0.765625
2145800,453.9889164329879,0.0,0.8125,0.71875
2145900,453.9959838048687,0.0,0.625,0.765625
2146000,454.0028556784879,0.0,0.6875,0.65625
2146100,454.0117110523597,0.0,0.625,0.765625
2146200,454.02064392233314,0.0,0.75,0.859375
2146300,454.02580065904533,0.0,0.75,0.828125
2146400,454.03038466113156,0.0,0.8125,0.796875
2146500,454.0359798453236,0.0,0.6875,0.75
2146600,454.0443384032992,0.0,0.8125,0.75
2146700,454.059636591136,0.0,0.625,0.71875
2146800,454.07094923420374,0.0,0.6875,0.734375
2146900,454.0819091363209,0.0,0.625,0.8125
2147000,454.0946022870322,0.0,0.6875,0.71875
2147100,454.10018275274723,0.0,0.75,0.8125
2147200,454.1065178883818,0.0,0.6875,0.765625
2147300,454.11055180694615,0.0,0.6875,0.71875
2147400,454.1156910592246,0.0,0.75,0.71875
2147500,454.1245829207706,0.0,0.625,0.734375
2147600,454.13606670959945,0.0,0.9375,0.796875
2147700,454.14093336699574,0.0,0.75,0.71875
2147800,454.1491406802616,0.0,0.6875,0.6875
2147900,454.1565542293878,0.0,0.75,0.828125
2148000,454.16784492157336,0.0,0.875,0.828125
2148100,454.17171936446675,0.0,0.625,0.765625
2148200,454.1819894966833,0.0,0.625,0.796875
2148300,454.1922575445727,0.0,0.5625,0.71875
2148400,454.2103315039252,0.0,0.8125,0.765625
2148500,454.21520540449865,0.0,0.6875,0.75
2148600,454.22655096601665,0.0,0.75,0.765625
2148700,454.23531861598815,0.0,0.75,0.78125
2148800,454.2386298147381,0.0,0.625,0.859375
2148900,454.2492833193867,0.0,0.5625,0.734375
2149000,454.25443455366025,0.0,0.8125,0.6875
2149100,454.26371901011476,0.0,0.75,0.765625
2149200,454.2792916759914,0.0,0.75,0.75
2149300,454.2817578360714,0.0,0.75,0.75
2149400,454.28881309580726,0.0,0.6875,0.671875
2149500,454.29815907334034,0.0,0.625,0.65625
2149600,454.30511606532934,0.0,0.625,0.75
2149700,454.31270406010515,0.0,0.8125,0.75
2149800,454.3224314452555,0.0,0.75,0.765625
2149900,454.335774527395,0.0,0.6875,0.71875
2150000,238.70274134469685,0.0,0.6875,0.75
2150100,238.78213618202997,0.0,0.6875,0.765625
2150200,238.98837181607928,0.0,0.625,0.6875
2150300,239.19827791573766,0.0,0.8125,0.84375
2150400,239.3470150895069,0.0,0.625,0.765625
2150500,239.6498393512875,0.0,0.6875,0.8125
2150600,239.8146932390408,0.0,0.6875,0.828125
2150700,240.0342800391354,0.0,0.5625,0.640625
2150800,240.28717057820373,0.0,0.8125,0.765625
2150900,240.4564151972558,0.0,0.75,0.71875
2151000,240.6631752252646,0.0,0.8125,0.75
2151100,240.82734546964238,0.0,0.6875,0.84375
2151200,241.10647174071093,0.0,0.75,0.765625
2151300,241.5939490748452,0.0,0.875,0.765625
2151400,242.13902981751335,0.0,0.625,0.75
2151500,242.63675667584164,0.0,0.75,0.75
2151600,243.79930424492525,0.0,0.75,0.765625
2151700,245.54536683037657,0.0,0.6875,0.78125
2151800,250.9448698909024,0.0,0.75,0.78125
2151900,306.52135113259794,0.0,0.625,0.75
2152000,325.31406250228724,0.0,0.6875,0.796875
2152100,333.12298393992745,0.0,0.625,0.734375
2152200,334.90580961063927,0.0,0.75,0.765625
2152300,337.1930964588583,0.0,0.6875,0.8125
2152400,337.74604836990767,0.0,0.75,0.65625
2152500,338.7446252820271,0.0,0.75,0.78125
2152600,339.6038606492802,0.0,0.8125,0.8125
2152700,340.13353111532183,0.0,0.625,0.65625
2152800,340.8633820584205,0.0,0.5625,0.609375
2152900,341.4315809149897,0.0,0.625,0.78125
2153000,341.9839960672973,0.0,0.75,0.703125
2153100,342.32638868765514,0.0,0.625,0.6875
2153200,342.5789855061048,0.0,0.8125,0.78125
2153300,342.7657159022371,0.0,0.75,0.828125
2153400,343.00502486772575,0.0,0.625,0.75
2153500,343.4427320978062,0.0,0.5625,0.890625
2153600,343.7102376768382,0.0,0.75,0.78125
2153700,343.9495040781902,0.0,0.75,0.765625
2153800,344.11879290391295,0.0,0.75,0.71875
2153900,344.3738854721987,0.0,0.6875,0.671875
2154000,344.5145970133399,0.0,0.6875,0.6875
2154100,344.79533283048136,0.0,0.625,0.734375
2154200,344.9797018919123,0.0,0.75,0.765625
2154300,345.0979721167757,0.0,0.625,0.671875
2154400,345.30374381970285,0.0,0.75,0.765625
2154500,345.5545561914121,0.0,0.625,0.75
2154600,345.6246297145616,0.0,0.625,0.5625
2154700,345.8246436825504,0.0,0.75,0.75
2154800,346.1763741723454,0.0,0.625,0.75
2154900,346.41426695883524,0.0,0.875,0.78125
2155000,346.74221245352766,0.0,0.625,0.71875
2155100,346.85187589338454,0.0,0.625,0.78125
2155200,346.9822939381979,0.0,0.6875,0.71875
2155300,347.125105185715,0.0,0.6875,0.78125
2155400,347.2955483541431,0.0,0.625,0.71875
2155500,347.63589204915365,0.0,0.6875,0.71875
2155600,347.915424957002,0.0,0.875,0.796875
2155700,348.13634334378014,0.0,0.875,0.671875
2155800,348.5803569000957,0.0,0.75,0.828125
2155900,349.09994077697,0.0,0.6875,0.671875
2156000,349.49532388736253,0.0,0.625,0.765625
2156100,350.3021727677406,0.0,0.75,0.765625
2156200,351.1999090199117,0.0,0.625,0.796875
2156300,352.3769082526003,0.0,0.8125,0.8125
2156400,354.0498297109721,0.0,0.8125,0.84375
2156500,355.57762393762846,0.0,0.6875,0.734375
2156600,358.7104737453629,0.0,0.6875,0.6875
2156700,363.2659581783303,0.0,0.5625,0.703125
2156800,375.16289288085073,0.0,0.75,0.859375
2156900,393.71112437894294,0.0,0.75,0.71875
2157000,417.11010975789634,0.0,0.625,0.734375
2157100,433.190622626341,0.0,0.625,0.671875
2157200,437.1301960381382,0.0,0.75,0.671875
2157300,438.61968219089704,0.0,0.6875,0.875
2157400,439.05337451121034,0.0,0.8125,0.765625
2157500,439.4708590727118,0.0,0.625,0.78125
2157600,439.83955866583864,0.0,0.6875,0.703125
2157700,440.011350153257,0.0,0.75,0.75
2157800,440.377031224584,0.0,0.5625,0.703125
2157900,440.63932148520263,0.0,0.6875,0.734375
2158000,440.90407627063206,0.0,0.8125,0.703125
2158100,441.25691611358593,0.0,0.8125,0.765625
2158200,441.43383130440805,0.0,0.875,0.828125
2158300,441.6008083226674,0.0,0.75,0.828125
2158400,441.7578636923359,0.0,0.8125,0.8125
2158500,441.9346498369584,0.0,0.6875,0.75
2158600,442.17592129500855,0.0,0.6875,0.6875
2158700,442.32668717756565,0.0,0.75,0.78125
2158800,442.42033327875583,0.0,0.75,0.75
2158900,442.58811345033894,0.0,0.6875,0.6875
2159000,442.69032245188146,0.0,0.6875,0.71875
2159100,442.84159962788453,0.0,0.6875,0.75
2159200,442.92073146579554,0.0,0.6875,0.75
2159300,443.1237220804469,0.0,0.6875,0.828125
2159400,443.3977444929554,0.0,0.75,0.6875
2159500,443.6835982882622,0.0,0.625,0.734375
2159600,443.8383936307614,0.0,0.75,0.75
2159700,444.033334298227,0.0,0.625,0.671875
2159800,444.223266864169,0.0,0.75,0.703125
2159900,444.3070673665057,0.0,0.8125,0.78125
2160000,444.38349047494916,0.0,0.6875,0.75
2160100,444.5077533494662,0.0,0.6875,0.84375
2160200,444.69553070467276,0.0,0.6875,0.75
2160300,444.8917845792152,0.0,0.75,0.8125
2160400,444.9351698798255,0.0,0.75,0.765625
2160500,444.98724150393286,0.0,0.625,0.78125
2160600,445.1109636844956,0.0,0.75,0.734375
2160700,445.1702290409551,0.0,0.6875,0.8125
2160800,445.19873862446633,0.0,0.625,0.796875
2160900,445.26246024212713,0.0,0.625,0.796875
2161000,445.29333569965837,0.0,0.6875,0.703125
2161100,445.3454923048484,0.0,0.75,0.796875
2161200,445.44479602319984,0.0,0.6875,0.828125
2161300,445.46338973594504,0.0,0.75,0.734375
2161400,445.51522955399514,0.0,0.75,0.796875
2161500,445.57491540602126,0.0,0.75,0.84375
2161600,445.71575351839294,0.0,0.625,0.71875
2161700,445.73908665043547,0.0,0.625,0.765625
2161800,445.7437838551806,0.0,0.8125,0.671875
2161900,445.7933551821272,0.0,0.6875,0.828125
2162000,445.8602345329877,0.0,0.75,0.8125
2162100,445.8706704383537,0.0,0.6875,0.765625
2162200,446.00416795969306,0.0,0.8125,0.75
2162300,446.03703062360114,0.0,0.8125,0.828125
2162400,446.0632031012689,0.0,0.75,0.765625
2162500,446.07431728102335,0.0,0.6875,0.75
2162600,446.1339951014584,0.0,0.8125,0.8125
2162700,446.2828685710968,0.0,0.625,0.71875
2162800,446.29870865933106,0.0,0.6875,0.703125
2162900,446.3573831009676,0.0,0.5625,0.671875
2163000,446.40293094601367,0.0,0.8125,0.765625
2163100,446.42065878440076,0.0,0.625,0.796875
2163200,446.42677183578627,0.0,0.75,0.765625
2163300,446.46638020413917,0.0,0.625,0.765625
2163400,446.5550578710266,0.0,0.8125,0.859375
2163500,446.56873668080453,0.0,0.75,0.765625
2163600,446.58221545929933,0.0,0.6875,0.65625
2163700,446.6920327768749,0.0,0.75,0.78125
2163800,446.7086501937473,0.0,0.5625,0.796875
2163900,446.7212172842147,0.0,0.625,0.734375
2164000,446.84592927606474,0.0,0.6875,0.734375
2164100,446.8617664781234,0.0,0.6875,0.8125
2164200,446.9357131392081,0.0,0.75,0.828125
2164300,446.9753600231824,0.0,0.625,0.765625
2164400,447.0590404898535,0.0,0.6875,0.671875
2164500,447.0767329573633,0.0,0.6875,0.671875
2164600,447.08965208401486,0.0,0.8125,0.734375
2164700,447.0988819187982,0.0,0.875,0.734375
2164800,447.0998432921228,0.0,0.75,0.71875
2164900,447.1370393210586,0.0,0.6875,0.71875
2165000,447.1567653405755,0.0,0.6875,0.71875
2165100,447.19102862420726,0.0,0.875,0.765625
2165200,447.1998221254886,0.0,0.75,0.625
2165300,447.21189525981856,0.0,0.625,0.78125
2165400,447.2688179053439,0.0,0.625,0.734375
2165500,447.3283634032194,0.0,0.6875,0.640625
2165600,447.3419830293209,0.0,0.625,0.78125
2165700,447.44158919150067,0.0,0.6875,0.71875
2165800,447.45049859046793,0.0,0.75,0.78125
2165900,447.46334184567195,0.0,0.6875,0.6875
2166000,447.4782591308334,0.0,0.5625,0.765625
2166100,447.501986027553,0.0,0.875,0.8125
2166200,447.51233038935146,0.0,0.75,0.765625
2166300,447.54979306033135,0.0,0.6875,0.734375
2166400,447.61551625490716,0.0,0.8125,0.78125
2166500,447.6261674961776,0.0,0.75,0.75
2166600,447.68855337610034,0.0,0.875,0.71875
2166700,447.73445592906506,0.0,0.6875,0.75
2166800,447.79303245607787,0.0,0.6875,0.734375
2166900,447.82842566552364,0.0,0.8125,0.78125
2167000,447.8542323016462,0.0,0.625,0.765625
2167100,447.86940723157244,0.0,0.625,0.765625
2167200,447.878046645876,0.0,0.875,0.78125
2167300,447.9236738986834,0.0,0.75,0.75
2167400,447.9322295505246,0.0,0.8125,0.75
2167500,447.94322130410296,0.0,0.625,0.71875
2167600,447.9471645555482,0.0,0.8125,0.78125
2167700,447.9556816322591,0.0,0.625,0.6875
2167800,448.03364668806245,0.0,0.75,0.765625
2167900,448.04080935320786,0.0,0.5625,0.6875
2168000,448.0656708256176,0.0,0.8125,0.796875
2168100,448.1844336602395,0.0,0.8125,0.75
2168200,448.212441143264,0.0,0.6875,0.703125
2168300,448.22703289220647,0.0,0.75,0.765625
2168400,448.29504159226303,0.0,0.6875,0.8125
2168500,448.3397148217254,0.0,0.8125,0.65625
2168600,448.3451612367896,0.0,0.8125,0.765625
2168700,448.42677362826527,0.0,0.6875,0.84375
2168800,448.4900874104053,0.0,0.75,0.6875
2168900,448.5716167799512,0.0,0.875,0.71875
2169000,448.6567064714921,0.0,0.625,0.71875
2169100,448.69942612661987,0.0,0.6875,0.765625
2169200,448.74572151648863,0.0,0.75,0.859375
2169300,448.7637866993924,0.0,0.875,0.765625
2169400,448.81372423371624,0.0,0.75,0.75
2169500,448.8493795066175,0.0,0.6875,0.859375
2169600,448.85528567097913,0.0,0.625,0.765625
2169700,448.8737616282217,0.0,0.6875,0.65625
2169800,448.8758469133644,0.0,0.75,0.6875
2169900,448.9184043425576,0.0,0.75,0.796875
2170000,448.9203645492907,0.0,0.6875,0.78125
2170100,448.9416979499706,0.0,0.8125,0.703125
2170200,448.9559447494471,0.0,0.625,0.8125
2170300,449.0153013273728,0.0,0.625,0.75
2170400,449.0264629449283,0.0,0.875,0.75
2170500,449.04192991551866,0.0,0.625,0.78125
2170600,449.07314961823744,0.0,0.6875,0.8125
2170700,449.1617838248766,0.0,0.8125,0.828125
2170800,449.2287108139454,0.0,0.625,0.765625
2170900,449.2600775670095,0.0,0.875,0.71875
2171000,449.40968656300157,0.0,0.9375,0.71875
2171100,449.44335029588683,0.0,0.6875,0.734375
2171200,449.4794090858311,0.0,0.6875,0.71875
2171300,449.49861823377796,0.0,0.75,0.65625
2171400,449.49947770803055,0.0,0.8125,0.78125
2171500,449.51671431553933,0.0,0.75,0.78125
2171600,449.594735577369,0.0,0.875,0.671875
2171700,449.6002705846652,0.0,0.6875,0.71875
2171800,449.6556407971243,0.0,0.8125,0.875
2171900,449.68870472337875,0.0,0.875,0.6875
2172000,449.74817482404364,0.0,0.8125,0.796875
2172100,449.76585481278426,0.0,0.6875,0.75
2172200,449.77386362151697,0.0,0.8125,0.765625
2172300,449.7887203962086,0.0,0.8125,0.84375
2172400,449.8199946407279,0.0,0.75,0.765625
2172500,449.87658471200666,0.0,0.75,0.796875
2172600,449.92281052513067,0.0,0.6875,0.71875
2172700,449.9650305634746,0.0,0.8125,0.75
2172800,449.97759076095156,0.0,0.625,0.828125
2172900,449.98075679657984,0.0,0.8125,0.71875
2173000,449.9878582019824,0.0,0.75,0.734375
2173100,450.00562435475877,0.0,0.6875,0.828125
2173200,450.0531299567475,0.0,0.6875,0.796875
2173300,450.0607903132919,0.0,0.8125,0.84375
2173400,450.0653001241875,0.0,0.6875,0.75
2173500,450.11572840875357,0.0,0.6875,0.703125
2173600,450.17646689264075,0.0,0.8125,0.765625
2173700,450.1889701178959,0.0,0.875,0.765625
2173800,450.19873813003187,0.0,0.75,0.796875
2173900,450.2120015050793,0.0,0.75,0.765625
2174000,450.2293429006223,0.0,0.6875,0.734375
2174100,450.2435528297966,0.0,0.75,0.671875
2174200,450.258994916439,0.0,0.8125,0.78125
2174300,450.29983893138615,0.0,0.8125,0.71875
2174400,450.30398296334414,0.0,0.75,0.734375
2174500,450.3288962905015,0.0,0.8125,0.6875
2174600,450.3511891485438,0.0,0.75,0.78125
2174700,450.38110706538976,0.0,0.875,0.75
2174800,450.39972638137084,0.0,0.8125,0.78125
2174900,450.42667927695044,0.0,0.8125,0.734375
2175000,237.04856634201252,0.0,0.6875,0.765625
2175100,237.52616651799758,0.0,0.6875,0.8125
2175200,237.95259977546883,0.0,0.75,0.8125
2175300,238.23906372859713,0.0,0.6875,0.671875
2175400,238.58176955999443,0.0,0.75,0.71875
2175500,239.00815450183708,0.0,0.75,0.734375
2175600,239.54461276465625,0.0,0.875,0.71875
2175700,241.01046204272964,0.0,0.75,0.734375
2175800,242.65422927066467,0.0,0.875,0.8125
2175900,243.87335558080335,0.0,0.8125,0.734375
2176000,245.7770159352987,0.0,0.8125,0.875
2176100,248.07426624250647,0.0,0.8125,0.734375
2176200,253.38167196501647,0.0,0.625,0.796875
2176300,259.2036317535971,0.0,0.6875,0.6875
2176400,284.72455761094454,0.0,0.625,0.765625
2176500,304.3792955126164,0.0,0.6875,0.59375
2176600,313.5023893638405,0.0,0.8125,0.734375
2176700,321.91033734512195,0.0,0.75,0.78125
2176800,326.9635499174558,0.0,0.5625,0.71875
2176900,330.4208035324107,0.0,0.75,0.765625
2177000,331.97935846180656,0.0,0.8125,0.78125
2177100,333.6448937770479,0.0,0.8125,0.78125
2177200,334.991856020916,0.0,0.75,0.796875
2177300,335.7413534165865,0.0,0.75,0.75
2177400,337.11115339588025,0.0,0.75,0.78125
2177500,337.95878141302876,0.0,0.6875,0.796875
2177600,339.0628948463392,0.0,0.75,0.765625
2177700,339.75150027255745,0.0,0.625,0.6875
2177800,340.363416121542,0.0,0.6875,0.796875
2177900,340.9698852488644,0.0,0.9375,0.765625
2178000,341.416846475154,0.0,0.6875,0.65625
2178100,341.98203851346994,0.0,0.8125,0.6875
2178200,342.6570114705587,0.0,0.75,0.703125
2178300,343.1018665648077,0.0,0.75,0.84375
2178400,343.8614523898831,0.0,0.8125,0.765625
2178500,344.43882177712254,0.0,0.75,0.75
2178600,345.02109403528095,0.0,0.6875,0.765625
2178700,345.63156671652825,0.0,0.6875,0.734375
2178800,347.13195097823456,0.0,0.5625,0.796875
2178900,350.4390211023073,0.0,0.8125,0.703125
2179000,364.9240953960705,0.0,0.625,0.703125
2179100,408.5169392209538,0.0,0.875,0.78125
2179200,426.93128728253276,0.0,0.75,0.796875
2179300,436.494567844243,0.0,0.6875,0.8125
2179400,439.3832572989218,0.0,0.8125,0.671875
2179500,441.5390305750501,0.0,0.8125,0.78125
2179600,443.3499149995608,0.0,0.75,0.859375
2179700,445.22762577179947,0.0,0.8125,0.75
2179800,445.9444816587338,0.0,0.8125,0.796875
2179900,446.9050241930106,0.0,0.75,0.71875
2180000,447.3539053371295,0.0,0.75,0.71875
2180100,447.7732334510699,0.0,0.625,0.734375
2180200,448.1456320266903,0.0,0.75,0.765625
2180300,448.51741598219957,0.0,0.8125,0.75
2180400,449.07875743434835,0.0,0.6875,0.703125
2180500,449.47719475903983,0.0,0.8125,0.6875
2180600,449.84106240576415,0.0,0.8125,0.671875
2180700,450.2081737789689,0.0,0.75,0.8125
2180800,450.3721472629213,0.0,0.75,0.828125
2180900,450.7377951823737,0.0,0.6875,0.78125
2181000,450.8647688510743,0.0,0.6875,0.671875
2181100,451.09365019257086,0.0,0.75,0.765625
2181200,451.2538598540337,0.0,0.75,0.75
2181300,451.4603442383194,0.0,0.8125,0.765625
2181400,451.62406856789465,0.0,0.875,0.78125
2181500,451.84658547969,0.0,0.8125,0.703125
2181600,452.024119613276,0.0,0.8125,0.6875
2181700,452.1627481190846,0.0,0.6875,0.640625
2181800,452.3551224602078,0.0,0.6875,0.78125
2181900,452.4986616058659,0.0,0.8125,0.765625
2182000,452.659052751379,0.0,0.75,0.78125
2182100,452.8138654093133,0.0,0.6875,0.75
2182200,452.9995386727021,0.0,0.75,0.765625
2182300,453.16638974716216,0.0,0.6875,0.78125
2182400,453.3630086988596,0.0,0.8125,0.8125
2182500,453.50927493580355,0.0,0.5625,0.8125
2182600,453.59452391788636,0.0,0.8125,0.78125
2182700,453.71245700665025,0.0,0.875,0.765625
2182800,453.8074425699884,0.0,0.8125,0.71875
2182900,453.91028453552246,0.0,0.6875,0.75
2183000,453.98824033465525,0.0,0.8125,0.703125
2183100,454.0404677306038,0.0,0.6875,0.734375
2183200,454.10873030720063,0.0,0.8125,0.796875
2183300,454.18975054886084,0.0,0.75,0.703125
2183400,454.3101585420995,0.0,0.75,0.75
2183500,454.4060679424682,0.0,0.75,0.78125
2183600,454.4971233339808,0.0,0.8125,0.734375
2183700,454.5521154958676,0.0,0.75,0.734375
2183800,454.5723703182636,0.0,0.8125,0.796875
2183900,454.6269238121122,0.0,0.75,0.734375
2184000,454.6487096708484,0.0,0.6875,0.734375
2184100,454.7157469064035,0.0,0.75,0.703125
2184200,454.7691355901919,0.0,0.75,0.765625
2184300,454.8192375002099,0.0,0.875,0.6875
2184400,454.87020479639136,0.0,0.75,0.828125
2184500,454.90000914095833,0.0,0.8125,0.703125
2184600,454.92710737523737,0.0,0.75,0.796875
2184700,454.9753412243987,0.0,0.75,0.75
2184800,455.02681433662985,0.0,0.75,0.796875
2184900,455.06562991739406,0.0,0.8125,0.796875
2185000,455.0903501710597,0.0,0.8125,0.796875
2185100,455.13855844630064,0.0,0.8125,0.765625
2185200,455.1759227458275,0.0,0.75,0.765625
2185300,455.19648892006694,0.0,0.6875,0.734375
2185400,455.23628624558285,0.0,0.8125,0.71875
2185500,455.2803751683576,0.0,0.8125,0.84375
2185600,455.28978730034436,0.0,0.875,0.734375
2185700,455.29936564334565,0.0,0.8125,0.671875
2185800,455.32316710050344,0.0,0.8125,0.75
2185900,455.32809621235475,0.0,0.6875,0.828125
2186000,455.34747310601944,0.0,0.875,0.765625
2186100,455.3584169971012,0.0,0.8125,0.78125
2186200,455.3667293449361,0.0,0.875,0.703125
2186300,455.37178152072767,0.0,0.6875,0.734375
2186400,455.3769807968163,0.0,0.75,0.734375
2186500,455.3836740716954,0.0,0.75,0.78125
2186600,455.38882883760573,0.0,0.875,0.765625
2186700,455.39580405316303,0.0,0.875,0.71875
2186800,455.4025400645993,0.0,0.8125,0.890625
2186900,455.4066671985788,0.0,0.5625,0.859375
2187000,455.41318855430364,0.0,0.75,0.703125
2187100,455.4224516203873,0.0,0.8125,0.75
2187200,455.4261969234364,0.0,0.75,0.734375
2187300,455.4347843212683,0.0,0.75,0.671875
2187400,455.4381231681631,0.0,0.75,0.828125
2187500,455.43998644939285,0.0,0.8125,0.703125
2187600,455.4453372223266,0.0,0.75,0.703125
2187700,455.44981846411895,0.0,0.6875,0.828125
2187800,455.4550812323553,0.0,0.6875,0.6875
2187900,455.4581702242983,0.0,0.75,0.8125
2188000,455.4592519894414,0.0,0.625,0.765625
2188100,455.4638831399266,0.0,0.8125,0.796875
2188200,455.46627417134454,0.0,0.5625,0.703125
2188300,455.4790929924653,0.0,0.75,0.734375
2188400,455.48447438911484,0.0,0.75,0.734375
2188500,455.48719753614347,0.0,0.8125,0.796875
2188600,455.487760611304,0.0,0.8125,0.765625
2188700,455.4969041395375,0.0,0.6875,0.765625
2188800,455.498718243482,0.0,0.75,0.84375
2188900,455.5034382006792,0.0,0.6875,0.71875
2189000,455.5063392921963,0.0,0.75,0.84375
2189100,455.50830228159725,0.0,0.625,0.828125
2189200,455.5121929348324,0.0,0.9375,0.828125
2189300,455.5133968497479,0.0,0.875,0.765625
2189400,455.515319097682,0.0,0.75,0.8125
2189500,455.5179142875604,0.0,0.75,0.828125
2189600,455.52084346750235,0.0,0.75,0.875
2189700,455.52495448175756,0.0,0.875,0.65625
2189800,455.5291915754235,0.0,0.75,0.765625
2189900,455.53325901379793,0.0,0.8125,0.6875
2190000,455.53610909536525,0.0,0.75,0.78125
2190100,455.5385528488894,0.0,0.6875,0.671875
2190200,455.5427486295284,0.0,0.875,0.78125
2190300,455.5486852270267,0.0,0.6875,0.78125
2190400,455.55326081764275,0.0,0.6875,0.6875
2190500,455.5550932806461,0.0,0.8125,0.8125
2190600,455.55765170823,0.0,0.75,0.71875
2190700,455.5608940196624,0.0,0.6875,0.765625
2190800,455.5674549551725,0.0,0.75,0.703125
2190900,455.5728536974742,0.0,0.6875,0.734375
2191000,455.5750426251057,0.0,0.6875,0.859375
2191100,455.5771861064869,0.0,0.75,0.75
2191200,455.5788727140684,0.0,0.5625,0.78125
2191300,455.5808933805299,0.0,0.8125,0.78125
2191400,455.5823177921615,0.0,0.625,0.734375
2191500,455.58479249048713,0.0,0.625,0.796875
2191600,455.5867420806143,0.0,0.6875,0.71875
2191700,455.58976809457465,0.0,0.6875,0.65625
2191800,455.59169191837185,0.0,0.625,0.8125
2191900,455.59360569487507,0.0,0.75,0.75
2192000,455.59606818875096,0.0,0.625,0.640625
2192100,455.5982688840164,0.0,0.625,0.8125
2192200,455.6002341203124,0.0,0.625,0.75
2192300,455.6064768800549,0.0,0.6875,0.765625
2192400,455.60993097602426,0.0,0.6875,0.71875
2192500,455.6132459455266,0.0,0.75,0.796875
2192600,455.6175014862858,0.0,0.625,0.609375
2192700,455.62382806690226,0.0,0.9375,0.765625
2192800,455.6275081876394,0.0,0.8125,0.828125
2192900,455.6307836639881,0.0,0.875,0.734375
2193000,455.6333055163576,0.0,0.8125,0.671875
2193100,455.6356327842903,0.0,0.6875,0.796875
2193200,455.6399090481743,0.0,0.8125,0.671875
2193300,455.6436635847912,0.0,0.625,0.84375
2193400,455.646360792699,0.0,0.6875,0.828125
2193500,455.6482058521246,0.0,0.75,0.765625
2193600,455.65120548763764,0.0,0.75,0.71875
2193700,455.6615498805048,0.0,0.75,0.734375
2193800,455.66317408691305,0.0,0.625,0.796875
2193900,455.66669647964204,0.0,0.5625,0.765625
2194000,455.6694607868409,0.0,0.6875,0.671875
2194100,455.6732263820805,0.0,0.8125,0.796875
2194200,455.67465627481795,0.0,0.75,0.75
2194300,455.6797190206513,0.0,0.6875,0.6875
2194400,455.68213600418215,0.0,0.6875,0.75
2194500,455.6834751729116,0.0,0.8125,0.734375
2194600,455.6853801136053,0.0,0.6875,0.78125
2194700,455.68834867908,0.0,0.75,0.703125
2194800,455.6903721433148,0.0,0.8125,0.703125
2194900,455.6917878460147,0.0,0.8125,0.84375
2195000,455.693786862678,0.0,0.8125,0.828125
2195100,455.6975052458746,0.0,0.8125,0.71875
2195200,455.6981378568072,0.0,0.8125,0.75
2195300,455.6997853805666,0.0,0.625,0.703125
2195400,455.7009243959004,0.0,0.75,0.75
2195500,455.7033392726238,0.0,0.6875,0.765625
2195600,455.70491236299966,0.0,0.75,0.765625
2195700,455.7089476775829,0.0,0.75,0.6875
2195800,455.71153808383986,0.0,0.75,0.75
2195900,455.7150176543867,0.0,0.625,0.796875
2196000,455.7194127616228,0.0,0.5625,0.765625
2196100,455.7203653647796,0.0,0.8125,0.796875
2196200,455.72309049832955,0.0,0.75,0.671875
2196300,455.7249234588476,0.0,0.875,0.71875
2196400,455.72714459934843,0.0,0.75,0.703125
2196500,455.72992670325334,0.0,0.8125,0.84375
2196600,455.7343187752424,0.0,0.6875,0.796875
2196700,455.7370905292964,0.0,0.75,0.765625
2196800,455.73872279976763,0.0,0.8125,0.703125
2196900,455.7421059917975,0.0,0.6875,0.765625
2197000,455.7430496729328,0.0,0.8125,0.828125
2197100,455.74677366299295,0.0,0.6875,0.734375
2197200,455.7494793581269,0.0,0.75,0.78125
2197300,455.7513940482162,0.0,0.6875,0.765625
2197400,455.75515900160354,0.0,0.8125,0.828125
2197500,455.75618697128937,0.0,0.8125,0.796875
2197600,455.7600531446594,0.0,0.875,0.84375
2197700,455.76177879345477,0.0,0.625,0.71875
2197800,455.76465257426776,0.0,0.6875,0.78125
2197900,455.7705855203022,0.0,0.75,0.84375
2198000,455.7738582939939,0.0,0.625,0.859375
2198100,455.7756911046655,0.0,0.6875,0.75
2198200,455.7781627102839,0.0,0.6875,0.671875
2198300,455.7812820160102,0.0,0.75,0.78125
2198400,455.7853078740513,0.0,0.625,0.734375
2198500,455.7873468783645,0.0,0.875,0.78125
2198600,455.79085846029227,0.0,0.6875,0.78125
2198700,455.79534169010697,0.0,0.6875,0.796875
2198800,455.7979019975085,0.0,0.75,0.84375
2198900,455.80550915441,0.0,0.8125,0.671875
2199000,455.807962860383,0.0,0.875,0.796875
2199100,455.80975218079914,0.0,0.8125,0.765625
2199200,455.81104676566355,0.0,0.875,0.796875
2199300,455.81317791800177,0.0,0.6875,0.6875
2199400,455.8160256501189,0.0,0.6875,0.765625
2199500,455.8186926909964,0.0,0.6875,0.796875
2199600,455.82453471684744,0.0,0.75,0.75
2199700,455.8271655116552,0.0,0.625,0.640625
2199800,455.8276969297648,0.0,0.8125,0.796875
2199900,455.83116678222785,0.0,0.8125,0.75
2200000,238.36381617753,0.0,0.6875,0.734375
2200100,238.48990924674544,0.0,0.75,0.84375
2200200,238.59255766791662,0.0,0.6875,0.65625
2200300,238.7615532779401,0.0,0.75,0.796875
2200400,238.9483375752951,0.0,0.75,0.78125
2200500,239.0628876978787,0.0,0.75,0.78125
2200600,239.10584114286524,0.0,0.75,0.75
2200700,239.21614187033478,0.0,0.75,0.8125
2200800,239.33078541569776,0.0,0.75,0.8125
2200900,239.4103485190014,0.0,0.6875,0.734375
2201000,239.70719346154794,0.0,0.8125,0.78125
2201100,239.86233965108792,0.0,0.625,0.78125
2201200,240.0224970375157,0.0,0.6875,0.765625
2201300,240.32355437229782,0.0,0.6875,0.828125
2201400,240.62507031667914,0.0,0.6875,0.6875
2201500,240.82958766373858,0.0,0.8125,0.6875
2201600,241.02029493667527,0.0,0.875,0.796875
2201700,241.25320202625755,0.0,0.625,0.796875
2201800,241.32116459408786,0.0,0.8125,0.765625
2201900,241.5819776871043,0.0,0.6875,0.6875
2202000,241.91376599955618,0.0,0.6875,0.796875
2202100,242.34818992177205,0.0,0.75,0.8125
2202200,242.80179609702262,0.0,0.75,0.734375
2202300,243.27794240991207,0.0,0.8125,0.8125
2202400,243.8278691916371,0.0,0.6875,0.71875
2202500,244.26577528316537,0.0,0.6875,0.78125
2202600,244.9628568682653,0.0,0.6875,0.6875
2202700,245.72720437896123,0.0,0.8125,0.765625
2202800,246.57443399355748,0.0,0.6875,0.75
2202900,247.81957524724268,0.0,0.6875,0.75
2203000,249.59616993379547,0.0,0.75,0.734375
2203100,289.0312423365767,0.0,0.75,0.765625
2203200,330.4576204744917,0.0,0.875,0.78125
2203300,338.58151938894343,0.0,0.8125,0.84375
2203400,341.3776616065178,0.0,0.8125,0.75
2203500,343.4379642800691,0.0,0.875,0.765625
2203600,345.5145514111945,0.0,0.625,0.703125
2203700,356.92730192665863,0.0,0.75,0.765625
2203800,385.19532243357196,0.0,0.8125,0.75
2203900,420.6176899303326,0.0,0.6875,0.75
2204000,428.0367454306135,0.0,0.6875,0.765625
2204100,432.35410237015066,0.0,0.6875,0.734375
2204200,434.6095370809055,0.0,0.625,0.828125
2204300,435.1556115779806,0.0,0.6875,0.796875
2204400,435.6762084822989,0.0,0.75,0.8125
2204500,436.0747478909502,0.0,0.75,0.75
2204600,436.64513564092573,0.0,0.75,0.765625
2204700,436.97084728245574,0.0,0.8125,0.8125
2204800,437.1641795047573,0.0,0.75,0.890625
2204900,437.42035749390783,0.0,0.625,0.78125
2205000,437.75290977691066,0.0,0.875,0.78125
2205100,438.06089100235187,0.0,0.75,0.796875
2205200,438.3391574794653,0.0,0.875,0.796875
2205300,438.5794397160858,0.0,0.75,0.734375
2205400,438.8232857288848,0.0,0.6875,0.828125
2205500,439.0560258914948,0.0,0.8125,0.75
2205600,439.2349794322829,0.0,0.625,0.734375
2205700,439.34031058097236,0.0,0.8125,0.734375
2205800,439.5203743276497,0.0,0.625,0.640625
2205900,439.6075744689783,0.0,0.75,0.765625
2206000,439.88790384942325,0.0,0.5625,0.78125
2206100,440.0106947700321,0.0,0.625,0.734375
2206200,440.1679750763099,0.0,0.6875,0.734375
2206300,440.31618427613904,0.0,0.8125,0.671875
2206400,440.47559547363767,0.0,0.8125,0.75
2206500,440.57183927999694,0.0,0.8125,0.71875
2206600,440.7072747320325,0.0,0.6875,0.828125
2206700,440.832242153236,0.0,0.6875,0.734375
2206800,440.917881065866,0.0,0.6875,0.8125
2206900,441.07994171227006,0.0,0.625,0.6875
2207000,441.2604419340522,0.0,0.8125,0.78125
2207100,441.3041228162681,0.0,0.75,0.703125
2207200,441.4175355624255,0.0,0.8125,0.859375
2207300,441.4674688102165,0.0,0.6875,0.765625
2207400,441.56780318516104,0.0,0.625,0.71875
2207500,441.66071326141935,0.0,0.8125,0.8125
2207600,441.71361858991224,0.0,0.75,0.796875
2207700,441.7861684909148,0.0,0.8125,0.734375
2207800,441.8954686773957,0.0,0.8125,0.75
2207900,441.937997766263,0.0,0.8125,0.734375
2208000,442.01815948052143,0.0,0.75,0.625
2208100,442.071738717079,0.0,0.5625,0.78125
2208200,442.1316655614467,0.0,0.75,0.8125
2208300,442.18345763639553,0.0,0.625,0.75
2208400,442.27386038881525,0.0,0.8125,0.75
2208500,442.33813531778225,0.0,0.75,0.609375
2208600,442.3911163127918,0.0,0.8125,0.6875
2208700,442.43165756171504,0.0,0.625,0.671875
2208800,442.50657989036614,0.0,0.6875,0.6875
2208900,442.5386033653936,0.0,0.6875,0.875
2209000,442.6134808981233,0.0,0.6875,0.765625
2209100,442.6802126554812,0.0,0.6875,0.828125
2209200,442.76972109900794,0.0,0.875,0.8125
2209300,442.8233004415965,0.0,0.8125,0.78125
2209400,442.8442600307375,0.0,0.75,0.703125
2209500,442.8743982402295,0.0,0.6875,0.671875
2209600,442.9261840758824,0.0,0.625,0.765625
2209700,442.9406644226366,0.0,0.75,0.78125
2209800,442.98114056716315,0.0,0.875,0.75
2209900,443.0817642411928,0.0,0.6875,0.75
2210000,443.11328788863017,0.0,0.8125,0.765625
2210100,443.1227418040056,0.0,0.75,0.703125
2210200,443.29904052606616,0.0,0.8125,0.734375
2210300,443.3261192931578,0.0,0.6875,0.703125
2210400,443.34127483829747,0.0,0.875,0.71875
2210500,443.5076415934501,0.0,0.8125,0.828125
2210600,443.53576440524074,0.0,0.8125,0.765625
2210700,443.55416759027526,0.0,0.8125,0.828125
2210800,443.56470252739115,0.0,0.75,0.703125
2210900,443.6008498911859,0.0,0.8125,0.734375
2211000,443.61874307289366,0.0,0.875,0.734375
2211100,443.6872650392318,0.0,0.6875,0.765625
2211200,443.7098031348379,0.0,0.8125,0.75
2211300,443.71630035629585,0.0,0.6875,0.765625
2211400,443.798955383827,0.0,0.6875,0.765625
2211500,443.8999837936065,0.0,0.75,0.71875
2211600,444.0269619603627,0.0,0.8125,0.765625
2211700,444.046017669014,0.0,0.75,0.734375
2211800,444.06378263689794,0.0,0.8125,0.6875
2211900,444.07598513305476,0.0,0.6875,0.6875
2212000,444.106765156529,0.0,0.8125,0.796875
2212100,444.11001200436726,0.0,0.75,0.765625
2212200,444.18990480005004,0.0,0.75,0.796875
2212300,444.2054823142384,0.0,0.6875,0.765625
2212400,444.21584115700364,0.0,0.8125,0.703125
2212500,444.2177118730047,0.0,0.75,0.703125
2212600,444.224081055026,0.0,0.8125,0.78125
2212700,444.2526383491181,0.0,0.625,0.71875
2212800,444.25563722028556,0.0,0.8125,0.828125
2212900,444.2658211375789,0.0,0.875,0.75
2213000,444.30273803571345,0.0,0.8125,0.796875
2213100,444.3234166558993,0.0,0.8125,0.796875
2213200,444.3284289834382,0.0,0.75,0.765625
2213300,444.42286486121554,0.0,0.75,0.71875
2213400,444.43366617575043,0.0,0.5625,0.71875
2213500,444.5196181524436,0.0,0.8125,0.828125
2213600,444.5355191758989,0.0,0.75,0.71875
2213700,444.55964213817504,0.0,0.6875,0.796875
2213800,444.5610096090941,0.0,0.6875,0.8125
2213900,444.56868100843496,0.0,0.75,0.78125
2214000,444.7103157310649,0.0,0.875,0.8125
2214100,444.82943920900385,0.0,0.875,0.75
2214200,444.8339380099716,0.0,0.625,0.8125
2214300,444.8513785237065,0.0,0.6875,0.734375
2214400,444.95336157476686,0.0,0.8125,0.8125
2214500,445.03750530104577,0.0,0.875,0.8125
2214600,445.21298438308037,0.0,0.6875,0.734375
2214700,445.2248422988276,0.0,0.8125,0.8125
2214800,445.2496224187497,0.0,0.6875,0.734375
2214900,445.2721424202711,0.0,0.6875,0.6875
2215000,445.3067822780976,0.0,0.75,0.765625
2215100,445.39801370844094,0.0,0.6875,0.734375
2215200,445.4648222950048,0.0,0.6875,0.6875
2215300,445.4747668538127,0.0,0.8125,0.75
2215400,445.4948349520305,0.0,0.75,0.6875
2215500,445.50615353172924,0.0,0.8125,0.71875
2215600,445.5187083828821,0.0,0.9375,0.734375
2215700,445.5239424752407,0.0,0.75,0.734375
2215800,445.5277500217786,0.0,0.75,0.65625
2215900,445.5440485749808,0.0,0.8125,0.6875
2216000,445.5511418120873,0.0,0.6875,0.71875
2216100,445.55668848364286,0.0,0.75,0.734375
2216200,445.57146942954677,0.0,0.6875,0.703125
2216300,445.64959030078734,0.0,0.875,0.875
2216400,445.6876542740747,0.0,0.75,0.78125
2216500,445.7253662258444,0.0,0.6875,0.703125
2216600,445.73176808387205,0.0,0.8125,0.703125
2216700,445.7370513976205,0.0,0.8125,0.765625
2216800,445.74600894458143,0.0,0.75,0.671875
2216900,445.75703153413735,0.0,0.8125,0.78125
2217000,445.76217129811033,0.0,0.9375,0.75
2217100,445.7750880030201,0.0,0.875,0.765625
2217200,445.7894769427613,0.0,0.75,0.6875
2217300,445.84105939622714,0.0,0.8125,0.71875
2217400,445.85106268320584,0.0,0.8125,0.703125
2217500,445.85731577148215,0.0,0.75,0.796875
2217600,445.8732290652287,0.0,0.875,0.78125
2217700,445.881559942582,0.0,0.8125,0.75
2217800,445.88924396217226,0.0,0.6875,0.75
2217900,445.8955913220095,0.0,0.6875,0.703125
2218000,445.90449213241044,0.0,0.6875,0.671875
2218100,445.99218109137814,0.0,0.8125,0.828125
2218200,446.0231348179791,0.0,0.875,0.796875
2218300,446.0298935111189,0.0,0.6875,0.78125
2218400,446.0409941867582,0.0,0.6875,0.734375
2218500,446.0606307632959,0.0,0.8125,0.65625
2218600,446.11074588081,0.0,0.875,0.875
2218700,446.1330576609323,0.0,0.75,0.796875
2218800,446.1480000009141,0.0,0.75,0.640625
2218900,446.22972916253394,0.0,0.6875,0.734375
2219000,446.2334721697581,0.0,0.875,0.78125
2219100,446.24660812257576,0.0,0.6875,0.6875
2219200,446.2613540488916,0.0,0.75,0.625
2219300,446.2786221994942,0.0,0.6875,0.75
2219400,446.29155436873515,0.0,0.8125,0.6875
2219500,446.3587141878051,0.0,0.875,0.71875
2219600,446.4421200926683,0.0,0.75,0.765625
2219700,446.47999398047585,0.0,0.8125,0.75
2219800,446.48603042341585,0.0,0.75,0.65625
2219900,446.50016745507907,0.0,0.6875,0.625
2220000,446.558357026362,0.0,0.875,0.75
2220100,446.5616632196571,0.0,0.6875,0.75
2220200,446.562262077762,0.0,0.6875,0.71875
2220300,446.57042986577625,0.0,0.875,0.75
2220400,446.5802717336593,0.0,0.8125,0.734375
2220500,446.59548053158716,0.0,0.75,0.640625
2220600,446.59943373918196,0.0,0.6875,0.71875
2220700,446.6061618114769,0.0,0.75,0.71875
2220800,446.62184514345716,0.0,0.8125,0.734375
2220900,446.7236366377174,0.0,0.8125,0.75
2221000,446.73914825905825,0.0,0.6875,0.671875
2221100,446.8003848271124,0.0,0.75,0.8125
2221200,446.8079287890329,0.0,0.5625,0.609375
2221300,446.8249192076475,0.0,0.75,0.609375
2221400,446.8454198309618,0.0,0.8125,0.65625
2221500,446.8577379539501,0.0,0.6875,0.671875
2221600,446.8622258006143,0.0,0.875,0.703125
2221700,446.87023152638477,0.0,0.9375,0.78125
2221800,446.88042979127147,0.0,0.6875,0.78125
2221900,446.89640531385027,0.0,0.75,0.734375
2222000,446.90213209618577,0.0,0.875,0.75
2222100,446.9091200509806,0.0,0.625,0.78125
2222200,447.04824023308777,0.0,0.75,0.734375
2222300,447.05114336551026,0.0,0.75,0.703125
2222400,447.14491639604046,0.0,0.875,0.796875
2222500,447.1543217286639,0.0,0.8125,0.65625
2222600,447.2246825630327,0.0,0.8125,0.8125
2222700,447.22806003117955,0.0,0.875,0.65625
2222800,447.23710463408077,0.0,0.875,0.796875
2222900,447.23873470517185,0.0,0.75,0.75
2223000,447.2509685323092,0.0,0.6875,0.6875
2223100,447.45549382531794,0.0,1,0.796875
2223200,447.46804670724686,0.0,0.75,0.65625
2223300,447.46886838519157,0.0,0.8125,0.75
2223400,447.56639912689235,0.0,0.8125,0.703125
2223500,447.57670980100994,0.0,0.875,0.8125
2223600,447.5965844069827,0.0,0.8125,0.75
2223700,447.60287953301463,0.0,0.75,0.703125
2223800,447.6059149206922,0.0,0.6875,0.734375
2223900,447.6129152265596,0.0,0.875,0.78125
2224000,447.61572053245135,0.0,0.6875,0.796875
2224100,447.62086520307474,0.0,0.875,0.828125
2224200,447.6243065788569,0.0,0.6875,0.671875
2224300,447.73295243089444,0.0,0.6875,0.84375
2224400,447.74199244135394,0.0,0.75,0.8125
2224500,447.75831097840825,0.0,0.75,0.6875
2224600,447.76062116529295,0.0,0.6875,0.796875
2224700,447.76608132748197,0.0,0.8125,0.765625
2224800,447.8488804396722,0.0,0.9375,0.75
2224900,447.8698607078034,0.0,0.75,0.703125
2225000,243.77191813168133,0.0,0.75,0.6875
2225100,244.02829331039268,0.0,0.75,0.71875
2225200,244.26374104927018,0.0,0.6875,0.625
2225300,244.4518572827571,0.0,0.75,0.75
2225400,244.71657413094155,0.0,0.6875,0.75
2225500,244.92489795804445,0.0,0.6875,0.78125
2225600,245.16323363800294,0.0,0.8125,0.734375
2225700,245.46180632449077,0.0,0.6875,0.640625
2225800,245.60448043757634,0.0,0.8125,0.734375
2225900,245.83457841877592,0.0,0.625,0.78125
2226000,246.37184210557717,0.0,0.6875,0.78125
2226100,247.07387766110972,0.0,0.75,0.671875
2226200,248.06050928068225,0.0,0.8125,0.6875
2226300,249.01250581463577,0.0,0.9375,0.78125
2226400,250.11120493517052,0.0,0.75,0.6875
2226500,252.07037478900483,0.0,0.8125,0.6875
2226600,255.32013415635376,0.0,0.6875,0.75
2226700,263.35399500140517,0.0,0.8125,0.65625
2226800,285.59910048634845,0.0,0.6875,0.75
2226900,317.62388090141485,0.0,0.8125,0.703125
2227000,324.88099371359584,0.0,0.8125,0.65625
2227100,330.2818773573891,0.0,0.6875,0.609375
2227200,334.033936524605,0.0,0.8125,0.71875
2227300,335.7917807656923,0.0,0.8125,0.75
2227400,336.58685531112235,0.0,0.9375,0.6875
2227500,337.23260711015473,0.0,0.75,0.703125
2227600,338.31434515621214,0.0,0.75,0.75
2227700,338.8394903729636,0.0,0.75,0.71875
2227800,339.3505156962094,0.0,0.875,0.78125
2227900,339.8485256342753,0.0,0.625,0.75
2228000,340.1129972857069,0.0,0.5625,0.609375
2228100,340.2918748918455,0.0,0.75,0.84375
2228200,340.6141337368024,0.0,0.8125,0.6875
2228300,340.76483374925425,0.0,0.6875,0.625
2228400,340.9633323179133,0.0,0.8125,0.765625
2228500,341.26063329026215,0.0,0.625,0.703125
2228600,341.4938375130487,0.0,0.8125,0.75
2228700,341.6603056728661,0.0,0.8125,0.765625
2228800,341.84294478230083,0.0,0.6875,0.703125
2228900,341.9464198088644,0.0,0.6875,0.78125
2229000,342.03511046833137,0.0,0.6875,0.671875
2229100,342.21001612971895,0.0,0.625,0.78125
2229200,342.29524958493056,0.0,0.6875,0.734375
2229300,342.53328336748166,0.0,0.8125,0.71875
2229400,342.6886782548896,0.0,0.875,0.765625
2229500,342.88315584479955,0.0,0.6875,0.75
2229600,343.0727154009868,0.0,0.75,0.796875
2229700,343.3576310126374,0.0,0.875,0.78125
2229800,343.46689818295584,0.0,0.875,0.703125
2229900,343.77068005639825,0.0,0.8125,0.65625
2230000,343.9521255070162,0.0,0.75,0.734375
2230100,344.18354454370046,0.0,0.5625,0.71875
2230200,344.33438358734844,0.0,0.8125,0.59375
2230300,344.53371211334786,0.0,0.75,0.75
2230400,344.8949087893781,0.0,0.6875,0.6875
2230500,345.0882270874213,0.0,0.75,0.671875
2230600,345.3395617054093,0.0,0.75,0.640625
2230700,345.6451206227898,0.0,0.875,0.6875
2230800,346.0585714265753,0.0,0.8125,0.765625
2230900,346.7801027392017,0.0,0.6875,0.671875
2231000,347.56852035846384,0.0,0.75,0.734375
2231100,348.17420337398755,0.0,0.875,0.734375
2231200,348.62693716802386,0.0,0.625,0.6875
2231300,349.23262969775203,0.0,0.8125,0.734375
2231400,349.88337595732065,0.0,0.8125,0.765625
2231500,350.7012303992592,0.0,0.75,0.703125
2231600,351.57838884337605,0.0,0.6875,0.640625
2231700,353.14224017662633,0.0,0.8125,0.703125
2231800,357.2798293427179,0.0,0.8125,0.703125
2231900,371.6478476010804,0.0,0.75,0.75
2232000,430.32626664597996,0.0,0.625,0.625
2232100,441.99916406304743,0.0,0.9375,0.671875
2232200,444.02879659810867,0.0,0.75,0.71875
2232300,445.1895620399336,0.0,0.75,0.71875
2232400,445.60319166106694,0.0,1,0.765625
2232500,446.3137321292186,0.0,0.6875,0.625
2232600,446.90579766716996,0.0,0.625,0.640625
2232700,447.3240753534417,0.0,0.75,0.796875
2232800,447.69614427499704,0.0,0.75,0.796875
2232900,448.20082069807813,0.0,0.75,0.671875
2233000,448.5455917457138,0.0,0.75,0.78125
2233100,448.95296943215084,0.0,0.6875,0.640625
2233200,449.3958829879245,0.0,0.625,0.6875
2233300,449.630364386448,0.0,0.875,0.703125
2233400,449.89156377778096,0.0,0.8125,0.71875
2233500,450.18615801413506,0.0,0.6875,0.703125
2233600,450.3616304876826,0.0,0.75,0.75
2233700,450.48308847677094,0.0,0.75,0.65625
2233800,450.7091778814663,0.0,0.8125,0.703125
2233900,450.97120302967596,0.0,0.625,0.578125
2234000,451.2967117517178,0.0,0.6875,0.65625
2234100,451.5079605839178,0.0,0.6875,0.671875
2234200,451.5898694155927,0.0,0.8125,0.671875
2234300,451.69577779998315,0.0,0.6875,0.734375
2234400,451.8608699818571,0.0,0.6875,0.765625
2234500,452.0030547991576,0.0,0.625,0.578125
2234600,452.0712334488194,0.0,0.875,0.8125
2234700,452.1912056331968,0.0,0.6875,0.71875
2234800,452.2955063638628,0.0,0.75,0.71875
2234900,452.35803342314216,0.0,0.75,0.6875
2235000,452.50244548342323,0.0,0.6875,0.6875
2235100,452.5521761814208,0.0,0.8125,0.703125
2235200,452.6537192073065,0.0,0.75,0.765625
2235300,452.77325727888575,0.0,0.75,0.625
2235400,452.9203119815445,0.0,0.875,0.75
2235500,452.99392497979403,0.0,0.8125,0.75
2235600,453.089193840472,0.0,0.875,0.6875
2235700,453.1309814683253,0.0,0.75,0.65625
2235800,453.18488117425255,0.0,0.6875,0.734375
2235900,453.30685061749773,0.0,0.6875,0.703125
2236000,453.3848836670137,0.0,0.8125,0.78125
2236100,453.4456751989761,0.0,0.8125,0.796875
2236200,453.46428572051417,0.0,0.8125,0.8125
2236300,453.5064354178612,0.0,0.8125,0.765625
2236400,453.5266829361023,0.0,0.8125,0.703125
2236500,453.5511055663811,0.0,0.6875,0.671875
2236600,453.56862973375803,0.0,0.6875,0.734375
2236700,453.5992864878163,0.0,0.6875,0.71875
2236800,453.6076497497131,0.0,0.75,0.703125
2236900,453.61982939715693,0.0,0.8125,0.8125
2237000,453.68468268897993,0.0,0.875,0.71875
2237100,453.7249743019092,0.0,0.8125,0.734375
2237200,453.78305492238565,0.0,0.75,0.84375
2237300,453.8010124045931,0.0,0.9375,0.734375
2237400,453.85388388387844,0.0,0.75,0.75
2237500,453.9120716172273,0.0,0.625,0.734375
2237600,453.9347185294015,0.0,0.75,0.703125
2237700,453.94214177498515,0.0,0.875,0.78125
2237800,453.96453005498677,0.0,0.75,0.703125
2237900,453.9731196804326,0.0,0.6875,0.640625
2238000,453.9815251059566,0.0,0.625,0.65625
2238100,453.99363111443677,0.0,0.875,0.75
2238200,454.0040165445569,0.0,0.8125,0.59375
2238300,454.0182592830605,0.0,0.8125,0.515625
2238400,454.0251686801935,0.0,0.9375,0.671875
2238500,454.05156205361726,0.0,0.75,0.625
2238600,454.0715091511246,0.0,0.6875,0.671875
2238700,454.07933415348873,0.0,0.75,0.78125
2238800,454.087816167886,0.0,0.6875,0.71875
2238900,454.0966925997454,0.0,0.75,0.71875
2239000,454.1196448200944,0.0,0.8125,0.671875
2239100,454.1336316926113,0.0,0.875,0.78125
2239200,454.15495752489613,0.0,0.8125,0.78125
2239300,454.16234166647973,0.0,0.875,0.796875
2239400,454.16693740263867,0.0,0.75,0.84375
2239500,454.1726933109586,0.0,0.8125,0.6875
2239600,454.1921076107789,0.0,0.8125,0.75
2239700,454.20201892544014,0.0,0.75,0.734375
2239800,454.2087965687027,0.0,0.625,0.640625
2239900,454.2218962615567,0.0,0.8125,0.8125
2240000,454.2305091833145,0.0,0.6875,0.625
2240100,454.23962988475597,0.0,0.875,0.609375
2240200,454.24858971884396,0.0,0.8125,0.703125
2240300,454.2535613859569,0.0,0.6875,0.6875
2240400,454.2726382536347,0.0,0.75,0.71875
2240500,454.2769241329409,0.0,0.6875,0.71875
2240600,454.27988172686764,0.0,0.8125,0.71875
2240700,454.29022746783386,0.0,0.6875,0.703125
2240800,454.29916230453256,0.0,0.75,0.703125
2240900,454.3028950493187,0.0,0.8125,0.734375
2241000,454.3171583052463,0.0,0.6875,0.734375
2241100,454.32038009378715,0.0,0.8125,0.6875
2241200,454.32894506757975,0.0,0.8125,0.640625
2241300,454.3348600542875,0.0,0.875,0.734375
2241400,454.3414621306387,0.0,0.8125,0.78125
2241500,454.34585981356906,0.0,0.75,0.84375
2241600,454.350972332413,0.0,0.75,0.703125
2241700,454.36038457582515,0.0,0.75,0.765625
2241800,454.3676033624462,0.0,0.6875,0.71875
2241900,454.3753911091956,0.0,0.75,0.75
2242000,454.3843170884412,0.0,0.75,0.71875
2242100,454.3988364273142,0.0,0.75,0.734375
2242200,454.40339082065424,0.0,0.75,0.6875
2242300,454.4123213396183,0.0,0.75,0.671875
2242400,454.4159438556627,0.0,0.875,0.734375
2242500,454.42066966884465,0.0,1,0.71875
2242600,454.43377275582793,0.0,0.625,0.71875
2242700,454.4468283885705,0.0,0.75,0.75
2242800,454.44973683062494,0.0,0.6875,0.6875
2242900,454.4614588047554,0.0,0.6875,0.75
2243000,454.4668575244235,0.0,0.75,0.734375
2243100,454.4691210948878,0.0,0.6875,0.703125
2243200,454.4759618880038,0.0,0.9375,0.75
2243300,454.48828083056776,0.0,0.875,0.71875
2243400,454.4959076048999,0.0,0.75,0.703125
2243500,454.5015519463998,0.0,0.6875,0.71875
2243600,454.5060584636074,0.0,0.75,0.734375
2243700,454.51412445773923,0.0,0.8125,0.734375
2243800,454.5240492636217,0.0,0.8125,0.703125
2243900,454.52676003332357,0.0,0.8125,0.734375
2244000,454.5298215602664,0.0,0.75,0.734375
2244100,454.5456627551353,0.0,0.75,0.71875
2244200,454.559225359502,0.0,0.8125,0.703125
2244300,454.5659694742084,0.0,0.875,0.6875
2244400,454.5696238021207,0.0,0.8125,0.765625
2244500,454.57345326269774,0.0,0.75,0.671875
2244600,454.5840159748447,0.0,0.75,0.765625
2244700,454.5978668933074,0.0,0.75,0.828125
2244800,454.6022592050243,0.0,0.8125,0.6875
2244900,454.60966038637974,0.0,0.8125,0.671875
2245000,454.61381669348407,0.0,0.6875,0.671875
2245100,454.6195681976522,0.0,0.875,0.734375
2245200,454.62779172890015,0.0,0.8125,0.765625
2245300,454.6336149711979,0.0,0.75,0.75
2245400,454.6381984263953,0.0,0.8125,0.71875
2245500,454.65206596017816,0.0,0.6875,0.828125
2245600,454.65655760084115,0.0,0.8125,0.78125
2245700,454.6659794082648,0.0,0.6875,0.734375
2245800,454.6772234972441,0.0,0.875,0.71875
2245900,454.68490413385524,0.0,0.625,0.734375
2246000,454.69984293109104,0.0,0.6875,0.796875
2246100,454.7075891668246,0.0,0.9375,0.765625
2246200,454.71342516076095,0.0,0.75,0.734375
2246300,454.7181562867707,0.0,0.875,0.8125
2246400,454.7239831697236,0.0,0.8125,0.78125
2246500,454.72909859742566,0.0,0.6875,0.75
2246600,454.73697497382886,0.0,0.75,0.71875
2246700,454.7416504499963,0.0,0.9375,0.796875
2246800,454.7480507602559,0.0,0.75,0.765625
2246900,454.75401440817967,0.0,0.75,0.890625
2247000,454.75581037977054,0.0,0.6875,0.734375
2247100,454.75862403250534,0.0,0.8125,0.6875
2247200,454.76279133633653,0.0,0.75,0.71875
2247300,454.7664763283086,0.0,0.8125,0.65625
2247400,454.7736417342397,0.0,0.5625,0.640625
2247500,454.7788416253808,0.0,0.6875,0.6875
2247600,454.7808142364397,0.0,0.6875,0.671875
2247700,454.787407493521,0.0,0.8125,0.78125
2247800,454.7915466073359,0.0,0.875,0.84375
2247900,454.79899102981153,0.0,0.75,0.71875
2248000,454.81246592473116,0.0,0.6875,0.6875
2248100,454.8190804792277,0.0,0.8125,0.71875
2248200,454.82721994341637,0.0,0.875,0.59375
2248300,454.8299740947602,0.0,0.75,0.78125
2248400,454.8337695367081,0.0,0.8125,0.828125
2248500,454.8402549940731,0.0,0.8125,0.859375
2248600,454.84530947846616,0.0,0.625,0.703125
2248700,454.85042865329353,0.0,0.875,0.75
2248800,454.85708608336716,0.0,0.75,0.71875
2248900,454.8613419304782,0.0,0.75,0.75
2249000,454.8675839213231,0.0,0.75,0.71875
2249100,454.86997580505766,0.0,0.75,0.765625
2249200,454.8736821806389,0.0,0.8125,0.671875
2249300,454.88069997409406,0.0,0.875,0.765625
2249400,454.8860003761035,0.0,0.75,0.703125
2249500,454.8935625354577,0.0,0.8125,0.734375
2249600,454.90373530296614,0.0,0.8125,0.765625
2249700,454.906812279086,0.0,0.75,0.6875
2249800,454.90968948874934,0.0,0.8125,0.765625
2249900,454.91524641485336,0.0,0.75,0.8125
2250000,419.89980410838524,0.0,0.875,0.8125
2250100,427.3412814531739,0.0,0.625,0.734375
2250200,431.9445420464936,0.0,0.8125,0.734375
2250300,433.8786603456784,0.0,0.8125,0.75
2250400,435.65588873837515,0.0,0.75,0.75
2250500,437.8027659197511,0.0,0.75,0.8125
2250600,439.041202508115,0.0,0.8125,0.65625
2250700,439.8010991642751,0.0,0.75,0.75
2250800,440.76140410755323,0.0,0.6875,0.78125
2250900,441.50149582372774,0.0,0.6875,0.8125
2251000,442.4369311634123,0.0,0.8125,0.671875
2251100,443.24458298046835,0.0,0.8125,0.765625
2251200,444.007758169674,0.0,0.875,0.734375
2251300,444.5711602647126,0.0,0.6875,0.765625
2251400,445.2043033884053,0.0,0.8125,0.734375
2251500,445.7485521136084,0.0,0.8125,0.734375
2251600,446.1893514275991,0.0,0.8125,0.71875
2251700,446.65669448955475,0.0,0.8125,0.765625
2251800,447.1072856631515,0.0,0.8125,0.75
2251900,447.45013274005237,0.0,0.8125,0.8125
2252000,447.8253121381985,0.0,0.875,0.75
2252100,448.07977145551934,0.0,0.6875,0.671875
2252200,448.3613640857803,0.0,0.625,0.65625
2252300,448.7058623278144,0.0,0.5625,0.6875
2252400,449.01232082458654,0.0,0.75,0.703125
2252500,449.22427685583114,0.0,0.625,0.78125
2252600,449.5461557034573,0.0,0.75,0.671875
2252700,449.8532919418977,0.0,0.875,0.84375
2252800,450.0593490791478,0.0,0.75,0.6875
2252900,450.3448761727054,0.0,0.6875,0.734375
2253000,450.55292353025106,0.0,0.8125,0.796875
2253100,450.89666218495574,0.0,0.875,0.796875
2253200,451.051863150746,0.0,0.75,0.859375
2253300,451.33549768462746,0.0,0.75,0.796875
2253400,451.533494128152,0.0,0.8125,0.71875
2253500,451.69994859863925,0.0,0.875,0.765625
2253600,451.8510921643538,0.0,0.75,0.703125
2253700,452.0387270303248,0.0,0.6875,0.84375
2253800,452.163513979093,0.0,0.8125,0.734375
2253900,452.28681090702594,0.0,0.75,0.796875
2254000,452.4260284767981,0.0,0.875,0.8125
2254100,452.6258871355872,0.0,0.625,0.640625
2254200,452.7226052978047,0.0,0.6875,0.734375
2254300,452.85141764890204,0.0,0.75,0.75
2254400,452.9660813736934,0.0,0.75,0.734375
2254500,453.05513569646615,0.0,0.75,0.71875
2254600,453.1321805099526,0.0,0.75,0.765625
2254700,453.2217358947206,0.0,0.75,0.6875
2254800,453.28104739792894,0.0,0.625,0.671875
2254900,453.3436192452477,0.0,0.8125,0.734375
2255000,453.40446647195597,0.0,0.75,0.640625
2255100,453.5080135321369,0.0,0.875,0.796875
2255200,453.5552010094226,0.0,0.9375,0.859375
2255300,453.6052970946801,0.0,0.625,0.640625
2255400,453.65301239855495,0.0,0.75,0.71875
2255500,453.7352446213132,0.0,0.8125,0.671875
2255600,453.8211662115271,0.0,0.8125,0.703125
2255700,453.8443509562627,0.0,0.8125,0.78125
2255800,453.92853982585655,0.0,0.75,0.65625
2255900,453.9648941374661,0.0,0.75,0.734375
2256000,453.9838108948677,0.0,0.6875,0.78125
2256100,454.01886991650935,0.0,0.75,0.828125
2256200,454.03611993152333,0.0,0.875,0.828125
2256300,454.0800295778551,0.0,0.75,0.6875
2256400,454.1462021231227,0.0,0.6875,0.703125
2256500,454.177455562763,0.0,0.8125,0.6875
2256600,454.2313176280904,0.0,0.75,0.8125
2256700,454.2597196134853,0.0,0.8125,0.796875
2256800,454.33322098760914,0.0,0.8125,0.6875
2256900,454.36979749100504,0.0,0.75,0.8125
2257000,454.40216987890267,0.0,0.75,0.765625
2257100,454.4448973940929,0.0,0.6875,0.703125
2257200,454.47516240979877,0.0,0.625,0.6875
2257300,454.5327745335415,0.0,0.6875,0.71875
2257400,454.5507784197504,0.0,0.8125,0.828125
2257500,454.5615507700686,0.0,0.875,0.65625
2257600,454.5946496233009,0.0,0.75,0.765625
2257700,454.62021004354284,0.0,0.5625,0.65625
2257800,454.6407760973121,0.0,0.75,0.78125
2257900,454.67469372954196,0.0,0.75,0.703125
2258000,454.6862294244546,0.0,0.75,0.71875
2258100,454.6976247750774,0.0,0.75,0.671875
2258200,454.73285416260495,0.0,0.6875,0.796875
2258300,454.7519511509953,0.0,0.6875,0.703125
2258400,454.7657081828568,0.0,0.875,0.78125
2258500,454.77604251391244,0.0,0.8125,0.796875
2258600,454.78370517788767,0.0,0.8125,0.75
2258700,454.7860121156543,0.0,0.875,0.8125
2258800,454.7907025873641,0.0,0.75,0.859375
2258900,454.79229553956134,0.0,0.6875,0.734375
2259000,454.7979463939374,0.0,0.6875,0.75
2259100,454.80069505560766,0.0,0.8125,0.859375
2259200,454.80239686597594,0.0,0.75,0.703125
2259300,454.80979888023955,0.0,0.6875,0.859375
2259400,454.8189187816078,0.0,0.8125,0.765625
2259500,454.83482106077633,0.0,0.75,0.796875
2259600,454.84573359696657,0.0,0.625,0.703125
2259700,454.85464584858045,0.0,0.8125,0.78125
2259800,454.8646781030529,0.0,0.8125,0.78125
2259900,454.870378948242,0.0,0.625,0.734375
2260000,454.87572213814747,0.0,0.8125,0.671875
2260100,454.8784228437072,0.0,0.8125,0.765625
2260200,454.8871601727659,0.0,0.8125,0.796875
2260300,454.89465920708903,0.0,0.6875,0.703125
2260400,454.89703795661967,0.0,0.75,0.828125
2260500,454.902240080712,0.0,0.75,0.734375
2260600,454.90615496679743,0.0,0.75,0.6875
2260700,454.92108309053305,0.0,0.75,0.78125
2260800,454.9240898141023,0.0,0.75,0.703125
2260900,454.93348926586947,0.0,0.75,0.734375
2261000,454.9337080950441,0.0,0.75,0.78125
2261100,454.9434087695611,0.0,0.875,0.703125
2261200,454.95603057115517,0.0,0.75,0.78125
2261300,454.96171556164376,0.0,0.6875,0.640625
2261400,454.96701391063607,0.0,0.75,0.65625
2261500,454.96876600764614,0.0,0.6875,0.796875
2261600,454.97207354566945,0.0,0.6875,0.828125
2261700,454.9826305181135,0.0,0.75,0.796875
2261800,454.98797499591126,0.0,0.875,0.703125
2261900,454.99111316664755,0.0,0.8125,0.640625
2262000,454.9970053347572,0.0,0.9375,0.796875
2262100,455.00215251746744,0.0,0.625,0.765625
2262200,455.0121309541313,0.0,0.6875,0.796875
2262300,455.0202989692257,0.0,0.75,0.78125
2262400,455.02662959863426,0.0,0.8125,0.765625
2262500,455.03118875103246,0.0,0.75,0.78125
2262600,455.0393464148468,0.0,0.75,0.734375
2262700,455.0420517827384,0.0,0.75,0.734375
2262800,455.0475952926414,0.0,0.75,0.703125
2262900,455.0617983895816,0.0,0.8125,0.796875
2263000,455.06659369709485,0.0,0.8125,0.71875
2263100,455.0756843730223,0.0,0.8125,0.71875
2263200,455.0802261668087,0.0,0.8125,0.765625
2263300,455.08701428729233,0.0,0.8125,0.71875
2263400,455.09533113399243,0.0,0.6875,0.71875
2263500,455.103033439773,0.0,0.75,0.828125
2263600,455.11032376665764,0.0,0.6875,0.71875
2263700,455.11153500351713,0.0,0.625,0.703125
2263800,455.11420076140587,0.0,0.75,0.78125
2263900,455.11776850065917,0.0,0.75,0.71875
2264000,455.1239299530878,0.0,0.8125,0.796875
2264100,455.1320012255857,0.0,0.8125,0.765625
2264200,455.1339454924766,0.0,0.8125,0.796875
2264300,455.13796820855,0.0,0.8125,0.6875
2264400,455.14345734811667,0.0,0.6875,0.78125
2264500,455.14730700798793,0.0,0.6875,0.703125
2264600,455.1527680489569,0.0,0.75,0.765625
2264700,455.1533705542908,0.0,0.75,0.765625
2264800,455.15678999629927,0.0,0.6875,0.796875
2264900,455.16307696515685,0.0,0.6875,0.734375
2265000,455.1650749680865,0.0,0.6875,0.796875
2265100,455.17065432602567,0.0,0.75,0.78125
2265200,455.18058616614394,0.0,0.75,0.796875
2265300,455.18435987651776,0.0,0.6875,0.765625
2265400,455.18831917489615,0.0,0.8125,0.765625
2265500,455.1920593221316,0.0,0.8125,0.828125
2265600,455.1987779801581,0.0,0.875,0.75
2265700,455.2026383498712,0.0,0.75,0.734375
2265800,455.20495263659507,0.0,0.875,0.875
2265900,455.21024651393435,0.0,0.75,0.75
2266000,455.2163989623392,0.0,0.875,0.71875
2266100,455.2178595919786,0.0,0.9375,0.765625
2266200,455.2252550062163,0.0,0.8125,0.734375
2266300,455.2488245447436,0.0,0.8125,0.828125
2266400,455.25105047615045,0.0,0.8125,0.765625
2266500,455.2542082138093,0.0,0.75,0.71875
2266600,455.2565675372714,0.0,0.8125,0.828125
2266700,455.2627129604566,0.0,0.6875,0.671875
2266800,455.2677186993655,0.0,0.75,0.65625
2266900,455.27403803039476,0.0,0.6875,0.78125
2267000,455.27740124218747,0.0,0.75,0.796875
2267100,455.28132256098144,0.0,0.8125,0.75
2267200,455.28499780105795,0.0,0.875,0.765625
2267300,455.28854226896954,0.0,0.75,0.71875
2267400,455.29103222752815,0.0,0.6875,0.703125
2267500,455.29982759998325,0.0,0.6875,0.78125
2267600,455.30268426651077,0.0,0.75,0.640625
2267700,455.30383865663015,0.0,0.625,0.734375
2267800,455.30739016411223,0.0,0.8125,0.765625
2267900,455.3082039894895,0.0,0.8125,0.71875
2268000,455.31093888886323,0.0,0.8125,0.828125
2268100,455.3149552900652,0.0,0.875,0.8125
2268200,455.3177539227389,0.0,0.8125,0.78125
2268300,455.3205791583743,0.0,0.625,0.546875
2268400,455.3261611776638,0.0,0.8125,0.75
2268500,455.3313002575072,0.0,0.75,0.78125
2268600,455.3387405625035,0.0,0.75,0.859375
2268700,455.3423026931294,0.0,0.6875,0.765625
2268800,455.3428446148338,0.0,0.75,0.890625
2268900,455.34631058492096,0.0,0.6875,0.75
2269000,455.3483063639417,0.0,0.8125,0.734375
2269100,455.352507798196,0.0,0.75,0.75
2269200,455.3534195319785,0.0,0.75,0.796875
2269300,455.3574534890082,0.0,0.6875,0.671875
2269400,455.36242800518085,0.0,0.6875,0.6875
2269500,455.3661906706537,0.0,0.75,0.765625
2269600,455.37248795180517,0.0,0.8125,0.75
2269700,455.3795178023542,0.0,0.8125,0.78125
2269800,455.3870774813164,0.0,0.8125,0.84375
2269900,455.3919731582879,0.0,0.6875,0.796875
2270000,455.3958833940368,0.0,0.75,0.796875
2270100,455.39950995998913,0.0,0.75,0.75
2270200,455.4020913320749,0.0,0.6875,0.6875
2270300,455.4037258526969,0.0,0.6875,0.8125
2270400,455.4067091112264,0.0,0.75,0.84375
2270500,455.40837671093743,0.0,0.8125,0.75
2270600,455.41280616799133,0.0,0.75,0.71875
2270700,455.41480932801875,0.0,0.75,0.8125
2270800,455.41919236444744,0.0,0.9375,0.765625
2270900,455.4239688648995,0.0,0.6875,0.6875
2271000,455.4319192125897,0.0,0.875,0.796875
2271100,455.43563597486883,0.0,0.75,0.703125
2271200,455.4380251490946,0.0,0.5625,0.71875
2271300,455.4439308359204,0.0,0.9375,0.6875
2271400,455.44680181207315,0.0,0.75,0.75
2271500,455.45097046539144,0.0,0.75,0.75
2271600,455.4531166745812,0.0,0.75,0.796875
2271700,455.4547563775311,0.0,0.625,0.625
2271800,455.4587373594869,0.0,0.8125,0.75
2271900,455.4600141171322,0.0,0.75,0.796875
2272000,455.4640080079608,0.0,0.8125,0.828125
2272100,455.46748979048385,0.0,0.6875,0.578125
2272200,455.4699881918375,0.0,0.8125,0.734375
2272300,455.4720058630637,0.0,0.8125,0.8125
2272400,455.4784925323878,0.0,0.875,0.78125
2272500,455.4807850304489,0.0,0.75,0.75
2272600,455.48142152589827,0.0,0.6875,0.828125
2272700,455.48457129713086,0.0,0.625,0.5625
2272800,455.4848621625273,0.0,0.875,0.703125
2272900,455.48816241648115,0.0,0.6875,0.875
2273000,455.49376168388017,0.0,0.8125,0.734375
2273100,455.49660109141695,0.0,0.75,0.84375
2273200,455.4973882063777,0.0,0.875,0.78125
2273300,455.50063453786635,0.0,0.6875,0.75
2273400,455.50300867184643,0.0,0.75,0.796875
2273500,455.5081652939741,0.0,0.8125,0.78125
2273600,455.51261775338696,0.0,0.6875,0.71875
2273700,455.516067240476,0.0,0.8125,0.6875
2273800,455.52205155104804,0.0,0.75,0.734375
2273900,455.5261489683532,0.0,0.8125,0.734375
2274000,455.528754529435,0.0,0.8125,0.703125
2274100,455.53386995554814,0.0,0.8125,0.796875
2274200,455.53751032681697,0.0,0.75,0.734375
2274300,455.5386522638349,0.0,0.75,0.640625
2274400,455.5428297855476,0.0,0.875,0.75
2274500,455.54400289363525,0.0,0.6875,0.71875
2274600,455.5491951617979,0.0,0.5625,0.828125
2274700,455.55128422272537,0.0,0.875,0.6875
2274800,455.55402610634974,0.0,0.75,0.734375
2274900,455.5568991807811,0.0,0.8125,0.84375
2275000,156.43726594422964,0.0,0.6875,0.71875
2275100,210.26910215937176,0.0,0.6875,0.765625
2275200,217.8733048301463,0.0,0.75,0.8125
2275300,225.3011168052795,0.0,0.8125,0.765625
2275400,244.18816716987115,0.0,0.8125,0.796875
2275500,314.9296259824937,0.0,0.6875,0.78125
2275600,321.4798867599511,0.0,0.875,0.71875
2275700,323.86662837767955,0.0,0.625,0.75
2275800,325.7722827751638,0.0,0.75,0.71875
2275900,329.01068702230333,0.0,0.75,0.765625
2276000,331.55902829706076,0.0,0.8125,0.796875
2276100,334.2289907438787,0.0,0.75,0.78125
2276200,335.6159025183134,0.0,0.6875,0.8125
2276300,338.601358229933,0.0,0.875,0.8125
2276400,346.6596466712222,0.0,0.625,0.734375
2276500,375.52658942386853,0.0,0.75,0.6875
2276600,422.5289981185198,0.0,0.8125,0.75
2276700,428.5673020676106,0.0,0.75,0.78125
2276800,432.4037868171671,0.0,0.875,0.828125
2276900,434.19411347612987,0.0,0.6875,0.75
2277000,436.4536603884778,0.0,0.875,0.75
2277100,437.6702818632724,0.0,0.8125,0.6875
2277200,438.8629401437634,0.0,0.875,0.734375
2277300,439.9046119921824,0.0,0.8125,0.890625
2277400,440.9962393160025,0.0,0.8125,0.78125
2277500,441.7539491647651,0.0,0.8125,0.75
2277600,442.5504818478671,0.0,0.6875,0.65625
2277700,443.1725531707805,0.0,0.875,0.8125
2277800,443.7856388945351,0.0,0.875,0.78125
2277900,444.4504154773596,0.0,0.75,0.84375
2278000,445.1795549367943,0.0,0.75,0.84375
2278100,445.6136553122028,0.0,0.8125,0.765625
2278200,445.97639580927006,0.0,0.6875,0.765625
2278300,446.34118673999524,0.0,0.6875,0.859375
2278400,446.87629470834463,0.0,0.8125,0.78125
2278500,447.2322408235875,0.0,0.6875,0.765625
2278600,447.6145003797027,0.0,0.8125,0.796875
2278700,447.99863790189124,0.0,0.75,0.765625
2278800,448.35905310389705,0.0,0.75,0.8125
2278900,448.7690717785125,0.0,0.6875,0.78125
2279000,448.94996985978764,0.0,0.625,0.703125
2279100,449.21123145966754,0.0,0.625,0.75
2279200,449.459472615927,0.0,0.75,0.765625
2279300,449.7030701596258,0.0,0.8125,0.640625
2279400,449.87453517482487,0.0,0.6875,0.75
2279500,450.02527228254166,0.0,0.6875,0.703125
2279600,450.2671148778129,0.0,0.8125,0.78125
2279700,450.49876048280635,0.0,0.75,0.75
2279800,450.6630715180818,0.0,0.75,0.734375
2279900,450.8495628850714,0.0,0.8125,0.765625
2280000,451.0780953062733,0.0,0.75,0.65625
2280100,451.2166113061561,0.0,0.75,0.6875
2280200,451.38411261018854,0.0,0.75,0.703125
2280300,451.5074420761665,0.0,0.75,0.765625
2280400,451.69588765873254,0.0,0.6875,0.703125
2280500,451.88964854646895,0.0,0.875,0.75
2280600,452.07127342883723,0.0,0.8125,0.765625
2280700,452.18735414770293,0.0,0.8125,0.765625
2280800,452.40703998641334,0.0,0.75,0.8125
2280900,452.58498219996744,0.0,0.75,0.734375
2281000,452.6964835054836,0.0,0.6875,0.703125
2281100,452.8238861628584,0.0,0.75,0.6875
2281200,452.9445792590566,0.0,0.75,0.78125
2281300,453.1288188139565,0.0,0.875,0.6875
2281400,453.285264729167,0.0,0.8125,0.765625
2281500,453.38207493206374,0.0,0.75,0.796875
2281600,453.55650070827755,0.0,0.875,0.71875
2281700,453.65800606359215,0.0,0.875,0.734375
2281800,453.7666650497908,0.0,0.8125,0.65625
2281900,453.88117438473404,0.0,0.6875,0.703125
2282000,454.01831891012404,0.0,0.6875,0.796875
2282100,454.12283907635276,0.0,0.75,0.796875
2282200,454.19347892385554,0.0,0.5,0.828125
2282300,454.27777941006076,0.0,0.8125,0.765625
2282400,454.33664612207457,0.0,0.625,0.8125
2282500,454.40909312088576,0.0,0.8125,0.671875
2282600,454.49201503890197,0.0,0.6875,0.703125
2282700,454.5316076595078,0.0,0.6875,0.671875
2282800,454.65219279222515,0.0,0.75,0.734375
2282900,454.7010950766016,0.0,0.75,0.828125
2283000,454.72900422401517,0.0,0.8125,0.71875
2283100,454.76572843293195,0.0,0.8125,0.71875
2283200,454.80300822380923,0.0,0.8125,0.8125
2283300,454.86235876397944,0.0,0.8125,0.765625
2283400,454.8987653126819,0.0,0.75,0.734375
2283500,454.9450077831641,0.0,0.75,0.6875
2283600,454.9682641700553,0.0,0.875,0.78125
2283700,454.9853111174811,0.0,0.8125,0.640625
2283800,455.0077415032559,0.0,0.75,0.640625
2283900,455.0211157395692,0.0,0.6875,0.75
2284000,455.04129040421964,0.0,0.6875,0.640625
2284100,455.0593720724443,0.0,0.875,0.765625
2284200,455.07113011175784,0.0,0.9375,0.84375
2284300,455.1101296373648,0.0,0.6875,0.734375
2284400,455.1255378441101,0.0,0.75,0.75
2284500,455.16869172379614,0.0,0.75,0.75
2284600,455.1745558387825,0.0,0.8125,0.765625
2284700,455.1866564933475,0.0,0.8125,0.6875
2284800,455.20025841066973,0.0,0.875,0.796875
2284900,455.20991011129126,0.0,0.75,0.71875
2285000,455.21403414145425,0.0,0.75,0.671875
2285100,455.22156335959795,0.0,0.6875,0.6875
2285200,455.23231257701417,0.0,0.75,0.703125
2285300,455.23987188941146,0.0,0.6875,0.765625
2285400,455.24281743859956,0.0,0.75,0.734375
2285500,455.25117340563884,0.0,0.75,0.671875
2285600,455.2525815017658,0.0,0.75,0.71875
2285700,455.2563676345034,0.0,0.75,0.765625
2285800,455.2599496634666,0.0,0.8125,0.75
2285900,455.2738693589015,0.0,0.75,0.734375
2286000,455.27991296397477,0.0,0.625,0.75
2286100,455.283788732888,0.0,0.8125,0.75
2286200,455.28906034176873,0.0,0.6875,0.640625
2286300,455.29083604763065,0.0,0.625,0.6875
2286400,455.294426590554,0.0,0.75,0.828125
2286500,455.2977738091899,0.0,0.8125,0.703125
2286600,455.3013253928126,0.0,0.8125,0.75
2286700,455.3080269027182,0.0,0.8125,0.796875
2286800,455.3113354636422,0.0,0.75,0.78125
2286900,455.3151438193863,0.0,0.6875,0.78125
2287000,455.31864564340606,0.0,0.625,0.75
2287100,455.32229925037694,0.0,0.6875,0.6875
2287200,455.32556769804523,0.0,0.625,0.71875
2287300,455.3299704024361,0.0,0.75,0.78125
2287400,455.33169494531427,0.0,0.8125,0.671875
2287500,455.3357668143997,0.0,0.6875,0.796875
2287600,455.3375140967923,0.0,0.6875,0.75
2287700,455.3460361102564,0.0,0.875,0.71875
2287800,455.34793068250485,0.0,0.75,0.6875
2287900,455.3533465454021,0.0,0.625,0.703125
2288000,455.35968868600384,0.0,0.75,0.78125
2288100,455.3649639725467,0.0,0.6875,0.78125
2288200,455.3667196119283,0.0,0.75,0.671875
2288300,455.37434869167816,0.0,0.6875,0.828125
2288400,455.3782661208738,0.0,0.875,0.765625
2288500,455.3812901310213,0.0,0.8125,0.75
2288600,455.38346256028507,0.0,0.8125,0.796875
2288700,455.38474956669467,0.0,0.8125,0.734375
2288800,455.3902800040112,0.0,0.75,0.796875
2288900,455.39484039285225,0.0,0.8125,0.828125
2289000,455.3999054882595,0.0,0.875,0.734375
2289100,455.40578024616946,0.0,0.8125,0.796875
2289200,455.4185441316686,0.0,0.75,0.796875
2289300,455.4279192909754,0.0,0.875,0.8125
2289400,455.4313064408063,0.0,0.875,0.796875
2289500,455.433808824403,0.0,0.625,0.703125
2289600,455.44047714134047,0.0,0.75,0.828125
2289700,455.4425240588973,0.0,0.75,0.78125
2289800,455.4461778914636,0.0,0.75,0.828125
2289900,455.44857477508543,0.0,0.75,0.75
2290000,455.4525355568699,0.0,0.6875,0.8125
2290100,455.45383771440237,0.0,0.6875,0.765625
2290200,455.4597553313612,0.0,0.6875,0.71875
2290300,455.46537971851336,0.0,0.8125,0.65625
2290400,455.46725131747064,0.0,0.75,0.8125
2290500,455.4722261560371,0.0,0.75,0.671875
2290600,455.47468889246665,0.0,0.8125,0.78125
2290700,455.47854481647846,0.0,0.8125,0.671875
2290800,455.4807455814042,0.0,0.6875,0.6875
2290900,455.4857735029088,0.0,0.75,0.734375
2291000,455.4885229604963,0.0,0.8125,0.796875
2291100,455.49013606116705,0.0,0.8125,0.8125
2291200,455.4919615064256,0.0,0.6875,0.8125
2291300,455.49518275815814,0.0,0.6875,0.828125
2291400,455.4994692231413,0.0,0.875,0.796875
2291500,455.50499080062946,0.0,0.6875,0.6875
2291600,455.506772934324,0.0,0.8125,0.703125
2291700,455.51146932542895,0.0,0.5625,0.671875
2291800,455.51386158398464,0.0,0.8125,0.796875
2291900,455.5199170788405,0.0,0.75,0.703125
2292000,455.52480794760237,0.0,0.8125,0.734375
2292100,455.5298787635007,0.0,0.8125,0.78125
2292200,455.53305100115404,0.0,0.8125,0.765625
2292300,455.53677771489066,0.0,0.8125,0.71875
2292400,455.5399075124453,0.0,0.8125,0.75
2292500,455.54481581581155,0.0,0.75,0.796875
2292600,455.54927951261226,0.0,0.9375,0.703125
2292700,455.5535968989856,0.0,0.6875,0.765625
2292800,455.5564853122287,0.0,0.75,0.890625
2292900,455.55888421855207,0.0,0.625,0.796875
2293000,455.56462663012405,0.0,0.6875,0.765625
2293100,455.5671054208419,0.0,0.6875,0.765625
2293200,455.5708474109776,0.0,0.75,0.75
2293300,455.5731906102602,0.0,0.6875,0.78125
2293400,455.57626193578915,0.0,0.75,0.6875
2293500,455.577923084395,0.0,0.6875,0.65625
2293600,455.5810558453373,0.0,0.75,0.734375
2293700,455.58146805028105,0.0,0.8125,0.734375
2293800,455.5838725307672,0.0,0.8125,0.84375
2293900,455.587294530448,0.0,0.75,0.71875
2294000,455.5890866447723,0.0,0.75,0.734375
2294100,455.5919761903365,0.0,0.75,0.734375
2294200,455.59248747409896,0.0,0.75,0.8125
2294300,455.5948624877631,0.0,0.625,0.765625
2294400,455.5964609854003,0.0,0.8125,0.75
2294500,455.597936402393,0.0,0.75,0.703125
2294600,455.5992761624809,0.0,0.875,0.78125
2294700,455.6037503495158,0.0,0.5625,0.671875
2294800,455.60532123413435,0.0,0.75,0.734375
2294900,455.60878554374375,0.0,0.8125,0.78125
2295000,455.61025805388454,0.0,0.875,0.828125
2295100,455.61152182933887,0.0,0.875,0.75
2295200,455.61423776698217,0.0,0.75,0.78125
2295300,455.6183350342932,0.0,0.75,0.796875
2295400,455.62342156435204,0.0,0.6875,0.765625
2295500,455.6259636929553,0.0,0.8125,0.78125
2295600,455.6278638516252,0.0,1,0.75
2295700,455.6299511807543,0.0,0.8125,0.84375
2295800,455.6338749490488,0.0,0.6875,0.65625
2295900,455.6368407601347,0.0,0.75,0.71875
2296000,455.6396843860473,0.0,0.75,0.8125
2296100,455.64311925232306,0.0,0.6875,0.703125
2296200,455.644661641386,0.0,0.6875,0.75
2296300,455.6472028786858,0.0,0.75,0.828125
2296400,455.64880140095545,0.0,0.6875,0.765625
2296500,455.6497019916344,0.0,0.75,0.578125
2296600,455.6544390205067,0.0,0.875,0.875
2296700,455.65538790956987,0.0,0.5625,0.75
2296800,455.6568042554076,0.0,0.6875,0.71875
2296900,455.6604936229855,0.0,0.75,0.75
2297000,455.66201800941354,0.0,0.8125,0.8125
2297100,455.66476752839236,0.0,0.6875,0.71875
2297200,455.666583628065,0.0,0.8125,0.796875
2297300,455.6704428693832,0.0,0.8125,0.75
2297400,455.6722302477106,0.0,0.6875,0.734375
2297500,455.67520497243186,0.0,0.75,0.734375
2297600,455.6770896637224,0.0,0.625,0.765625
2297700,455.6809819471631,0.0,0.8125,0.78125
2297800,455.6834559331929,0.0,0.6875,0.703125
2297900,455.6875503352025,0.0,0.6875,0.71875
2298000,455.6885785344182,0.0,0.75,0.71875
2298100,455.6903435252852,0.0,0.75,0.796875
2298200,455.6911875510541,0.0,0.625,0.734375
2298300,455.69378674774345,0.0,0.75,0.734375
2298400,455.6943648382976,0.0,0.75,0.8125
2298500,455.6996755689419,0.0,0.625,0.6875
2298600,455.70351175217263,0.0,0.75,0.734375
2298700,455.7050457757665,0.0,0.6875,0.796875
2298800,455.7069692433047,0.0,0.8125,0.671875
2298900,455.7127654001689,0.0,0.75,0.6875
2299000,455.71705457411537,0.0,0.6875,0.78125
2299100,455.7198261382112,0.0,0.75,0.71875
2299200,455.72565976481525,0.0,0.75,0.90625
2299300,455.7281238624256,0.0,0.9375,0.796875
2299400,455.72956320249943,0.0,0.6875,0.578125
2299500,455.73071413035956,0.0,0.8125,0.796875
2299600,455.7364201475283,0.0,0.75,0.765625
2299700,455.7421060775269,0.0,0.8125,0.796875
2299800,455.743816875896,0.0,0.8125,0.78125
2299900,455.7461958151939,0.0,0.75,0.765625
2300000,237.89772900262386,0.0,0.875,0.828125
2300100,238.00112147465933,0.0,0.6875,0.828125
2300200,238.11888322462255,0.0,0.6875,0.71875
2300300,238.23045942552707,0.0,0.875,0.75
2300400,238.44217642793515,0.0,0.6875,0.796875
2300500,238.5857830839546,0.0,0.75,0.796875
2300600,238.73644699697348,0.0,0.75,0.765625
2300700,238.90581328812223,0.0,0.6875,0.703125
2300800,238.962438495859,0.0,0.8125,0.78125
2300900,239.1277842963538,0.0,0.8125,0.734375
2301000,239.29651997413254,0.0,0.8125,0.78125
2301100,239.51080892819084,0.0,0.8125,0.90625
2301200,239.8411484626904,0.0,0.8125,0.78125
2301300,240.01290278747396,0.0,0.75,0.765625
2301400,240.2993306353099,0.0,0.75,0.796875
2301500,240.62819410551833,0.0,0.8125,0.84375
2301600,241.25953216903716,0.0,0.8125,0.75
2301700,242.53779446095837,0.0,0.875,0.78125
2301800,243.15769470600702,0.0,0.875,0.8125
2301900,243.97693729519034,0.0,0.875,0.75
2302000,246.02788729998454,0.0,0.5625,0.78125
2302100,303.1039177849157,0.0,0.6875,0.796875
2302200,327.7943845437234,0.0,0.8125,0.71875
2302300,333.5477297850936,0.0,0.625,0.671875
2302400,336.9290110098965,0.0,0.6875,0.828125
2302500,338.2527880658315,0.0,0.8125,0.78125
2302600,340.0718319522053,0.0,0.6875,0.796875
2302700,341.1459215595849,0.0,0.8125,0.796875
2302800,341.841586178769,0.0,0.75,0.75
2302900,342.50776844157735,0.0,0.75,0.8125
2303000,343.2144108331131,0.0,0.75,0.765625
2303100,343.65528389301704,0.0,0.75,0.78125
2303200,344.11577124847867,0.0,0.75,0.703125
2303300,344.30909325779174,0.0,0.75,0.734375
2303400,344.55983886508517,0.0,0.6875,0.734375
2303500,345.0128557864902,0.0,0.75,0.765625
2303600,345.47254747384176,0.0,0.8125,0.734375
2303700,345.7562321155646,0.0,0.8125,0.8125
2303800,346.181621979172,0.0,0.875,0.78125
2303900,346.7164625229079,0.0,0.6875,0.703125
2304000,347.1545293017986,0.0,0.75,0.75
2304100,347.629901652302,0.0,0.75,0.8125
2304200,348.6601297706482,0.0,0.6875,0.765625
2304300,349.5317545784258,0.0,0.8125,0.90625
2304400,350.4668862549586,0.0,0.8125,0.78125
2304500,351.70454521756636,0.0,0.875,0.703125
2304600,353.63413794463105,0.0,0.75,0.71875
2304700,361.1224175522495,0.0,0.75,0.765625
2304800,441.5380068762868,0.0,0.75,0.671875
2304900,445.65584418808805,0.0,0.8125,0.75
2305000,446.9484497179329,0.0,0.75,0.734375
2305100,448.0175692279044,0.0,0.8125,0.796875
2305200,448.50234550870516,0.0,0.75,0.859375
2305300,449.22642673087853,0.0,0.75,0.796875
2305400,449.5642341530779,0.0,0.6875,0.6875
2305500,449.8660637694605,0.0,0.6875,0.828125
2305600,450.2005203581241,0.0,0.875,0.78125
2305700,450.50568799952555,0.0,0.75,0.734375
2305800,450.8488644837398,0.0,0.8125,0.765625
2305900,451.0353769822555,0.0,0.875,0.8125
2306000,451.3611905802301,0.0,0.6875,0.765625
2306100,451.7068391300178,0.0,0.8125,0.75
2306200,451.98790052725434,0.0,0.8125,0.8125
2306300,452.10122551162317,0.0,0.75,0.75
2306400,452.2374313583159,0.0,0.75,0.734375
2306500,452.3907375889931,0.0,0.5,0.71875
2306600,452.549917528373,0.0,0.875,0.828125
2306700,452.7648638841648,0.0,0.75,0.703125
2306800,452.9269319620822,0.0,0.875,0.78125
2306900,453.11299994827834,0.0,0.75,0.796875
2307000,453.29859499988424,0.0,0.875,0.84375
2307100,453.38814701308905,0.0,0.8125,0.703125
2307200,453.5273290107667,0.0,0.75,0.78125
2307300,453.62435523912313,0.0,0.625,0.765625
2307400,453.78671456114245,0.0,0.6875,0.65625
2307500,453.9652443040092,0.0,0.8125,0.828125
2307600,454.0615777351642,0.0,0.8125,0.796875
2307700,454.13519971576534,0.0,0.6875,0.734375
2307800,454.23409697989024,0.0,0.8125,0.828125
2307900,454.35292163692714,0.0,0.6875,0.828125
2308000,454.44655020877605,0.0,0.75,0.65625
2308100,454.46445710577234,0.0,0.6875,0.8125
2308200,454.5311694538,0.0,0.8125,0.796875
2308300,454.61425703251297,0.0,0.75,0.671875
2308400,454.69495519172125,0.0,0.75,0.796875
2308500,454.7443495696436,0.0,0.9375,0.765625
2308600,454.75834206996143,0.0,0.8125,0.78125
2308700,454.79665734278257,0.0,0.75,0.78125
2308800,454.8710149577436,0.0,0.8125,0.765625
2308900,454.9034937966815,0.0,0.75,0.765625
2309000,454.9708335001018,0.0,0.8125,0.75
2309100,455.000700221914,0.0,0.875,0.8125
2309200,455.00942460593694,0.0,0.8125,0.71875
2309300,455.0175802842097,0.0,0.6875,0.703125
2309400,455.0412062920611,0.0,0.875,0.828125
2309500,455.0772126145109,0.0,0.8125,0.734375
2309600,455.0982388938973,0.0,0.6875,0.828125
2309700,455.1354520907705,0.0,0.5,0.59375
2309800,455.1636931562963,0.0,0.5625,0.765625
2309900,455.20366704889267,0.0,0.6875,0.765625
2310000,455.24373314615684,0.0,0.875,0.8125
2310100,455.2821291602189,0.0,0.75,0.734375
2310200,455.29299781621637,0.0,0.75,0.84375
2310300,455.31868706136987,0.0,0.8125,0.796875
2310400,455.34252461124373,0.0,0.75,0.6875
2310500,455.35148709515414,0.0,0.6875,0.8125
2310600,455.3649911533425,0.0,0.875,0.71875
2310700,455.40801177008314,0.0,0.6875,0.75
2310800,455.42260507389915,0.0,0.6875,0.78125
2310900,455.4312731998244,0.0,0.625,0.828125
2311000,455.44747377653914,0.0,0.6875,0.78125
2311100,455.4510942061248,0.0,0.75,0.78125
2311200,455.46758335178544,0.0,0.75,0.8125
2311300,455.4709185700474,0.0,0.75,0.796875
2311400,455.47917072958336,0.0,0.75,0.8125
2311500,455.48016460620875,0.0,0.6875,0.875
2311600,455.48338534815883,0.0,0.5625,0.765625
2311700,455.4939432642249,0.0,0.875,0.71875
2311800,455.5037644621974,0.0,0.875,0.75
2311900,455.5063228175625,0.0,0.8125,0.734375
2312000,455.5082717884312,0.0,0.8125,0.8125
2312100,455.5159733576259,0.0,0.75,0.796875
2312200,455.5210050891584,0.0,0.6875,0.8125
2312300,455.52985658228226,0.0,0.8125,0.796875
2312400,455.5351292225812,0.0,0.625,0.84375
2312500,455.54547155818034,0.0,0.75,0.84375
2312600,455.5560211869954,0.0,0.875,0.765625
2312700,455.5662561638587,0.0,0.75,0.796875
2312800,455.581071953555,0.0,0.75,0.71875
2312900,455.5903068384801,0.0,0.5625,0.8125
2313000,455.59777586000837,0.0,0.8125,0.78125
2313100,455.6036855930828,0.0,0.6875,0.640625
2313200,455.6084582721934,0.0,0.75,0.71875
2313300,455.61097109670266,0.0,0.75,0.703125
2313400,455.6132004438051,0.0,0.6875,0.84375
2313500,455.61604097737523,0.0,0.6875,0.75
2313600,455.61903294388475,0.0,0.75,0.78125
2313700,455.6237130115537,0.0,0.8125,0.828125
2313800,455.6315438392639,0.0,0.9375,0.65625
2313900,455.6381643965241,0.0,0.75,0.78125
2314000,455.64264216510924,0.0,0.6875,0.828125
2314100,455.64535584187405,0.0,0.8125,0.78125
2314200,455.6536096946295,0.0,0.75,0.65625
2314300,455.65467684242964,0.0,0.875,0.828125
2314400,455.6586621035858,0.0,0.6875,0.71875
2314500,455.6602416778754,0.0,0.8125,0.828125
2314600,455.66346849744383,0.0,0.75,0.6875
2314700,455.6648709395327,0.0,0.8125,0.8125
2314800,455.6678533460086,0.0,0.6875,0.71875
2314900,455.6689274070403,0.0,0.75,0.875
2315000,455.6705076417297,0.0,0.75,0.78125
2315100,455.67324624140093,0.0,0.75,0.75
2315200,455.67463654280533,0.0,0.75,0.8125
2315300,455.67834411674494,0.0,0.75,0.75
2315400,455.68139260170744,0.0,0.75,0.828125
2315500,455.6844043105621,0.0,0.875,0.8125
2315600,455.68585483332066,0.0,0.6875,0.8125
2315700,455.6867473417792,0.0,0.75,0.828125
2315800,455.69010510065016,0.0,0.8125,0.75
2315900,455.692212754258,0.0,0.625,0.734375
2316000,455.6934955214062,0.0,0.875,0.71875
2316100,455.69749734506826,0.0,0.6875,0.75
2316200,455.6995929676492,0.0,0.8125,0.75
2316300,455.70437883248144,0.0,0.75,0.8125
2316400,455.706547860219,0.0,0.75,0.734375
2316500,455.70775543179604,0.0,0.8125,0.78125
2316600,455.70952616069707,0.0,0.8125,0.75
2316700,455.7109148240264,0.0,0.75,0.765625
2316800,455.7145334846008,0.0,0.6875,0.875
2316900,455.71594695085963,0.0,0.75,0.734375
2317000,455.7209184596221,0.0,0.8125,0.828125
2317100,455.72218155003117,0.0,0.75,0.75
2317200,455.7244609403635,0.0,0.6875,0.703125
2317300,455.7278020597587,0.0,0.75,0.828125
2317400,455.73305422460055,0.0,0.5625,0.765625
2317500,455.73670356332076,0.0,0.8125,0.71875
2317600,455.73906339306205,0.0,0.75,0.75
2317700,455.74073268644287,0.0,0.875,0.828125
2317800,455.7438580308173,0.0,0.75,0.78125
2317900,455.74711119470805,0.0,0.6875,0.78125
2318000,455.7512045587722,0.0,0.6875,0.78125
2318100,455.7539359743272,0.0,0.8125,0.828125
2318200,455.7579041103563,0.0,0.8125,0.828125
2318300,455.7592745949041,0.0,0.75,0.8125
2318400,455.76086405335826,0.0,0.75,0.8125
2318500,455.7627884652988,0.0,0.6875,0.75
2318600,455.76490141308807,0.0,0.875,0.796875
2318700,455.766504916329,0.0,0.75,0.734375
2318800,455.774055569256,0.0,0.75,0.8125
2318900,455.777780203161,0.0,0.8125,0.828125
2319000,455.7812393538771,0.0,0.75,0.734375
2319100,455.78315692890095,0.0,0.8125,0.921875
2319200,455.78690524065263,0.0,0.8125,0.796875
2319300,455.7894633382171,0.0,0.625,0.765625
2319400,455.7915293911616,0.0,0.6875,0.734375
2319500,455.79484919449646,0.0,0.625,0.75
2319600,455.79765058856617,0.0,0.625,0.75
2319700,455.7995571396756,0.0,0.8125,0.765625
2319800,455.800374944955,0.0,0.75,0.71875
2319900,455.80396444491845,0.0,0.75,0.84375
2320000,455.80496623340036,0.0,0.75,0.734375
2320100,455.8054913379438,0.0,0.6875,0.71875
2320200,455.81043310311486,0.0,0.8125,0.75
2320300,455.812687414666,0.0,0.75,0.796875
2320400,455.815358261419,0.0,0.875,0.828125
2320500,455.81856150699826,0.0,0.8125,0.84375
2320600,455.8218248817032,0.0,0.8125,0.828125
2320700,455.82785091474926,0.0,0.75,0.8125
2320800,455.8293743564947,0.0,0.6875,0.78125
2320900,455.8300819218837,0.0,0.75,0.78125
2321000,455.83186185309995,0.0,0.75,0.765625
2321100,455.833419491215,0.0,0.8125,0.84375
2321200,455.83402721551937,0.0,0.8125,0.65625
2321300,455.8373582664973,0.0,0.6875,0.8125
2321400,455.83951179624086,0.0,0.6875,0.796875
2321500,455.8421000184921,0.0,0.6875,0.765625
2321600,455.8436085135875,0.0,0.6875,0.765625
2321700,455.84561161058105,0.0,0.8125,0.78125
2321800,455.8466022831556,0.0,0.8125,0.875
2321900,455.849546953884,0.0,0.75,0.75
2322000,455.85232043926067,0.0,0.6875,0.703125
2322100,455.85549062161516,0.0,0.75,0.828125
2322200,455.8574331410224,0.0,0.6875,0.796875
2322300,455.858188688527,0.0,0.625,0.78125
2322400,455.87291697222827,0.0,0.6875,0.8125
2322500,455.8764070864874,0.0,0.75,0.875
2322600,455.8811368237897,0.0,0.625,0.796875
2322700,455.8856728395289,0.0,0.6875,0.765625
2322800,455.88878458066796,0.0,0.5,0.671875
2322900,455.89174875523133,0.0,0.75,0.65625
2323000,455.8956568653775,0.0,0.6875,0.84375
2323100,455.9007570121625,0.0,0.75,0.796875
2323200,455.90211988079346,0.0,0.8125,0.703125
2323300,455.90381732256895,0.0,0.8125,0.828125
2323400,455.90487384078733,0.0,0.6875,0.75
2323500,455.9066474726632,0.0,0.8125,0.765625
2323600,455.90808171627947,0.0,0.625,0.75
2323700,455.9126138185767,0.0,0.6875,0.796875
2323800,455.91333628144656,0.0,0.8125,0.796875
2323900,455.91492786838813,0.0,0.625,0.71875
2324000,455.91659976048555,0.0,0.75,0.71875
2324100,455.9177358806148,0.0,0.6875,0.71875
2324200,455.9197438055264,0.0,0.75,0.59375
2324300,455.9220587816118,0.0,0.6875,0.84375
2324400,455.9262382641784,0.0,0.625,0.703125
2324500,455.9301272974219,0.0,0.8125,0.875
2324600,455.9343039961424,0.0,0.6875,0.78125
2324700,455.93687342898886,0.0,0.8125,0.734375
2324800,455.9401466090267,0.0,0.625,0.703125
2324900,455.9418483644917,0.0,0.8125,0.828125
2325000,237.6219221650457,0.0,0.75,0.78125
2325100,237.6828358440367,0.0,0.6875,0.796875
2325200,237.84119901433732,0.0,0.75,0.71875
2325300,237.98932507469726,0.0,0.6875,0.71875
2325400,238.08003199732184,0.0,0.75,0.75
2325500,238.15162362363023,0.0,0.6875,0.640625
2325600,238.31736025790082,0.0,0.75,0.78125
2325700,238.53023917396217,0.0,0.875,0.765625
2325800,238.6821708399987,0.0,0.6875,0.875
2325900,238.83497115370452,0.0,0.6875,0.78125
2326000,238.93933690157272,0.0,0.6875,0.765625
2326100,239.15412060776885,0.0,0.8125,0.875
2326200,239.30887731565426,0.0,0.625,0.734375
2326300,239.63717011857668,0.0,0.875,0.75
2326400,239.7292435896241,0.0,0.75,0.8125
2326500,239.91114077533976,0.0,0.6875,0.8125
2326600,240.15467341072915,0.0,0.6875,0.6875
2326700,240.3848736895145,0.0,0.6875,0.8125
2326800,240.52789705597883,0.0,0.75,0.765625
2326900,240.79403579763888,0.0,0.8125,0.765625
2327000,240.97343289855112,0.0,0.6875,0.765625
2327100,241.43673418397424,0.0,0.75,0.859375
2327200,242.03125490845255,0.0,0.75,0.78125
2327300,243.3355328296143,0.0,0.8125,0.75
2327400,248.01684099831627,0.0,0.6875,0.78125
2327500,328.15876322751274,0.0,0.6875,0.78125
2327600,335.83581526675533,0.0,0.8125,0.765625
2327700,337.0563444814142,0.0,0.75,0.8125
2327800,338.24380506950826,0.0,0.8125,0.78125
2327900,339.635694715588,0.0,0.8125,0.75
2328000,341.37652960357525,0.0,0.625,0.765625
2328100,342.0150035142104,0.0,0.75,0.78125
2328200,342.46277002135594,0.0,0.8125,0.828125
2328300,342.8487107623849,0.0,0.8125,0.734375
2328400,343.19926332592354,0.0,0.8125,0.765625
2328500,343.40885887157674,0.0,0.8125,0.859375
2328600,343.8059766092,0.0,0.8125,0.765625
2328700,343.9838787540156,0.0,0.75,0.796875
2328800,344.2591277329434,0.0,0.6875,0.796875
2328900,344.43440621792223,0.0,0.75,0.8125
2329000,344.59222276812005,0.0,0.75,0.75
2329100,344.72559434008855,0.0,0.6875,0.75
2329200,345.0253215711552,0.0,0.875,0.8125
2329300,345.32081835220293,0.0,0.75,0.75
2329400,345.55190599564935,0.0,0.75,0.75
2329500,345.7140128565403,0.0,0.8125,0.75
2329600,345.9117728021169,0.0,0.6875,0.734375
2329700,346.24858015162863,0.0,0.75,0.765625
2329800,346.49335587742206,0.0,0.6875,0.75
2329900,346.789880929047,0.0,0.75,0.84375
2330000,347.05920855290753,0.0,0.75,0.734375
2330100,347.2337072764351,0.0,0.625,0.84375
2330200,347.4737841735995,0.0,0.875,0.703125
2330300,347.75660358607234,0.0,0.8125,0.78125
2330400,348.251355222789,0.0,0.875,0.765625
2330500,348.3897912590054,0.0,0.75,0.734375
2330600,348.90907492539395,0.0,0.8125,0.671875
2330700,349.16688264119176,0.0,0.8125,0.84375
2330800,349.4760357414757,0.0,0.6875,0.8125
2330900,349.7283007784977,0.0,0.75,0.84375
2331000,350.9716799642476,0.0,0.75,0.75
2331100,352.7944300767517,0.0,0.75,0.828125
2331200,356.62581867005736,0.0,0.6875,0.78125
2331300,412.0649914470631,0.0,0.8125,0.8125
2331400,442.44502196308775,0.0,0.6875,0.765625
2331500,445.50040954213387,0.0,0.8125,0.828125
2331600,447.35744569301136,0.0,0.75,0.859375
2331700,447.8187651906785,0.0,0.8125,0.78125
2331800,448.61362678275606,0.0,0.6875,0.796875
2331900,449.1636614872389,0.0,0.75,0.6875
2332000,449.500058280051,0.0,0.5625,0.859375
2332100,450.08010409431563,0.0,0.6875,0.734375
2332200,450.3465232552954,0.0,0.875,0.859375
2332300,450.59542987118454,0.0,0.875,0.875
2332400,450.819242772045,0.0,0.75,0.734375
2332500,451.1144704739776,0.0,0.5,0.765625
2332600,451.3813588229908,0.0,0.875,0.71875
2332700,451.50862211190594,0.0,0.8125,0.6875
2332800,451.5861893176121,0.0,0.6875,0.84375
2332900,451.79879259189767,0.0,0.6875,0.75
2333000,451.9151172436399,0.0,0.875,0.890625
2333100,452.059452392798,0.0,0.6875,0.71875
2333200,452.2068639232088,0.0,0.75,0.765625
2333300,452.2736639417774,0.0,0.875,0.765625
2333400,452.339965123021,0.0,0.75,0.734375
2333500,452.44317166072744,0.0,0.8125,0.8125
2333600,452.5859140135136,0.0,0.6875,0.8125
2333700,452.6291766760967,0.0,0.9375,0.765625
2333800,452.73422699177615,0.0,0.625,0.671875
2333900,452.7610126299679,0.0,0.625,0.84375
2334000,452.8727056445314,0.0,0.8125,0.890625
2334100,452.93386368336394,0.0,0.75,0.671875
2334200,452.9948791713684,0.0,0.75,0.8125
2334300,453.06762251421367,0.0,0.8125,0.71875
2334400,453.11341645243544,0.0,0.8125,0.78125
2334500,453.17096730445974,0.0,0.625,0.796875
2334600,453.211484727307,0.0,0.625,0.734375
2334700,453.2399273668,0.0,0.6875,0.890625
2334800,453.262569845695,0.0,0.75,0.828125
2334900,453.2793608855947,0.0,0.8125,0.8125
2335000,453.31204597746444,0.0,0.75,0.84375
2335100,453.3334841232153,0.0,0.75,0.828125
2335200,453.35701159707367,0.0,0.6875,0.78125
2335300,453.3979327159752,0.0,0.9375,0.875
2335400,453.41974372140476,0.0,0.75,0.75
2335500,453.4657955351954,0.0,0.6875,0.6875
2335600,453.5432709470335,0.0,0.6875,0.734375
2335700,453.6273346207232,0.0,0.75,0.8125
2335800,453.66714562903627,0.0,0.875,0.921875
2335900,453.6722450295611,0.0,0.625,0.78125
2336000,453.70241302395374,0.0,0.6875,0.796875
2336100,453.7114657707351,0.0,0.8125,0.828125
2336200,453.7300190824617,0.0,0.75,0.765625
2336300,453.7400199641683,0.0,0.6875,0.6875
2336400,453.77417016945185,0.0,0.6875,0.8125
2336500,453.80638076464527,0.0,0.75,0.828125
2336600,453.83147663384665,0.0,0.6875,0.703125
2336700,453.84253762795487,0.0,0.8125,0.703125
2336800,453.85174625838744,0.0,0.75,0.765625
2336900,453.8550799663931,0.0,0.6875,0.6875
2337000,453.88480909714684,0.0,0.6875,0.734375
2337100,453.8995383228446,0.0,0.6875,0.734375
2337200,453.90362508435993,0.0,0.75,0.796875
2337300,453.9310365931463,0.0,0.8125,0.796875
2337400,453.96575618495535,0.0,0.8125,0.8125
2337500,453.97391802391235,0.0,0.875,0.78125
2337600,453.97973495739734,0.0,0.8125,0.796875
2337700,453.9833166138576,0.0,0.75,0.796875
2337800,454.00824237569725,0.0,0.8125,0.84375
2337900,454.0254629546141,0.0,0.6875,0.65625
2338000,454.02805503305257,0.0,0.75,0.734375
2338100,454.05482864903104,0.0,0.8125,0.78125
2338200,454.06390682345426,0.0,0.75,0.6875
2338300,454.06479852651216,0.0,0.6875,0.75
2338400,454.0706929975786,0.0,0.875,0.78125
2338500,454.0842003204829,0.0,0.8125,0.734375
2338600,454.0917051984666,0.0,0.8125,0.71875
2338700,454.1053439739516,0.0,0.625,0.71875
2338800,454.1106858005957,0.0,0.8125,0.8125
2338900,454.1169404187178,0.0,0.8125,0.75
2339000,454.12375688505324,0.0,0.875,0.734375
2339100,454.145325135712,0.0,0.6875,0.84375
2339200,454.15728726431377,0.0,0.8125,0.796875
2339300,454.1725278125494,0.0,0.8125,0.75
2339400,454.1847777701094,0.0,0.5625,0.6875
2339500,454.2015705285427,0.0,0.8125,0.734375
2339600,454.21345165113,0.0,0.8125,0.8125
2339700,454.21542207872824,0.0,0.625,0.71875
2339800,454.2222826481106,0.0,0.8125,0.71875
2339900,454.2320241431345,0.0,0.8125,0.859375
2340000,454.2359787923049,0.0,0.8125,0.796875
2340100,454.23779899876865,0.0,0.8125,0.796875
2340200,454.26196109243955,0.0,0.75,0.78125
2340300,454.28390993052017,0.0,0.75,0.78125
2340400,454.2921591421371,0.0,0.6875,0.796875
2340500,454.2947415708487,0.0,0.6875,0.8125
2340600,454.29791490467346,0.0,0.8125,0.828125
2340700,454.3026410357158,0.0,0.8125,0.734375
2340800,454.3098243250116,0.0,0.75,0.84375
2340900,454.3243126142676,0.0,0.6875,0.765625
2341000,454.3291797229965,0.0,0.75,0.796875
2341100,454.3361917749359,0.0,0.8125,0.71875
2341200,454.3539202304901,0.0,0.75,0.734375
2341300,454.38179745904597,0.0,0.75,0.734375
2341400,454.3858801636083,0.0,0.8125,0.765625
2341500,454.4052719304917,0.0,0.625,0.765625
2341600,454.4129771368916,0.0,0.625,0.8125
2341700,454.43734610142667,0.0,0.875,0.78125
2341800,454.44570805548466,0.0,0.75,0.890625
2341900,454.4547740696874,0.0,0.8125,0.859375
2342000,454.4576003946664,0.0,0.8125,0.84375
2342100,454.4918730279675,0.0,0.8125,0.765625
2342200,454.5092984739954,0.0,0.8125,0.78125
2342300,454.5189868142695,0.0,0.6875,0.78125
2342400,454.52842247170526,0.0,0.75,0.6875
2342500,454.535950451263,0.0,0.6875,0.796875
2342600,454.5454709272978,0.0,0.6875,0.765625
2342700,454.56720731064894,0.0,0.8125,0.78125
2342800,454.57720581319256,0.0,0.75,0.765625
2342900,454.5855444133825,0.0,0.75,0.8125
2343000,454.5973472773115,0.0,0.6875,0.6875
2343100,454.62156956171054,0.0,0.75,0.859375
2343200,454.62736120386626,0.0,0.875,0.84375
2343300,454.6530517403083,0.0,0.8125,0.8125
2343400,454.65963283908127,0.0,0.75,0.734375
2343500,454.6613658500234,0.0,0.75,0.75
2343600,454.6795684592991,0.0,0.625,0.75
2343700,454.68616752037275,0.0,0.875,0.8125
2343800,454.6999794708275,0.0,0.75,0.828125
2343900,454.7063212099747,0.0,0.875,0.703125
2344000,454.7141962276327,0.0,0.8125,0.734375
2344100,454.72001671390035,0.0,0.9375,0.765625
2344200,454.7313143951774,0.0,0.6875,0.703125
2344300,454.7412339709902,0.0,0.9375,0.734375
2344400,454.7530253204654,0.0,0.8125,0.84375
2344500,454.758477130953,0.0,0.8125,0.8125
2344600,454.76702175877114,0.0,0.75,0.734375
2344700,454.76907213752946,0.0,0.75,0.859375
2344800,454.7771477145735,0.0,0.6875,0.8125
2344900,454.7820811179893,0.0,0.6875,0.703125
2345000,454.78720195104654,0.0,0.8125,0.765625
2345100,454.7924000166834,0.0,0.6875,0.8125
2345200,454.80107009213935,0.0,0.875,0.8125
2345300,454.8075771973704,0.0,0.8125,0.828125
2345400,454.81977651383,0.0,0.75,0.75
2345500,454.83043887122875,0.0,0.75,0.84375
2345600,454.8363813063836,0.0,0.8125,0.75
2345700,454.8413471745935,0.0,0.8125,0.734375
2345800,454.84646222300154,0.0,0.8125,0.84375
2345900,454.85211280303076,0.0,0.6875,0.75
2346000,454.86068345469977,0.0,0.8125,0.8125
2346100,454.8656386305561,0.0,0.875,0.859375
2346200,454.86663293740963,0.0,0.8125,0.75
2346300,454.8722616716233,0.0,0.75,0.78125
2346400,454.87442254178796,0.0,0.8125,0.796875
2346500,454.87772177495015,0.0,0.875,0.765625
2346600,454.87904050749455,0.0,0.8125,0.828125
2346700,454.88426839293874,0.0,0.8125,0.828125
2346800,454.88678084494956,0.0,0.9375,0.734375
2346900,454.892665902389,0.0,0.6875,0.640625
2347000,454.897758073254,0.0,0.5625,0.796875
2347100,454.902759982395,0.0,1,0.859375
2347200,454.90394046589574,0.0,0.875,0.75
2347300,454.9073538382892,0.0,0.875,0.78125
2347400,454.9174240624216,0.0,0.6875,0.84375
2347500,454.92066457106495,0.0,0.625,0.8125
2347600,454.9346058860164,0.0,0.6875,0.75
2347700,454.94385614730936,0.0,0.625,0.78125
2347800,454.94718077422806,0.0,0.75,0.78125
2347900,454.95098236182156,0.0,0.625,0.703125
2348000,454.95310136666103,0.0,0.75,0.8125
2348100,454.9602703448542,0.0,0.8125,0.734375
2348200,454.96390925132204,0.0,0.8125,0.75
2348300,454.97232871078,0.0,0.75,0.859375
2348400,454.9761245914591,0.0,0.8125,0.75
2348500,454.9832024018341,0.0,0.8125,0.875
2348600,454.9868298150625,0.0,0.75,0.78125
2348700,454.98879078304003,0.0,0.625,0.734375
2348800,454.99567903351425,0.0,0.8125,0.859375
2348900,455.0085234701142,0.0,0.8125,0.78125
2349000,455.0114933266598,0.0,0.6875,0.890625
2349100,455.02069488567867,0.0,0.75,0.828125
2349200,455.0353708397651,0.0,0.6875,0.765625
2349300,455.03977025661106,0.0,0.6875,0.78125
2349400,455.05009829533367,0.0,0.875,0.859375
2349500,455.05482797143765,0.0,0.875,0.828125
2349600,455.0579863504943,0.0,0.75,0.875
2349700,455.06038892647683,0.0,0.875,0.796875
2349800,455.06905321251793,0.0,0.875,0.6875
2349900,455.072331868645,0.0,0.875,0.75
2350000,238.5520214527162,0.0,0.6875,0.796875
2350100,238.76166121581048,0.0,0.8125,0.890625
2350200,238.87972551968602,0.0,0.6875,0.734375
2350300,239.02957330318233,0.0,0.75,0.78125
2350400,239.1279162437183,0.0,0.8125,0.78125
2350500,239.45718012689255,0.0,0.6875,0.8125
2350600,239.6249069729036,0.0,0.75,0.859375
2350700,239.75632825470038,0.0,0.875,0.8125
2350800,239.90308173968168,0.0,0.75,0.734375
2350900,240.06817848629245,0.0,0.6875,0.703125
2351000,240.333310959277,0.0,0.875,0.796875
2351100,240.44092930411966,0.0,0.8125,0.796875
2351200,240.64108392358213,0.0,0.8125,0.75
2351300,240.88817108933966,0.0,0.8125,0.875
2351400,241.31682461032597,0.0,0.75,0.796875
2351500,241.92793816820893,0.0,0.75,0.84375
2351600,242.64594913359284,0.0,0.8125,0.828125
2351700,243.11071819839694,0.0,0.8125,0.8125
2351800,244.49968178520908,0.0,0.8125,0.859375
2351900,246.41401354589595,0.0,0.75,0.8125
2352000,253.3700153707027,0.0,0.75,0.78125
2352100,274.8283886099824,0.0,0.75,0.84375
2352200,327.4327524321415,0.0,0.6875,0.78125
2352300,332.15462608927777,0.0,0.75,0.78125
2352400,337.0853201431418,0.0,0.875,0.90625
2352500,338.251475466768,0.0,0.6875,0.828125
2352600,338.97913183607125,0.0,0.8125,0.78125
2352700,339.75778201994456,0.0,0.875,0.78125
2352800,340.57440142132185,0.0,0.75,0.765625
2352900,341.3807523829479,0.0,0.75,0.765625
2353000,341.84901915898274,0.0,0.75,0.828125
2353100,342.3108180623127,0.0,0.875,0.8125
2353200,342.6464566624292,0.0,0.6875,0.8125
2353300,343.04662917092236,0.0,0.875,0.6875
2353400,343.3190151013197,0.0,0.8125,0.71875
2353500,343.7068964242985,0.0,0.8125,0.859375
2353600,343.993295934752,0.0,0.8125,0.75
2353700,344.208672607044,0.0,0.75,0.75
2353800,344.52248585133134,0.0,0.6875,0.828125
2353900,344.716583560554,0.0,0.875,0.765625
2354000,344.9688405823833,0.0,0.8125,0.859375
2354100,345.2550068238655,0.0,0.875,0.765625
2354200,345.46931149254175,0.0,0.75,0.765625
2354300,345.70759927148407,0.0,0.75,0.8125
2354400,345.9309537074799,0.0,0.75,0.78125
2354500,346.1362336136908,0.0,0.875,0.8125
2354600,346.34708447940443,0.0,0.75,0.765625
2354700,346.5983602899143,0.0,0.625,0.75
2354800,346.72520284769683,0.0,0.75,0.828125
2354900,346.9540686340273,0.0,0.75,0.71875
2355000,347.14405296341334,0.0,0.875,0.71875
2355100,347.30661774279207,0.0,0.75,0.859375
2355200,347.5058228883489,0.0,0.5625,0.796875
2355300,347.6936992109853,0.0,0.8125,0.796875
2355400,347.83493081695894,0.0,0.6875,0.796875
2355500,348.0445734750921,0.0,0.75,0.765625
2355600,348.1995769364279,0.0,0.875,0.765625
2355700,348.35960010575235,0.0,0.8125,0.75
2355800,348.5400019009009,0.0,0.8125,0.8125
2355900,348.68535216250035,0.0,0.75,0.78125
2356000,349.032807447227,0.0,0.875,0.734375
2356100,349.5415114530673,0.0,0.875,0.84375
2356200,349.81774274451425,0.0,0.875,0.875
2356300,350.2876039336867,0.0,0.75,0.78125
2356400,350.84606509226916,0.0,0.8125,0.78125
2356500,351.4450512392566,0.0,0.875,0.71875
2356600,352.4928141627748,0.0,0.75,0.78125
2356700,354.45665452523446,0.0,0.875,0.734375
2356800,356.7960521403644,0.0,0.8125,0.921875
2356900,360.23617109099035,0.0,0.75,0.796875
2357000,368.6171577992908,0.0,0.875,0.8125
2357100,401.70838416857714,0.0,0.6875,0.6875
2357200,436.2337589808203,0.0,0.8125,0.765625
2357300,443.00962254118633,0.0,0.8125,0.765625
2357400,445.0850286993168,0.0,0.75,0.75
2357500,445.7388233458297,0.0,0.8125,0.75
2357600,446.0953371427343,0.0,0.875,0.765625
2357700,446.6470255088691,0.0,0.875,0.78125
2357800,447.08413452185823,0.0,0.8125,0.8125
2357900,447.48039720056744,0.0,0.75,0.84375
2358000,447.6119224085667,0.0,0.8125,0.828125
2358100,447.79605661469225,0.0,0.9375,0.78125
2358200,447.9423786861483,0.0,0.75,0.734375
2358300,448.16816927567044,0.0,0.75,0.796875
2358400,448.39404351273106,0.0,0.8125,0.703125
2358500,448.5285632776501,0.0,0.75,0.75
2358600,448.63844716697304,0.0,0.9375,0.890625
2358700,448.9259955828016,0.0,0.875,0.84375
2358800,449.11938206335435,0.0,0.6875,0.8125
2358900,449.2322916855984,0.0,0.875,0.84375
2359000,449.37854763993124,0.0,0.75,0.796875
2359100,449.44299470154635,0.0,0.875,0.828125
2359200,449.54580413766143,0.0,0.75,0.84375
2359300,449.69032559534776,0.0,0.75,0.765625
2359400,449.7684990495392,0.0,0.6875,0.703125
2359500,449.8539198096758,0.0,0.875,0.8125
2359600,449.9746383936,0.0,0.75,0.6875
2359700,450.10438723599674,0.0,0.875,0.78125
2359800,450.264029949183,0.0,0.6875,0.8125
2359900,450.39960619802304,0.0,0.8125,0.78125
2360000,450.500309218377,0.0,0.75,0.84375
2360100,450.61017227378136,0.0,0.8125,0.828125
2360200,450.64865346447453,0.0,0.875,0.765625
2360300,450.7189138703953,0.0,0.75,0.703125
2360400,450.89047184860993,0.0,0.875,0.75
2360500,450.93493605592573,0.0,0.6875,0.890625
2360600,451.07060213249434,0.0,0.75,0.8125
2360700,451.1798526549992,0.0,0.75,0.796875
2360800,451.2814686168302,0.0,0.8125,0.828125
2360900,451.38984853949785,0.0,0.8125,0.8125
2361000,451.4488291546347,0.0,0.75,0.875
2361100,451.52012616715524,0.0,0.8125,0.765625
2361200,451.61062201434225,0.0,0.8125,0.828125
2361300,451.6403105602486,0.0,0.8125,0.796875
2361400,451.7148929040769,0.0,0.8125,0.78125
2361500,451.742907917498,0.0,0.8125,0.703125
2361600,451.75635221479695,0.0,0.8125,0.8125
2361700,451.81933734615814,0.0,0.875,0.734375
2361800,451.8550696059869,0.0,0.875,0.8125
2361900,451.87888680341354,0.0,0.625,0.8125
2362000,451.8911854398098,0.0,0.8125,0.84375
2362100,451.9150278153641,0.0,0.6875,0.765625
2362200,452.0077524703811,0.0,0.75,0.71875
2362300,452.0204307092127,0.0,0.6875,0.734375
2362400,452.06894723555945,0.0,0.8125,0.8125
2362500,452.1021867870396,0.0,0.8125,0.6875
2362600,452.11261934409225,0.0,0.6875,0.796875
2362700,452.15556978928475,0.0,0.875,0.796875
2362800,452.2310331466154,0.0,0.875,0.828125
2362900,452.2453050140592,0.0,0.9375,0.828125
2363000,452.24827193871124,0.0,0.625,0.84375
2363100,452.25194545649595,0.0,0.75,0.796875
2363200,452.2749916756649,0.0,0.75,0.671875
2363300,452.2794950902361,0.0,0.75,0.8125
2363400,452.3687131103288,0.0,0.75,0.78125
2363500,452.37717388412216,0.0,0.6875,0.8125
2363600,452.38545071834966,0.0,0.8125,0.859375
2363700,452.3940856391892,0.0,0.6875,0.859375
2363800,452.4036031117071,0.0,0.875,0.75
2363900,452.4251379513043,0.0,0.8125,0.734375
2364000,452.49039395817925,0.0,0.6875,0.734375
2364100,452.49464867318676,0.0,0.8125,0.671875
2364200,452.5134364461053,0.0,0.75,0.8125
2364300,452.52227007930907,0.0,0.75,0.828125
2364400,452.530504564012,0.0,0.9375,0.8125
2364500,452.54530836552567,0.0,0.75,0.671875
2364600,452.5707625598738,0.0,0.9375,0.78125
2364700,452.5747282563231,0.0,0.8125,0.71875
2364800,452.58937430770294,0.0,0.875,0.84375
2364900,452.59272633276106,0.0,0.75,0.734375
2365000,452.6251117049168,0.0,0.9375,0.84375
2365100,452.6385303372003,0.0,0.875,0.84375
2365200,452.6478355084397,0.0,0.75,0.78125
2365300,452.6613666030453,0.0,0.9375,0.828125
2365400,452.71600067090816,0.0,0.75,0.796875
2365500,452.76898311170834,0.0,0.875,0.8125
2365600,452.78393516408573,0.0,0.8125,0.765625
2365700,452.8166215854313,0.0,0.6875,0.765625
2365800,452.82877705183637,0.0,0.9375,0.734375
2365900,452.8736594100958,0.0,0.875,0.890625
2366000,452.89283543061936,0.0,0.8125,0.828125
2366100,452.902493206605,0.0,0.8125,0.8125
2366200,452.90797648641046,0.0,0.8125,0.84375
2366300,452.91101516016295,0.0,0.875,0.8125
2366400,452.9287297113915,0.0,0.875,0.828125
2366500,452.94534858973674,0.0,0.75,0.84375
2366600,452.9475738716697,0.0,0.8125,0.84375
2366700,452.9596235974586,0.0,0.8125,0.6875
2366800,452.9810494809056,0.0,0.6875,0.8125
2366900,453.00148436014877,0.0,0.875,0.796875
2367000,453.0134104024336,0.0,0.75,0.859375
2367100,453.0326595798254,0.0,0.6875,0.703125
2367200,453.0358780506883,0.0,0.875,0.8125
2367300,453.04809721697177,0.0,0.75,0.859375
2367400,453.0557777341122,0.0,0.8125,0.71875
2367500,453.0692245857118,0.0,0.9375,0.8125
2367600,453.08552979374804,0.0,0.75,0.78125
2367700,453.0944096380783,0.0,0.8125,0.84375
2367800,453.1029216298816,0.0,0.8125,0.703125
2367900,453.10515955540126,0.0,0.875,0.859375
2368000,453.1265344948847,0.0,0.75,0.765625
2368100,453.1285844664879,0.0,0.6875,0.75
2368200,453.1306399815975,0.0,0.8125,0.765625
2368300,453.136102979579,0.0,0.75,0.765625
2368400,453.15203156675733,0.0,0.875,0.765625
2368500,453.15929004139883,0.0,0.9375,0.875
2368600,453.1776766398494,0.0,0.8125,0.875
2368700,453.18493265113597,0.0,0.75,0.828125
2368800,453.19891144269667,0.0,0.875,0.875
2368900,453.20563802439966,0.0,0.8125,0.8125
2369000,453.20833646558407,0.0,0.75,0.828125
2369100,453.21704203264,0.0,0.9375,0.828125
2369200,453.21928915344165,0.0,0.8125,0.8125
2369300,453.2224656409445,0.0,0.875,0.78125
2369400,453.22813276140675,0.0,0.875,0.78125
2369500,453.2382052547845,0.0,0.8125,0.828125
2369600,453.2457849339912,0.0,0.6875,0.765625
2369700,453.25548724394935,0.0,0.8125,0.796875
2369800,453.257338301793,0.0,0.6875,0.765625
2369900,453.27801931912245,0.0,0.75,0.6875
2370000,453.30927487241314,0.0,0.6875,0.75
2370100,453.3179195637708,0.0,0.6875,0.75
2370200,453.3385853807358,0.0,0.8125,0.78125
2370300,453.3770248832692,0.0,0.8125,0.8125
2370400,453.3952056702184,0.0,0.9375,0.796875
2370500,453.42218451296435,0.0,0.875,0.765625
2370600,453.432003182769,0.0,0.875,0.78125
2370700,453.4758631092007,0.0,0.75,0.796875
2370800,453.50809150423675,0.0,0.75,0.828125
2370900,453.5236122702248,0.0,0.875,0.84375
2371000,453.53391122295636,0.0,0.75,0.78125
2371100,453.5392616236392,0.0,0.8125,0.859375
2371200,453.55439889524087,0.0,0.625,0.8125
2371300,453.55692630418446,0.0,0.75,0.828125
2371400,453.5643288503743,0.0,0.9375,0.875
2371500,453.57908002018576,0.0,0.8125,0.78125
2371600,453.60619910908036,0.0,0.9375,0.859375
2371700,453.64158224995504,0.0,0.8125,0.828125
2371800,453.6576795091281,0.0,0.8125,0.765625
2371900,453.66635187603265,0.0,0.875,0.78125
2372000,453.6965369786529,0.0,0.6875,0.8125
2372100,453.6989570579085,0.0,0.8125,0.71875
2372200,453.715041998275,0.0,0.75,0.828125
2372300,453.7297679425914,0.0,0.8125,0.875
2372400,453.73438223812957,0.0,0.875,0.84375
2372500,453.7443111820089,0.0,0.8125,0.890625
2372600,453.7491638321794,0.0,0.8125,0.828125
2372700,453.7568513088431,0.0,0.875,0.828125
2372800,453.7581552870046,0.0,0.75,0.828125
2372900,453.7598354892586,0.0,0.75,0.75
2373000,453.7741908168902,0.0,0.8125,0.78125
2373100,453.7831415396103,0.0,0.8125,0.75
2373200,453.80909309865723,0.0,0.875,0.890625
2373300,453.8369708641567,0.0,0.8125,0.78125
2373400,453.84693471006165,0.0,0.75,0.796875
2373500,453.8476548115066,0.0,0.8125,0.765625
2373600,453.8568497299621,0.0,0.875,0.8125
2373700,453.8921549815168,0.0,0.875,0.859375
2373800,453.8934759531483,0.0,0.8125,0.859375
2373900,453.9235859152469,0.0,0.8125,0.75
2374000,453.93697029371253,0.0,0.9375,0.796875
2374100,453.94025484105475,0.0,0.8125,0.75
2374200,453.97307902016456,0.0,0.8125,0.890625
2374300,453.97930535436535,0.0,0.75,0.78125
2374400,454.0047466546975,0.0,0.625,0.78125
2374500,454.0326366277072,0.0,0.75,0.734375
2374600,454.0395219490765,0.0,0.875,0.796875
2374700,454.04556341861274,0.0,0.75,0.71875
2374800,454.0551276298193,0.0,0.75,0.796875
2374900,454.06449004900713,0.0,0.75,0.828125
2375000,326.77609078622345,0.0,0.75,0.75
2375100,416.8030567304057,0.0,0.8125,0.796875
2375200,424.4923868884354,0.0,0.875,0.71875
2375300,427.81588264318395,0.0,0.75,0.796875
2375400,430.793512904621,0.0,0.875,0.75
2375500,432.8740805041709,0.0,0.875,0.84375
2375600,434.5447258120921,0.0,0.75,0.734375
2375700,435.7701865827613,0.0,0.75,0.75
2375800,437.2738760988842,0.0,0.8125,0.84375
2375900,438.31586741892,0.0,0.8125,0.796875
2376000,439.3628083400125,0.0,0.8125,0.828125
2376100,440.2339981378538,0.0,0.875,0.78125
2376200,441.19448311415465,0.0,0.9375,0.78125
2376300,442.0495054330023,0.0,0.8125,0.859375
2376400,442.5462467957702,0.0,0.8125,0.796875
2376500,443.0812945499548,0.0,0.9375,0.78125
2376600,443.9609822172709,0.0,0.75,0.84375
2376700,444.6549672601515,0.0,0.8125,0.734375
2376800,445.2037565863586,0.0,0.6875,0.859375
2376900,445.6346425981473,0.0,0.8125,0.859375
2377000,446.1568142882611,0.0,0.875,0.734375
2377100,446.5828828737582,0.0,0.75,0.796875
2377200,446.95896619692974,0.0,0.75,0.796875
2377300,447.2614266302451,0.0,0.6875,0.765625
2377400,447.55678250387757,0.0,0.8125,0.8125
2377500,447.98069479831673,0.0,0.6875,0.828125
2377600,448.3311962539813,0.0,0.9375,0.8125
2377700,448.63685299801597,0.0,0.875,0.859375
2377800,448.9563052864607,0.0,0.75,0.890625
2377900,449.26076517329113,0.0,0.75,0.828125
2378000,449.53339537606314,0.0,0.8125,0.734375
2378100,449.7632198332154,0.0,0.8125,0.671875
2378200,450.04566572760444,0.0,0.6875,0.71875
2378300,450.16592333630143,0.0,0.875,0.796875
2378400,450.27824664462946,0.0,0.75,0.78125
2378500,450.511951727785,0.0,0.75,0.6875
2378600,450.69233512431856,0.0,0.8125,0.8125
2378700,450.86529059378506,0.0,0.75,0.765625
2378800,451.1651503109715,0.0,0.75,0.78125
2378900,451.27718858942575,0.0,0.75,0.84375
2379000,451.4323490841997,0.0,0.875,0.71875
2379100,451.55986757464746,0.0,0.75,0.828125
2379200,451.77150871678674,0.0,0.6875,0.78125
2379300,451.95051622866714,0.0,0.875,0.75
2379400,452.1326627585932,0.0,0.8125,0.890625
2379500,452.3181339393829,0.0,0.6875,0.78125
2379600,452.4722034861628,0.0,0.875,0.828125
2379700,452.62116224045553,0.0,0.75,0.8125
2379800,452.7968350302943,0.0,0.8125,0.734375
2379900,452.97030923651545,0.0,0.9375,0.75
2380000,453.08440272604275,0.0,0.75,0.84375
2380100,453.2616616160985,0.0,0.75,0.734375
2380200,453.35687597051765,0.0,0.8125,0.75
2380300,453.46533517846495,0.0,0.875,0.796875
2380400,453.6109685890078,0.0,0.875,0.71875
2380500,453.70701684331226,0.0,0.6875,0.796875
2380600,453.81366924357053,0.0,0.8125,0.8125
2380700,453.90702296708037,0.0,0.9375,0.8125
2380800,454.00194850498775,0.0,0.6875,0.796875
2380900,454.0703648538756,0.0,0.75,0.84375
2381000,454.19007778183635,0.0,0.8125,0.859375
2381100,454.32418981392397,0.0,0.8125,0.8125
2381200,454.46015611338873,0.0,0.75,0.828125
2381300,454.5343754827587,0.0,0.6875,0.828125
2381400,454.63022860274697,0.0,0.875,0.875
2381500,454.7274491912151,0.0,0.75,0.796875
2381600,454.7985018163565,0.0,0.8125,0.75
2381700,454.86393036568535,0.0,0.8125,0.75
2381800,454.9362655143237,0.0,0.875,0.859375
2381900,454.98668280225553,0.0,0.6875,0.75
2382000,455.0592361810875,0.0,0.875,0.90625
2382100,455.0956679578711,0.0,0.75,0.78125
2382200,455.21410449856234,0.0,0.75,0.765625
2382300,455.24397266750583,0.0,0.9375,0.859375
2382400,455.2922343862918,0.0,0.75,0.875
2382500,455.32017391668455,0.0,0.8125,0.859375
2382600,455.32297693614737,0.0,0.6875,0.8125
2382700,455.3313772005193,0.0,0.8125,0.859375
2382800,455.35126467379075,0.0,0.8125,0.84375
2382900,455.387256255691,0.0,0.8125,0.75
2383000,455.413156331784,0.0,0.8125,0.75
2383100,455.4351496803975,0.0,0.8125,0.734375
2383200,455.45883494601793,0.0,0.75,0.828125
2383300,455.49035276910234,0.0,0.75,0.84375
2383400,455.5481894326993,0.0,0.9375,0.796875
2383500,455.5584505714132,0.0,0.75,0.765625
2383600,455.57422401295423,0.0,0.6875,0.78125
2383700,455.5936310499098,0.0,0.9375,0.828125
2383800,455.6050935884869,0.0,0.9375,0.78125
2383900,455.62516033704975,0.0,0.8125,0.78125
2384000,455.6414196381927,0.0,0.75,0.796875
2384100,455.6609921060151,0.0,0.875,0.734375
2384200,455.67538301301687,0.0,0.8125,0.734375
2384300,455.6768009477629,0.0,0.625,0.75
2384400,455.6841039784342,0.0,0.75,0.71875
2384500,455.6917846321572,0.0,0.875,0.8125
2384600,455.71226632258254,0.0,0.8125,0.78125
2384700,455.71603436468627,0.0,0.6875,0.765625
2384800,455.7176153944738,0.0,0.75,0.75
2384900,455.7194577911015,0.0,0.75,0.828125
2385000,455.7221975465005,0.0,0.8125,0.75
2385100,455.7280830637476,0.0,0.6875,0.796875
2385200,455.7310047772888,0.0,0.8125,0.796875
2385300,455.755505546014,0.0,0.75,0.875
2385400,455.76500081663465,0.0,0.625,0.78125
2385500,455.7736577571895,0.0,0.6875,0.75
2385600,455.7784866838314,0.0,0.8125,0.78125
2385700,455.7794739701127,0.0,0.875,0.890625
2385800,455.7823087264621,0.0,0.75,0.78125
2385900,455.7842338765443,0.0,0.8125,0.875
2386000,455.79501708742833,0.0,0.8125,0.75
2386100,455.7962184383519,0.0,0.8125,0.703125
2386200,455.7984753212247,0.0,0.6875,0.828125
2386300,455.80242355112836,0.0,0.875,0.84375
2386400,455.80481375145325,0.0,0.75,0.8125
2386500,455.80651773310825,0.0,0.8125,0.765625
2386600,455.8082806313134,0.0,0.5625,0.71875
2386700,455.8177149508615,0.0,0.8125,0.71875
2386800,455.8187234177291,0.0,0.8125,0.796875
2386900,455.8212582186015,0.0,0.75,0.78125
2387000,455.8237858283993,0.0,1,0.75
2387100,455.825919057123,0.0,0.875,0.875
2387200,455.82801658880703,0.0,0.75,0.9375
2387300,455.82985879384654,0.0,0.8125,0.75
2387400,455.83234703974057,0.0,0.8125,0.8125
2387500,455.8349203958316,0.0,0.875,0.828125
2387600,455.83649390612095,0.0,0.875,0.78125
2387700,455.83872036835214,0.0,0.6875,0.734375
2387800,455.8407629124186,0.0,0.8125,0.796875
2387900,455.8429297469615,0.0,0.8125,0.859375
2388000,455.8451631035177,0.0,0.875,0.75
2388100,455.84987938201294,0.0,0.875,0.703125
2388200,455.85158318498907,0.0,0.75,0.765625
2388300,455.8559760381969,0.0,0.875,0.75
2388400,455.8582330406807,0.0,0.8125,0.734375
2388500,455.8604922176559,0.0,0.75,0.734375
2388600,455.86289375345075,0.0,0.9375,0.890625
2388700,455.86473358626995,0.0,0.875,0.8125
2388800,455.8689875435913,0.0,0.875,0.84375
2388900,455.8725466912385,0.0,0.6875,0.75
2389000,455.87432770436857,0.0,0.625,0.78125
2389100,455.87525906318143,0.0,0.875,0.8125
2389200,455.87675806345123,0.0,0.625,0.71875
2389300,455.87790440284726,0.0,0.9375,0.8125
2389400,455.8854734970424,0.0,0.6875,0.765625
2389500,455.8895473550146,0.0,0.8125,0.84375
2389600,455.89305943991627,0.0,0.875,0.890625
2389700,455.8955670273758,0.0,0.875,0.828125
2389800,455.8980190972538,0.0,0.9375,0.859375
2389900,455.90096979946026,0.0,0.75,0.8125
2390000,455.9044776512177,0.0,0.75,0.828125
2390100,455.9071565617534,0.0,0.6875,0.78125
2390200,455.9101673349255,0.0,0.8125,0.8125
2390300,455.9127954797129,0.0,0.75,0.78125
2390400,455.9176599714838,0.0,0.8125,0.765625
2390500,455.9182216522328,0.0,0.6875,0.796875
2390600,455.9188048585822,0.0,0.875,0.84375
2390700,455.9199510887704,0.0,0.9375,0.828125
2390800,455.9223245221494,0.0,0.75,0.78125
2390900,455.92474675059015,0.0,0.6875,0.796875
2391000,455.92767574942224,0.0,0.75,0.765625
2391100,455.93070217448735,0.0,0.875,0.828125
2391200,455.9323986006252,0.0,0.75,0.765625
2391300,455.9353537931212,0.0,0.8125,0.765625
2391400,455.9388391567719,0.0,0.75,0.859375
2391500,455.9400643205434,0.0,0.75,0.828125
2391600,455.9423178266616,0.0,0.8125,0.890625
2391700,455.9437733750797,0.0,0.875,0.859375
2391800,455.9465982632994,0.0,0.6875,0.8125
2391900,455.9474580780153,0.0,0.75,0.84375
2392000,455.95147548718614,0.0,0.875,0.796875
2392100,455.95362626275613,0.0,0.75,0.84375
2392200,455.9569970043235,0.0,0.8125,0.765625
2392300,455.9609779680525,0.0,0.75,0.765625
2392400,455.9623714939673,0.0,0.9375,0.765625
2392500,455.9630452066805,0.0,0.625,0.8125
2392600,455.9649261315119,0.0,0.8125,0.875
2392700,455.9666225459698,0.0,0.6875,0.8125
2392800,455.96886190295095,0.0,0.8125,0.734375
2392900,455.97135635186225,0.0,0.875,0.890625
2393000,455.9736507544198,0.0,0.75,0.796875
2393100,455.97499163660126,0.0,0.8125,0.859375
2393200,455.9771393649397,0.0,0.8125,0.765625
2393300,455.97770387167384,0.0,0.8125,0.765625
2393400,455.9810129807276,0.0,0.9375,0.859375
2393500,455.9847059068549,0.0,0.75,0.828125
2393600,455.9850823860217,0.0,0.75,0.84375
2393700,455.987352241184,0.0,0.75,0.734375
2393800,455.9898253813433,0.0,0.75,0.796875
2393900,455.99162688397524,0.0,0.75,0.8125
2394000,455.9925455219682,0.0,0.75,0.8125
2394100,455.9933246439637,0.0,0.8125,0.796875
2394200,455.9953113401761,0.0,0.875,0.71875
2394300,455.99768758207864,0.0,0.6875,0.796875
2394400,455.9993327057031,0.0,0.875,0.75
2394500,456.0055674716043,0.0,0.9375,0.796875
2394600,456.00767596500793,0.0,0.875,0.796875
2394700,456.00973999740154,0.0,0.75,0.796875
2394800,456.01098950618166,0.0,0.6875,0.8125
2394900,456.0149650677158,0.0,0.75,0.796875
2395000,456.0166817839298,0.0,0.875,0.84375
2395100,456.01797203708105,0.0,0.875,0.78125
2395200,456.0194098159672,0.0,0.6875,0.75
2395300,456.0206246138092,0.0,0.875,0.9375
2395400,456.021903007303,0.0,0.9375,0.765625
2395500,456.02491972726995,0.0,0.875,0.859375
2395600,456.02616001074006,0.0,0.875,0.796875
2395700,456.02708588621704,0.0,0.8125,0.765625
2395800,456.02984185008637,0.0,0.875,0.78125
2395900,456.0318997536394,0.0,0.8125,0.75
2396000,456.03486483658213,0.0,0.8125,0.78125
2396100,456.03655377888464,0.0,0.8125,0.71875
2396200,456.0385191053596,0.0,0.8125,0.890625
2396300,456.0394652469739,0.0,0.8125,0.859375
2396400,456.0416437925629,0.0,0.8125,0.84375
2396500,456.0437118914757,0.0,0.625,0.734375
2396600,456.0450295327611,0.0,0.75,0.75
2396700,456.0459327811623,0.0,0.6875,0.796875
2396800,456.04844833658206,0.0,0.875,0.875
2396900,456.05065272255086,0.0,0.75,0.796875
2397000,456.05271997954014,0.0,0.8125,0.765625
2397100,456.0541175819604,0.0,0.875,0.78125
2397200,456.0558429609446,0.0,0.75,0.75
2397300,456.0569027174772,0.0,0.8125,0.828125
2397400,456.05737802468707,0.0,0.875,0.828125
2397500,456.05813196883963,0.0,0.9375,0.859375
2397600,456.06030563662983,0.0,0.8125,0.875
2397700,456.06199129584263,0.0,0.75,0.84375
2397800,456.06348824782305,0.0,0.6875,0.765625
2397900,456.0658852250265,0.0,0.75,0.765625
2398000,456.0682466856272,0.0,0.75,0.6875
2398100,456.07047295495744,0.0,0.75,0.84375
2398200,456.0729773342943,0.0,0.875,0.828125
2398300,456.07516102956174,0.0,0.875,0.796875
2398400,456.077114739344,0.0,0.875,0.765625
2398500,456.0803536227514,0.0,0.75,0.765625
2398600,456.0832663568683,0.0,0.75,0.796875
2398700,456.0855010580952,0.0,0.875,0.75
2398800,456.0874372657544,0.0,0.75,0.84375
2398900,456.0902230070497,0.0,0.8125,0.828125
2399000,456.0907205288376,0.0,0.75,0.734375
2399100,456.0920703479751,0.0,0.8125,0.796875
2399200,456.09468779945485,0.0,0.8125,0.796875
2399300,456.0969470701497,0.0,0.9375,0.828125
2399400,456.09827320140744,0.0,0.75,0.734375
2399500,456.10073192463886,0.0,0.8125,0.8125
2399600,456.10340815998177,0.0,0.6875,0.765625
2399700,456.1040643367651,0.0,0.8125,0.828125
2399800,456.10691332496134,0.0,0.8125,0.828125
2399900,456.10952258448805,0.0,0.75,0.8125
2400000,238.2191443784608,0.0,0.8125,0.828125
2400100,238.328307236212,0.0,0.875,0.828125
2400200,238.47025258882968,0.0,0.6875,0.8125
2400300,238.58725738708858,0.0,0.875,0.75
2400400,238.8293723222442,0.0,0.75,0.6875
2400500,238.97230485903475,0.0,0.9375,0.765625
2400600,239.13155372267812,0.0,0.8125,0.828125
2400700,239.25314325802708,0.0,0.8125,0.8125
2400800,239.48393560060725,0.0,0.75,0.765625
2400900,239.76618911691233,0.0,0.75,0.828125
2401000,239.95125858009717,0.0,0.8125,0.8125
2401100,240.05189519025117,0.0,0.875,0.84375
2401200,240.27253286136974,0.0,0.875,0.828125
2401300,240.6683029309376,0.0,0.9375,0.90625
2401400,241.00813631710554,0.0,0.8125,0.84375
2401500,241.16585230931213,0.0,0.875,0.90625
2401600,241.3582833305054,0.0,0.75,0.84375
2401700,241.64237815056958,0.0,0.8125,0.796875
2401800,242.16445450196778,0.0,0.75,0.78125
2401900,242.81481948427788,0.0,0.75,0.78125
2402000,243.07791710714434,0.0,0.625,0.78125
2402100,243.86586040120548,0.0,0.9375,0.8125
2402200,244.67267590791022,0.0,0.875,0.796875
2402300,251.74204469984895,0.0,0.8125,0.796875
2402400,312.6200978581277,0.0,0.75,0.828125
2402500,326.5217779077447,0.0,0.8125,0.8125
2402600,335.03694028029815,0.0,0.8125,0.8125
2402700,337.7146107434813,0.0,0.75,0.828125
2402800,338.7446619847583,0.0,0.75,0.765625
2402900,340.31681230777195,0.0,0.875,0.875
2403000,341.6285011679324,0.0,0.75,0.8125
2403100,342.4162293717157,0.0,0.75,0.75
2403200,342.95889124812976,0.0,0.8125,0.84375
2403300,343.58915976577043,0.0,0.9375,0.90625
2403400,343.97892384418594,0.0,0.75,0.78125
2403500,344.51299319357,0.0,0.75,0.734375
2403600,345.25319119548647,0.0,0.875,0.84375
2403700,345.676958369531,0.0,0.875,0.75
2403800,346.05416741647224,0.0,0.8125,0.859375
2403900,346.68531167867826,0.0,0.6875,0.828125
2404000,347.65030433459253,0.0,0.75,0.796875
2404100,349.05574168925824,0.0,0.8125,0.75
2404200,352.9499797040466,0.0,0.6875,0.8125
2404300,370.2624136367954,0.0,0.6875,0.75
2404400,411.04633023281184,0.0,0.8125,0.796875
2404500,422.7345025704169,0.0,0.6875,0.796875
2404600,427.87497664212174,0.0,0.75,0.828125
2404700,432.58417494406973,0.0,0.75,0.8125
2404800,434.77296315912236,0.0,0.875,0.75
2404900,436.71464740007997,0.0,0.8125,0.75
2405000,437.8675792558528,0.0,0.9375,0.75
2405100,438.54107880238496,0.0,0.8125,0.84375
2405200,439.44167317288753,0.0,0.6875,0.84375
2405300,439.9228508383677,0.0,0.8125,0.75
2405400,440.39286372754134,0.0,0.75,0.765625
2405500,440.72159821652184,0.0,0.75,0.734375
2405600,441.1097557891823,0.0,0.8125,0.796875
2405700,441.32275323167585,0.0,0.875,0.75
2405800,441.5423299008011,0.0,0.8125,0.8125
2405900,441.8452068374905,0.0,0.875,0.671875
2406000,441.99304843765185,0.0,0.875,0.890625
2406100,442.28109299398693,0.0,0.8125,0.78125
2406200,442.42443791101743,0.0,0.875,0.8125
2406300,442.5652711530006,0.0,0.875,0.8125
2406400,442.6871324821528,0.0,0.8125,0.859375
2406500,442.88467486172203,0.0,0.9375,0.828125
2406600,443.05456213272936,0.0,0.6875,0.8125
2406700,443.1775861493497,0.0,0.8125,0.78125
2406800,443.24909357651734,0.0,0.8125,0.8125
2406900,443.41989405329986,0.0,0.75,0.84375
2407000,443.47622061014664,0.0,0.9375,0.78125
2407100,443.6716363596046,0.0,0.8125,0.78125
2407200,443.7811359884776,0.0,0.75,0.75
2407300,443.8548922161681,0.0,0.75,0.796875
2407400,444.0017269561156,0.0,0.75,0.828125
2407500,444.11354098892554,0.0,0.9375,0.875
2407600,444.2627145222299,0.0,0.875,0.859375
2407700,444.402523035713,0.0,0.8125,0.71875
2407800,444.571699221347,0.0,0.8125,0.8125
2407900,444.60984781522217,0.0,0.6875,0.859375
2408000,444.71535676402317,0.0,0.8125,0.796875
2408100,444.77482358063065,0.0,0.8125,0.8125
2408200,444.82225321208364,0.0,0.875,0.6875
2408300,444.86727721622776,0.0,0.8125,0.78125
2408400,444.935094432408,0.0,0.875,0.78125
2408500,444.9703957254559,0.0,0.6875,0.71875
2408600,445.0854634544966,0.0,0.8125,0.828125
2408700,445.1514355267401,0.0,0.6875,0.84375
2408800,445.1697424817114,0.0,0.75,0.765625
2408900,445.2014968780566,0.0,0.8125,0.859375
2409000,445.26274686738543,0.0,0.8125,0.875
2409100,445.3749653805098,0.0,0.6875,0.734375
2409200,445.4029054848864,0.0,0.9375,0.828125
2409300,445.47833782032643,0.0,0.875,0.859375
2409400,445.51360733650046,0.0,0.75,0.765625
2409500,445.5552619001651,0.0,0.875,0.71875
2409600,445.58136897642805,0.0,0.9375,0.71875
2409700,445.70346982615416,0.0,0.875,0.8125
2409800,445.7611316059341,0.0,0.875,0.75
2409900,445.869957614032,0.0,0.75,0.78125
2410000,446.154385499675,0.0,0.9375,0.796875
2410100,446.2389664432713,0.0,0.875,0.859375
2410200,446.2822234042558,0.0,0.8125,0.75
2410300,446.33165618237274,0.0,0.8125,0.84375
2410400,446.39599735244377,0.0,0.75,0.8125
2410500,446.408564878671,0.0,0.75,0.765625
2410600,446.4172593842836,0.0,0.8125,0.78125
2410700,446.42990487346634,0.0,0.75,0.796875
2410800,446.47820936271927,0.0,0.875,0.78125
2410900,446.50939882501086,0.0,0.875,0.671875
2411000,446.5608781066933,0.0,0.875,0.84375
2411100,446.6375267206285,0.0,0.9375,0.796875
2411200,447.7508108900542,0.0,0.8125,0.859375
2411300,447.76035382842736,0.0,0.8125,0.8125
2411400,447.915682489265,0.0,1,0.828125
2411500,447.96258730138925,0.0,0.8125,0.8125
2411600,448.0494863967244,0.0,0.75,0.71875
2411700,448.0988381975946,0.0,0.8125,0.8125
2411800,448.11682991764667,0.0,0.8125,0.84375
2411900,448.1471693752747,0.0,0.875,0.796875
2412000,448.16481140983717,0.0,0.875,0.8125
2412100,448.18287636536456,0.0,0.8125,0.8125
2412200,448.26280793145077,0.0,0.9375,0.765625
2412300,448.27552884335614,0.0,0.875,0.75
2412400,448.2906175597395,0.0,0.6875,0.75
2412500,448.3001074638019,0.0,0.9375,0.78125
2412600,448.33261838920134,0.0,0.9375,0.875
2412700,448.3759405511446,0.0,0.8125,0.796875
2412800,448.38841654870293,0.0,0.8125,0.796875
2412900,448.44319103179413,0.0,0.6875,0.859375
2413000,448.4662255431333,0.0,0.875,0.84375
2413100,448.46960118382685,0.0,0.6875,0.78125
2413200,448.47264675017925,0.0,0.9375,0.78125
2413300,448.47884740982505,0.0,0.75,0.78125
2413400,448.4931799100603,0.0,0.8125,0.828125
2413500,448.49810977133023,0.0,0.75,0.84375
2413600,448.57673991501844,0.0,0.875,0.859375
2413700,448.58600301677984,0.0,0.8125,0.859375
2413800,448.59714677175725,0.0,0.75,0.75
2413900,448.601798801,0.0,0.8125,0.734375
2414000,448.6099862536199,0.0,0.6875,0.765625
2414100,448.6220262224843,0.0,0.6875,0.84375
2414200,448.625813958051,0.0,0.8125,0.78125
2414300,448.6755418321176,0.0,0.875,0.765625
2414400,448.684352490782,0.0,0.875,0.890625
2414500,448.7899440877975,0.0,0.9375,0.875
2414600,448.7929765257065,0.0,0.6875,0.84375
2414700,448.80958050665987,0.0,0.75,0.8125
2414800,448.8649101694096,0.0,0.875,0.8125
2414900,448.98467570282173,0.0,0.75,0.828125
2415000,449.080230495814,0.0,0.6875,0.765625
2415100,449.11112965720844,0.0,0.75,0.71875
2415200,449.11527863520325,0.0,0.8125,0.859375
2415300,449.11667144291215,0.0,0.875,0.828125
2415400,449.1272588199892,0.0,0.9375,0.765625
2415500,449.12999307524314,0.0,0.8125,0.765625
2415600,449.1328171542817,0.0,0.8125,0.75
2415700,449.14018347382535,0.0,0.875,0.8125
2415800,449.1740981262843,0.0,0.875,0.765625
2415900,449.20887625927054,0.0,0.75,0.78125
2416000,449.2212294225836,0.0,0.875,0.859375
2416100,449.2294916223398,0.0,0.875,0.828125
2416200,449.25302155163405,0.0,0.8125,0.75
2416300,449.27982536543243,0.0,0.8125,0.765625
2416400,449.2964858627024,0.0,0.75,0.75
2416500,449.4210395000195,0.0,0.75,0.765625
2416600,449.49339766246595,0.0,1,0.828125
2416700,449.50952853288186,0.0,0.8125,0.78125
2416800,449.6238813577139,0.0,0.8125,0.796875
2416900,449.6338217733425,0.0,0.875,0.765625
2417000,449.7173782100368,0.0,0.8125,0.703125
2417100,449.72916050198324,0.0,0.5625,0.8125
2417200,449.8082711106238,0.0,0.75,0.78125
2417300,449.81231524408014,0.0,0.75,0.78125
2417400,449.8607309819577,0.0,0.875,0.78125
2417500,449.87191445478356,0.0,0.625,0.71875
2417600,449.9060806563443,0.0,0.9375,0.734375
2417700,449.9128634575328,0.0,0.8125,0.8125
2417800,449.94424792337753,0.0,0.875,0.796875
2417900,449.94823077613336,0.0,0.875,0.71875
2418000,449.95448909435794,0.0,0.75,0.8125
2418100,449.98793597010774,0.0,0.9375,0.8125
2418200,449.99260797941866,0.0,0.875,0.71875
2418300,449.9955497593791,0.0,0.75,0.75
2418400,450.05630422275084,0.0,0.8125,0.84375
2418500,450.0703657930466,0.0,0.8125,0.734375
2418600,450.08673484620766,0.0,0.75,0.75
2418700,450.0933765723926,0.0,0.875,0.78125
2418800,450.09555928294037,0.0,0.9375,0.8125
2418900,450.0985124088429,0.0,0.8125,0.71875
2419000,450.1043786111185,0.0,0.9375,0.75
2419100,450.104559264408,0.0,0.8125,0.78125
2419200,450.13934697374543,0.0,0.8125,0.84375
2419300,450.14021568158137,0.0,0.8125,0.75
2419400,450.1967786124133,0.0,0.8125,0.75
2419500,450.19981821304816,0.0,0.8125,0.765625
2419600,450.20607051738466,0.0,0.875,0.8125
2419700,450.22055682487775,0.0,1,0.890625
2419800,450.22731501148485,0.0,0.75,0.8125
2419900,450.2461003846668,0.0,0.6875,0.75
2420000,450.2530129542557,0.0,0.75,0.8125
2420100,450.25969873003123,0.0,0.9375,0.859375
2420200,450.2611636608169,0.0,0.75,0.890625
2420300,450.3278035499716,0.0,0.8125,0.765625
2420400,450.3862380985743,0.0,0.6875,0.65625
2420500,450.40073175825074,0.0,0.9375,0.828125
2420600,450.4251510088012,0.0,0.75,0.75
2420700,450.4292377892781,0.0,0.6875,0.796875
2420800,450.4356200061786,0.0,0.8125,0.859375
2420900,450.5246973575096,0.0,0.875,0.828125
2421000,450.5339980303756,0.0,0.8125,0.734375
2421100,450.60216943004775,0.0,0.875,0.765625
2421200,450.61258718274553,0.0,0.875,0.796875
2421300,450.61409052614465,0.0,0.8125,0.90625
2421400,450.6175753709499,0.0,0.6875,0.765625
2421500,450.67552514937887,0.0,0.8125,0.875
2421600,450.73070120834086,0.0,0.75,0.875
2421700,450.7384154398653,0.0,0.75,0.765625
2421800,450.74384206609477,0.0,0.875,0.796875
2421900,450.7572308911032,0.0,0.8125,0.78125
2422000,450.8328479785799,0.0,0.875,0.890625
2422100,450.83475982865536,0.0,0.9375,0.875
2422200,450.84128705634106,0.0,0.75,0.765625
2422300,450.84408026151675,0.0,0.875,0.765625
2422400,450.84718463777403,0.0,1,0.765625
2422500,450.8482529729015,0.0,0.9375,0.84375
2422600,450.8594342574318,0.0,0.875,0.8125
2422700,450.87230524020333,0.0,0.875,0.78125
2422800,450.9617509557017,0.0,0.9375,0.8125
2422900,450.97036782981695,0.0,0.9375,0.828125
2423000,450.97279227318984,0.0,0.9375,0.671875
2423100,451.0278397573758,0.0,0.875,0.78125
2423200,451.08508995826264,0.0,0.875,0.84375
2423300,451.08766725652106,0.0,0.8125,0.75
2423400,451.0981512001806,0.0,0.9375,0.765625
2423500,451.1007722714321,0.0,0.875,0.75
2423600,451.105089777958,0.0,0.875,0.765625
2423700,451.1106726195592,0.0,0.875,0.796875
2423800,451.2802485306754,0.0,0.9375,0.78125
2423900,451.285423285809,0.0,0.9375,0.8125
2424000,451.3553025141689,0.0,0.8125,0.75
2424100,451.3639245953692,0.0,0.8125,0.78125
2424200,451.37230601582473,0.0,0.9375,0.8125
2424300,451.3740162053643,0.0,0.8125,0.796875
2424400,451.37939529534344,0.0,0.9375,0.84375
2424500,451.3815038069608,0.0,0.875,0.78125
2424600,451.39336673381615,0.0,0.8125,0.703125
2424700,451.5123377872357,0.0,0.75,0.65625
2424800,451.5352679941019,0.0,0.875,0.875
2424900,451.59609623883256,0.0,0.9375,0.75
2425000,240.96009798662024,0.0,0.875,0.703125
2425100,241.21100143539655,0.0,0.8125,0.71875
2425200,241.50617753261403,0.0,0.8125,0.71875
2425300,241.69257698316994,0.0,0.8125,0.71875
2425400,241.7752613005322,0.0,0.9375,0.703125
2425500,241.93593484466706,0.0,0.8125,0.734375
2425600,242.17956574770852,0.0,0.875,0.84375
2425700,242.35157350924962,0.0,0.75,0.84375
2425800,242.6818212766138,0.0,0.875,0.75
2425900,243.12048262585165,0.0,0.8125,0.796875
2426000,243.7054337624693,0.0,0.875,0.78125
2426100,244.28228170091913,0.0,0.9375,0.796875
2426200,245.12055790128596,0.0,0.9375,0.8125
2426300,245.77216002965338,0.0,0.8125,0.8125
2426400,247.4538667866677,0.0,1,0.875
2426500,248.64113659575764,0.0,0.8125,0.734375
2426600,252.4118528377952,0.0,0.9375,0.75
2426700,267.2508953675482,0.0,0.8125,0.78125
2426800,289.867875197809,0.0,0.75,0.765625
2426900,315.2490545196288,0.0,0.9375,0.71875
2427000,321.8356514297689,0.0,0.625,0.765625
2427100,328.23254094140907,0.0,0.875,0.796875
2427200,331.09648729633483,0.0,0.75,0.703125
2427300,333.0419533583844,0.0,0.875,0.734375
2427400,335.8384819538993,0.0,0.8125,0.75
2427500,337.5148365666975,0.0,0.8125,0.796875
2427600,338.2202942716772,0.0,0.75,0.75
2427700,338.77224293028473,0.0,0.75,0.75
2427800,339.27753811379097,0.0,0.9375,0.78125
2427900,339.91050108109374,0.0,0.875,0.796875
2428000,340.356263170625,0.0,0.875,0.796875
2428100,340.6917609227277,0.0,0.9375,0.71875
2428200,341.0029333551442,0.0,0.9375,0.84375
2428300,341.1286880984248,0.0,0.8125,0.640625
2428400,341.51009902210666,0.0,0.75,0.828125
2428500,341.71996602488355,0.0,1,0.796875
2428600,342.02796131391983,0.0,0.875,0.765625
2428700,342.28197833630736,0.0,0.75,0.765625
2428800,342.45600221153677,0.0,0.875,0.71875
2428900,342.67212374355466,0.0,0.75,0.765625
2429000,342.8522814511469,0.0,0.75,0.8125
2429100,343.0226532043992,0.0,0.8125,0.828125
2429200,343.1840699178062,0.0,0.875,0.796875
2429300,343.4650394765723,0.0,0.8125,0.765625
2429400,343.67808155314935,0.0,0.875,0.703125
2429500,343.8296185435611,0.0,0.9375,0.6875
2429600,344.0060594268493,0.0,0.75,0.78125
2429700,344.23085054430555,0.0,0.9375,0.8125
2429800,344.4040473868552,0.0,0.75,0.859375
2429900,344.5856031891218,0.0,0.75,0.734375
2430000,344.7163257240506,0.0,0.875,0.765625
2430100,344.95212357846276,0.0,0.875,0.859375
2430200,345.20109387421724,0.0,0.9375,0.671875
2430300,345.2807581136665,0.0,0.875,0.65625
2430400,345.6630801630833,0.0,1,0.765625
2430500,345.89684148704305,0.0,0.75,0.734375
2430600,346.06496193470906,0.0,0.75,0.8125
2430700,346.2228681154628,0.0,0.8125,0.859375
2430800,346.3917593766491,0.0,0.9375,0.859375
2430900,346.6381785987309,0.0,0.8125,0.640625
2431000,346.9074860661236,0.0,0.75,0.8125
2431100,347.29919410805235,0.0,0.8125,0.734375
2431200,347.4853402618197,0.0,0.875,0.828125
2431300,347.725299107106,0.0,0.8125,0.84375
2431400,347.9833866451887,0.0,0.9375,0.796875
2431500,348.14884757593103,0.0,0.875,0.8125
2431600,348.5392648738578,0.0,0.75,0.75
2431700,348.9390926165273,0.0,0.6875,0.8125
2431800,349.30168552504506,0.0,0.9375,0.8125
2431900,349.6109769720591,0.0,0.875,0.8125
2432000,350.5284717242321,0.0,1,0.796875
2432100,351.109531606256,0.0,0.75,0.734375
2432200,352.0200862085799,0.0,0.8125,0.734375
2432300,353.6962538075982,0.0,0.875,0.796875
2432400,355.9353399971972,0.0,0.8125,0.8125
2432500,359.645550163959,0.0,0.8125,0.8125
2432600,364.83393150088506,0.0,0.875,0.8125
2432700,390.28303372203095,0.0,0.8125,0.71875
2432800,440.59820954489425,0.0,0.9375,0.8125
2432900,445.72729362911934,0.0,0.75,0.734375
2433000,447.2005842889865,0.0,0.8125,0.828125
2433100,448.18508399988923,0.0,0.875,0.75
2433200,448.58736154743167,0.0,0.8125,0.859375
2433300,449.1560241600305,0.0,0.75,0.671875
2433400,449.41580713290284,0.0,0.875,0.84375
2433500,449.62077078724826,0.0,0.8125,0.84375
2433600,450.04731115854776,0.0,0.75,0.734375
2433700,450.3583673121251,0.0,0.875,0.765625
2433800,450.6501723536683,0.0,0.8125,0.78125
2433900,451.00441829701447,0.0,0.6875,0.78125
2434000,451.30401395663716,0.0,0.875,0.734375
2434100,451.5011448681289,0.0,0.875,0.78125
2434200,451.6969983010823,0.0,0.75,0.765625
2434300,451.8134719477822,0.0,0.8125,0.765625
2434400,451.98947542055976,0.0,0.75,0.765625
2434500,452.1137983621415,0.0,1,0.71875
2434600,452.26117194235076,0.0,0.9375,0.765625
2434700,452.5034431772045,0.0,0.875,0.796875
2434800,452.64977568811554,0.0,0.875,0.734375
2434900,452.884203712585,0.0,0.8125,0.703125
2435000,452.94436865193865,0.0,0.8125,0.78125
2435100,453.0849430342452,0.0,0.75,0.8125
2435200,453.2139623938519,0.0,0.9375,0.75
2435300,453.3127560350239,0.0,0.8125,0.78125
2435400,453.4563030255184,0.0,0.875,0.796875
2435500,453.58011714305843,0.0,0.6875,0.71875
2435600,453.67929491501235,0.0,0.75,0.71875
2435700,453.7383484556372,0.0,0.875,0.734375
2435800,453.75585500286826,0.0,0.875,0.8125
2435900,453.825215903423,0.0,0.875,0.8125
2436000,453.92337615481244,0.0,0.75,0.71875
2436100,453.9888024816757,0.0,0.8125,0.765625
2436200,454.1243817195369,0.0,0.875,0.765625
2436300,454.1404244904669,0.0,0.8125,0.703125
2436400,454.20445241049055,0.0,0.75,0.796875
2436500,454.2476452557778,0.0,0.8125,0.796875
2436600,454.3161705466704,0.0,0.875,0.828125
2436700,454.38530214848805,0.0,0.8125,0.859375
2436800,454.4806106947672,0.0,0.875,0.78125
2436900,454.5201783498659,0.0,0.9375,0.859375
2437000,454.55538243931056,0.0,0.8125,0.765625
2437100,454.62933831886266,0.0,0.75,0.71875
2437200,454.65598063758216,0.0,0.875,0.765625
2437300,454.71809961301966,0.0,0.8125,0.796875
2437400,454.75489187070065,0.0,0.8125,0.828125
2437500,454.7830702780188,0.0,0.8125,0.78125
2437600,454.8233169922176,0.0,0.8125,0.796875
2437700,454.8295470566187,0.0,0.8125,0.6875
2437800,454.8576098661556,0.0,0.8125,0.734375
2437900,454.8644683752139,0.0,0.75,0.8125
2438000,454.8912584565028,0.0,0.875,0.765625
2438100,454.9042353021238,0.0,0.9375,0.796875
2438200,454.9158681663963,0.0,0.9375,0.828125
2438300,454.9251694816932,0.0,0.9375,0.8125
2438400,454.93522788195503,0.0,0.8125,0.65625
2438500,454.94313396689915,0.0,0.9375,0.765625
2438600,454.9548425317355,0.0,0.9375,0.703125
2438700,454.96570833454007,0.0,0.875,0.765625
2438800,454.9710871050486,0.0,0.875,0.78125
2438900,454.973802620982,0.0,0.875,0.84375
2439000,454.98123991912934,0.0,0.75,0.765625
2439100,454.9885284807946,0.0,0.6875,0.796875
2439200,454.99696393476495,0.0,0.875,0.765625
2439300,455.00425685607064,0.0,0.9375,0.8125
2439400,455.00970260646994,0.0,0.9375,0.765625
2439500,455.01385069760266,0.0,0.9375,0.84375
2439600,455.01866079938463,0.0,0.8125,0.8125
2439700,455.0228587716893,0.0,0.875,0.734375
2439800,455.02726497823664,0.0,0.875,0.71875
2439900,455.02989414271025,0.0,0.8125,0.796875
2440000,455.03236127630845,0.0,0.875,0.84375
2440100,455.03571952630983,0.0,0.875,0.8125
2440200,455.0454731398905,0.0,0.8125,0.765625
2440300,455.05157204214515,0.0,0.875,0.796875
2440400,455.0551712452169,0.0,0.9375,0.734375
2440500,455.05816122089175,0.0,0.8125,0.734375
2440600,455.06487970170366,0.0,0.75,0.78125
2440700,455.06769584452763,0.0,0.875,0.71875
2440800,455.0713563249421,0.0,0.9375,0.78125
2440900,455.08215919563077,0.0,0.8125,0.703125
2441000,455.08616316340806,0.0,0.9375,0.828125
2441100,455.0890918632088,0.0,0.9375,0.796875
2441200,455.0997984065123,0.0,0.875,0.75
2441300,455.1018350457356,0.0,0.875,0.875
2441400,455.10659590814555,0.0,0.8125,0.890625
2441500,455.1095766494099,0.0,0.75,0.78125
2441600,455.1161272339089,0.0,0.9375,0.734375
2441700,455.1220768351415,0.0,0.75,0.78125
2441800,455.1269256924211,0.0,0.875,0.796875
2441900,455.1292048552759,0.0,0.875,0.703125
2442000,455.13691629458225,0.0,0.8125,0.78125
2442100,455.1400493128447,0.0,0.875,0.8125
2442200,455.1442651972752,0.0,0.8125,0.765625
2442300,455.15135546807477,0.0,0.875,0.71875
2442400,455.15706790710794,0.0,0.9375,0.765625
2442500,455.15927511447893,0.0,0.8125,0.765625
2442600,455.1615684562863,0.0,0.75,0.796875
2442700,455.16393044531867,0.0,0.8125,0.75
2442800,455.1724202624377,0.0,0.875,0.8125
2442900,455.17889213697276,0.0,0.8125,0.734375
2443000,455.18396125109086,0.0,0.875,0.796875
2443100,455.1867783221086,0.0,0.9375,0.671875
2443200,455.18970403193396,0.0,0.75,0.78125
2443300,455.193715295817,0.0,0.8125,0.75
2443400,455.2011880720646,0.0,0.875,0.78125
2443500,455.206545787955,0.0,0.6875,0.8125
2443600,455.2117202764979,0.0,0.75,0.765625
2443700,455.21658082428297,0.0,0.6875,0.78125
2443800,455.2171415156085,0.0,0.8125,0.703125
2443900,455.22398402345516,0.0,0.8125,0.765625
2444000,455.2274069492059,0.0,0.875,0.6875
2444100,455.2326135620165,0.0,0.75,0.765625
2444200,455.23479148692627,0.0,0.6875,0.65625
2444300,455.24552074384206,0.0,0.8125,0.859375
2444400,455.249125651424,0.0,0.8125,0.890625
2444500,455.25404522283367,0.0,0.8125,0.78125
2444600,455.25705575873826,0.0,0.8125,0.75
2444700,455.26173223050574,0.0,0.875,0.78125
2444800,455.26666724885206,0.0,0.75,0.765625
2444900,455.271732002363,0.0,0.875,0.828125
2445000,455.27496581109386,0.0,0.9375,0.75
2445100,455.2783472541496,0.0,0.8125,0.75
2445200,455.2816697468609,0.0,0.875,0.8125
2445300,455.2877833574399,0.0,0.8125,0.75
2445400,455.3008544209674,0.0,0.75,0.6875
2445500,455.30586580007616,0.0,0.9375,0.75
2445600,455.31137521347523,0.0,0.8125,0.796875
2445700,455.3141773585609,0.0,0.875,0.8125
2445800,455.31998557433576,0.0,0.875,0.890625
2445900,455.32109077210015,0.0,0.875,0.796875
2446000,455.3287999382911,0.0,0.8125,0.703125
2446100,455.3345405338446,0.0,1,0.75
2446200,455.3410491372703,0.0,0.875,0.828125
2446300,455.3447919961792,0.0,0.8125,0.796875
2446400,455.3497449018703,0.0,0.8125,0.796875
2446500,455.35118304927454,0.0,0.875,0.875
2446600,455.35865356689965,0.0,0.875,0.71875
2446700,455.364081286115,0.0,0.8125,0.75
2446800,455.36904010497153,0.0,0.9375,0.75
2446900,455.37140312680486,0.0,1,0.828125
2447000,455.375859812869,0.0,0.8125,0.78125
2447100,455.37800069351454,0.0,0.8125,0.859375
2447200,455.38365162476805,0.0,0.75,0.859375
2447300,455.38862250376076,0.0,0.75,0.8125
2447400,455.3897958473078,0.0,0.875,0.796875
2447500,455.39386784415785,0.0,0.8125,0.78125
2447600,455.3983687589789,0.0,0.875,0.875
2447700,455.407776670728,0.0,0.875,0.75
2447800,455.4133563653452,0.0,0.875,0.71875
2447900,455.41879009911514,0.0,1,0.78125
2448000,455.4204930684706,0.0,0.8125,0.78125
2448100,455.42521155860635,0.0,1,0.765625
2448200,455.42929159046656,0.0,0.8125,0.71875
2448300,455.43427178940374,0.0,0.875,0.734375
2448400,455.4375825034566,0.0,0.8125,0.765625
2448500,455.4421469524548,0.0,0.75,0.796875
2448600,455.44414071919823,0.0,0.875,0.859375
2448700,455.4487497604269,0.0,0.8125,0.71875
2448800,455.4511121181288,0.0,0.875,0.859375
2448900,455.45599155701166,0.0,0.75,0.765625
2449000,455.46134234022276,0.0,0.875,0.828125
2449100,455.46272131314,0.0,0.75,0.71875
2449200,455.46345506763055,0.0,0.75,0.703125
2449300,455.46888660594095,0.0,0.75,0.75
2449400,455.4758134235161,0.0,0.75,0.84375
2449500,455.4778362080119,0.0,0.8125,0.765625
2449600,455.4814035110909,0.0,0.875,0.703125
2449700,455.482999689391,0.0,0.875,0.828125
2449800,455.4857353903784,0.0,0.875,0.828125
2449900,455.4884013154641,0.0,0.875,0.8125
2450000,237.56695321654237,0.0,0.875,0.828125
2450100,237.6820094823962,0.0,0.8125,0.78125
2450200,237.8169020595267,0.0,0.875,0.796875
2450300,237.91960770783638,0.0,0.9375,0.796875
2450400,238.12907263895386,0.0,0.625,0.75
2450500,238.19986923391846,0.0,0.9375,0.84375
2450600,238.2683036018569,0.0,0.75,0.765625
2450700,238.41863186397214,0.0,0.875,0.78125
2450800,238.50925453540307,0.0,0.875,0.921875
2450900,238.6520400006916,0.0,0.8125,0.859375
2451000,238.7419598980757,0.0,0.8125,0.71875
2451100,238.94246207995363,0.0,0.6875,0.734375
2451200,239.09334970418269,0.0,0.875,0.828125
2451300,239.27680272953984,0.0,0.9375,0.765625
2451400,239.6340197759932,0.0,0.75,0.796875
2451500,239.83482656290727,0.0,0.8125,0.796875
2451600,240.12966938160073,0.0,0.6875,0.6875
2451700,240.37305189010118,0.0,0.875,0.84375
2451800,240.6348988059826,0.0,0.8125,0.75
2451900,240.89504287852603,0.0,0.8125,0.734375
2452000,241.06399701258323,0.0,0.75,0.765625
2452100,241.4559940448416,0.0,0.875,0.875
2452200,241.7168412940485,0.0,0.75,0.75
2452300,242.10052292279516,0.0,0.8125,0.859375
2452400,242.4321223150656,0.0,0.875,0.78125
2452500,242.61823992714798,0.0,0.8125,0.9375
2452600,243.4229888245699,0.0,0.8125,0.75
2452700,244.3645420317182,0.0,0.875,0.703125
2452800,244.8337705399822,0.0,0.75,0.765625
2452900,245.99768990738335,0.0,0.8125,0.796875
2453000,247.12161711544033,0.0,0.875,0.828125
2453100,248.58758707987514,0.0,0.875,0.796875
2453200,251.7588099146487,0.0,0.8125,0.859375
2453300,262.5424779048584,0.0,0.75,0.65625
2453400,327.3041477463072,0.0,0.875,0.78125
2453500,338.83832675034665,0.0,0.8125,0.78125
2453600,341.44855534754265,0.0,0.8125,0.78125
2453700,342.80703302162703,0.0,1,0.796875
2453800,343.90569582759633,0.0,0.8125,0.734375
2453900,344.9512562910652,0.0,0.8125,0.78125
2454000,345.81718378726106,0.0,0.8125,0.78125
2454100,346.6576488078162,0.0,0.8125,0.84375
2454200,347.5468884829599,0.0,0.875,0.796875
2454300,348.4496199141309,0.0,0.875,0.84375
2454400,349.88213737404203,0.0,0.8125,0.765625
2454500,354.2244656403741,0.0,0.875,0.765625
2454600,432.0568930064023,0.0,0.8125,0.75
2454700,444.10016596722824,0.0,0.9375,0.875
2454800,445.51413595966716,0.0,0.6875,0.84375
2454900,446.58059922429186,0.0,0.75,0.765625
2455000,447.3459906803689,0.0,0.875,0.6875
2455100,447.7919547425465,0.0,0.9375,0.796875
2455200,448.283508441934,0.0,0.75,0.828125
2455300,448.5494268232068,0.0,0.875,0.8125
2455400,449.0817487254901,0.0,0.875,0.8125
2455500,449.6028380805838,0.0,0.875,0.8125
2455600,450.11371078207696,0.0,0.75,0.75
2455700,450.21425960558696,0.0,0.8125,0.703125
2455800,450.4538218229356,0.0,0.75,0.75
2455900,450.67132305427987,0.0,0.8125,0.8125
2456000,450.9254740483072,0.0,0.75,0.75
2456100,451.14282215281787,0.0,0.8125,0.765625
2456200,451.64559453465125,0.0,0.875,0.796875
2456300,451.87751399888975,0.0,0.875,0.828125
2456400,452.0958963030638,0.0,0.875,0.828125
2456500,452.30720776366667,0.0,0.8125,0.78125
2456600,452.5293102908092,0.0,0.875,0.78125
2456700,452.68893402010866,0.0,0.75,0.78125
2456800,452.85934053788935,0.0,0.875,0.6875
2456900,452.9800788166476,0.0,0.875,0.78125
2457000,453.17073399848454,0.0,0.8125,0.796875
2457100,453.3535440393717,0.0,0.875,0.828125
2457200,453.48568848331666,0.0,0.9375,0.6875
2457300,453.7273921250459,0.0,0.875,0.78125
2457400,453.8764981365249,0.0,0.75,0.765625
2457500,454.0333971368584,0.0,0.875,0.8125
2457600,454.15465320380554,0.0,1,0.859375
2457700,454.26754533569596,0.0,0.875,0.875
2457800,454.36922803485476,0.0,0.875,0.703125
2457900,454.46123577965636,0.0,0.75,0.75
2458000,454.53096107371215,0.0,0.875,0.8125
2458100,454.6858065583144,0.0,0.875,0.84375
2458200,454.7885874346035,0.0,1,0.765625
2458300,454.8437619521915,0.0,0.8125,0.84375
2458400,454.88087454002095,0.0,0.875,0.796875
2458500,454.94636698976905,0.0,0.6875,0.78125
2458600,454.9736969080666,0.0,1,0.765625
2458700,455.0133382057704,0.0,0.875,0.78125
2458800,455.0250309891556,0.0,1,0.8125
2458900,455.1084467007737,0.0,0.9375,0.796875
2459000,455.16415340970826,0.0,0.8125,0.8125
2459100,455.1973860484233,0.0,0.875,0.84375
2459200,455.2530592815675,0.0,0.875,0.765625
2459300,455.27162153447716,0.0,0.8125,0.859375
2459400,455.29543288565714,0.0,0.875,0.78125
2459500,455.3340923337282,0.0,0.8125,0.71875
2459600,455.34134964153907,0.0,0.9375,0.75
2459700,455.3766168332882,0.0,0.875,0.796875
2459800,455.4007019270999,0.0,0.8125,0.734375
2459900,455.42135723604986,0.0,0.75,0.71875
2460000,455.4319877462727,0.0,0.75,0.8125
2460100,455.45265662518415,0.0,0.75,0.765625
2460200,455.46086824209704,0.0,0.8125,0.75
2460300,455.4975678520569,0.0,0.6875,0.734375
2460400,455.5276406981171,0.0,0.6875,0.796875
2460500,455.5579947146499,0.0,0.8125,0.78125
2460600,455.5898175391458,0.0,0.8125,0.859375
2460700,455.5957151656016,0.0,0.875,0.765625
2460800,455.59971455257886,0.0,0.8125,0.765625
2460900,455.61094587778905,0.0,0.8125,0.6875
2461000,455.6168544358337,0.0,0.8125,0.703125
2461100,455.6351488026953,0.0,0.8125,0.78125
2461200,455.6574602670275,0.0,0.8125,0.71875
2461300,455.66692633841484,0.0,0.875,0.75
2461400,455.67599656070604,0.0,0.8125,0.78125
2461500,455.6780104648516,0.0,0.875,0.765625
2461600,455.67878117943866,0.0,0.8125,0.796875
2461700,455.6856187909584,0.0,0.8125,0.828125
2461800,455.6894824486447,0.0,0.9375,0.765625
2461900,455.69150757350866,0.0,0.8125,0.859375
2462000,455.69510859672897,0.0,0.75,0.8125
2462100,455.6999601095325,0.0,0.8125,0.890625
2462200,455.70233345597194,0.0,0.8125,0.828125
2462300,455.7065360108009,0.0,0.9375,0.859375
2462400,455.7094770982,0.0,0.9375,0.75
2462500,455.71032203246654,0.0,0.6875,0.8125
2462600,455.7119445764514,0.0,0.75,0.796875
2462700,455.7166008429117,0.0,0.875,0.859375
2462800,455.7181222073407,0.0,0.8125,0.84375
2462900,455.72007429373457,0.0,0.8125,0.734375
2463000,455.7219022954158,0.0,0.75,0.8125
2463100,455.72823065572555,0.0,0.75,0.859375
2463200,455.73080263757237,0.0,0.9375,0.8125
2463300,455.73606642990745,0.0,0.875,0.84375
2463400,455.7391097633792,0.0,0.875,0.84375
2463500,455.7401512793601,0.0,0.75,0.703125
2463600,455.7456250292722,0.0,0.9375,0.796875
2463700,455.7466817406413,0.0,0.8125,0.828125
2463800,455.7498729663001,0.0,0.8125,0.828125
2463900,455.7520437039175,0.0,0.75,0.796875
2464000,455.75238519167834,0.0,0.8125,0.765625
2464100,455.7567149484393,0.0,0.8125,0.828125
2464200,455.76191863526657,0.0,0.75,0.765625
2464300,455.76395397223166,0.0,0.875,0.75
2464400,455.76727039599416,0.0,0.8125,0.875
2464500,455.76747216851766,0.0,0.875,0.703125
2464600,455.76806110295234,0.0,0.875,0.8125
2464700,455.769556591008,0.0,0.875,0.765625
2464800,455.7750929100305,0.0,0.875,0.84375
2464900,455.7775037140678,0.0,0.875,0.8125
2465000,455.78029913625414,0.0,0.875,0.78125
2465100,455.78120868434667,0.0,0.75,0.71875
2465200,455.78527064200625,0.0,0.8125,0.71875
2465300,455.78808649491066,0.0,0.875,0.859375
2465400,455.7885458516164,0.0,0.875,0.859375
2465500,455.79013810220755,0.0,0.75,0.75
2465600,455.79209714778926,0.0,0.75,0.84375
2465700,455.79307394530736,0.0,0.9375,0.84375
2465800,455.7951699001189,0.0,0.875,0.8125
2465900,455.7979279999101,0.0,0.75,0.671875
2466000,455.7988458885759,0.0,0.6875,0.734375
2466100,455.8004989125835,0.0,0.9375,0.71875
2466200,455.8019746759348,0.0,0.875,0.75
2466300,455.8064531401316,0.0,0.8125,0.75
2466400,455.81585344837595,0.0,0.75,0.859375
2466500,455.81729050639905,0.0,0.8125,0.84375
2466600,455.81975692548133,0.0,0.8125,0.875
2466700,455.8218466470102,0.0,0.75,0.78125
2466800,455.82441251591416,0.0,0.9375,0.84375
2466900,455.82799457069905,0.0,0.8125,0.78125
2467000,455.8287656214737,0.0,0.8125,0.796875
2467100,455.83397007418876,0.0,0.8125,0.625
2467200,455.83599562253227,0.0,0.75,0.796875
2467300,455.8383010132207,0.0,0.75,0.75
2467400,455.84014214922735,0.0,0.6875,0.71875
2467500,455.8439445026428,0.0,0.875,0.75
2467600,455.84600716430117,0.0,0.875,0.84375
2467700,455.8471712885545,0.0,0.8125,0.75
2467800,455.8478545758013,0.0,0.9375,0.765625
2467900,455.8498576860901,0.0,0.875,0.734375
2468000,455.8537030766727,0.0,0.75,0.78125
2468100,455.854927306914,0.0,0.8125,0.71875
2468200,455.85774392507506,0.0,0.875,0.828125
2468300,455.8602710571501,0.0,0.875,0.8125
2468400,455.8629306434836,0.0,0.8125,0.734375
2468500,455.8644455878117,0.0,0.8125,0.765625
2468600,455.8686180841712,0.0,0.875,0.828125
2468700,455.8693849164033,0.0,0.875,0.84375
2468800,455.872723699817,0.0,0.9375,0.796875
2468900,455.8734788322527,0.0,0.8125,0.828125
2469000,455.87532186827843,0.0,0.8125,0.8125
2469100,455.87875363722736,0.0,0.9375,0.75
2469200,455.8816731719842,0.0,0.8125,0.8125
2469300,455.88426198426794,0.0,0.6875,0.859375
2469400,455.88802118374,0.0,0.75,0.71875
2469500,455.89115596249235,0.0,0.875,0.671875
2469600,455.89390749342016,0.0,0.8125,0.734375
2469700,455.8976403013839,0.0,0.8125,0.796875
2469800,455.9004590354591,0.0,0.875,0.796875
2469900,455.9016881073349,0.0,0.8125,0.8125
2470000,455.9052235011782,0.0,0.6875,0.75
2470100,455.90617958095186,0.0,0.75,0.765625
2470200,455.91173184110204,0.0,0.75,0.765625
2470300,455.9154249997106,0.0,0.75,0.84375
2470400,455.9181918235684,0.0,0.75,0.796875
2470500,455.9203138536173,0.0,0.8125,0.796875
2470600,455.92259389525094,0.0,0.875,0.75
2470700,455.9254869397209,0.0,0.875,0.75
2470800,455.92855868865144,0.0,0.8125,0.796875
2470900,455.93680788619275,0.0,0.9375,0.859375
2471000,455.9424794024749,0.0,0.8125,0.84375
2471100,455.94599660634475,0.0,0.8125,0.765625
2471200,455.95102111001086,0.0,0.625,0.765625
2471300,455.9560916738285,0.0,0.8125,0.78125
2471400,455.95882331841807,0.0,0.875,0.796875
2471500,455.96229593457196,0.0,0.8125,0.734375
2471600,455.96540764338283,0.0,0.9375,0.8125
2471700,455.9666777592489,0.0,0.75,0.796875
2471800,455.96818446502107,0.0,0.875,0.75
2471900,455.96881770739475,0.0,0.875,0.8125
2472000,455.97011084832184,0.0,0.75,0.78125
2472100,455.9725238071865,0.0,0.8125,0.921875
2472200,455.9743337601368,0.0,0.75,0.828125
2472300,455.9753765125717,0.0,0.9375,0.796875
2472400,455.97737966320835,0.0,0.6875,0.6875
2472500,455.97980882614274,0.0,0.8125,0.65625
2472600,455.98241484411545,0.0,0.875,0.71875
2472700,455.98294351173996,0.0,0.9375,0.828125
2472800,455.98382419860735,0.0,0.8125,0.75
2472900,455.9866221507552,0.0,0.8125,0.765625
2473000,455.98780511605145,0.0,0.8125,0.78125
2473100,455.99042035851653,0.0,0.8125,0.828125
2473200,455.9928397722803,0.0,0.8125,0.828125
2473300,455.9947344279047,0.0,0.8125,0.78125
2473400,455.99598882092545,0.0,0.875,0.828125
2473500,455.9990661528569,0.0,0.6875,0.84375
2473600,456.00120645098525,0.0,0.75,0.8125
2473700,456.0036882247038,0.0,0.8125,0.75
2473800,456.0057673733226,0.0,0.8125,0.765625
2473900,456.0068271691637,0.0,0.875,0.796875
2474000,456.00911142044146,0.0,0.8125,0.75
2474100,456.01130757004233,0.0,0.8125,0.8125
2474200,456.0144069922017,0.0,0.6875,0.8125
2474300,456.0173403843314,0.0,0.75,0.796875
2474400,456.0198711354325,0.0,0.75,0.78125
2474500,456.0210765623473,0.0,0.9375,0.84375
2474600,456.02280282167806,0.0,0.8125,0.796875
2474700,456.0249375553765,0.0,0.75,0.796875
2474800,456.0276002945975,0.0,0.6875,0.84375
2474900,456.0293047985189,0.0,0.8125,0.8125
2475000,321.288376839572,0.0,0.875,0.8125
2475100,325.79391345918833,0.0,0.75,0.921875
2475200,329.52123557829157,0.0,0.875,0.84375
2475300,331.2220815706452,0.0,0.8125,0.796875
2475400,332.701499087513,0.0,0.8125,0.8125
2475500,334.3984840429355,0.0,0.75,0.734375
2475600,335.77565704343806,0.0,0.9375,0.84375
2475700,337.2976328392742,0.0,0.8125,0.796875
2475800,338.6376240354517,0.0,0.875,0.765625
2475900,340.7510805257119,0.0,0.875,0.703125
2476000,342.1627521001441,0.0,0.75,0.8125
2476100,347.44246223657336,0.0,0.75,0.8125
2476200,429.0359186502526,0.0,0.875,0.84375
2476300,437.47642285744223,0.0,0.8125,0.71875
2476400,439.5089255879883,0.0,0.75,0.78125
2476500,440.48509806229407,0.0,0.9375,0.796875
2476600,441.3109555608138,0.0,0.9375,0.796875
2476700,442.0454923147375,0.0,0.875,0.796875
2476800,442.7131276473582,0.0,0.8125,0.796875
2476900,443.4558479681301,0.0,0.8125,0.765625
2477000,444.39081321557313,0.0,0.8125,0.75
2477100,444.99953185637946,0.0,0.875,0.90625
2477200,445.4876852556751,0.0,0.75,0.75
2477300,445.88097231783513,0.0,0.8125,0.796875
2477400,446.29655526264037,0.0,0.9375,0.8125
2477500,446.85840889559233,0.0,0.8125,0.859375
2477600,447.38536800755355,0.0,0.875,0.796875
2477700,447.7676707204477,0.0,0.875,0.796875
2477800,448.1169798673654,0.0,0.8125,0.765625
2477900,448.4074437258892,0.0,0.8125,0.84375
2478000,448.70178677766467,0.0,0.875,0.78125
2478100,448.95420759469914,0.0,0.8125,0.875
2478200,449.15805899572484,0.0,0.6875,0.75
2478300,449.43988485588284,0.0,0.8125,0.78125
2478400,449.65922422708974,0.0,0.8125,0.65625
2478500,449.95605752627864,0.0,0.75,0.703125
2478600,450.1819642436001,0.0,0.9375,0.78125
2478700,450.4414740567966,0.0,0.875,0.859375
2478800,450.74724659432917,0.0,0.875,0.859375
2478900,451.01751350538467,0.0,0.875,0.78125
2479000,451.21942554377637,0.0,0.75,0.828125
2479100,451.434064086962,0.0,0.6875,0.734375
2479200,451.59518137011486,0.0,0.8125,0.875
2479300,451.7941521100305,0.0,0.75,0.84375
2479400,451.9676217488143,0.0,0.8125,0.8125
2479500,452.14447897343143,0.0,0.9375,0.859375
2479600,452.2992514555017,0.0,0.875,0.859375
2479700,452.4902155182182,0.0,0.9375,0.78125
2479800,452.67554269810694,0.0,0.8125,0.734375
2479900,452.8696370177462,0.0,0.8125,0.8125
2480000,453.00151918348,0.0,0.6875,0.78125
2480100,453.15582766431623,0.0,0.875,0.796875
2480200,453.2962161323921,0.0,0.875,0.796875
2480300,453.5162527593273,0.0,0.75,0.734375
2480400,453.67208477905484,0.0,0.6875,0.8125
2480500,453.79539933853096,0.0,0.875,0.75
2480600,453.9973495718944,0.0,0.875,0.796875
2480700,454.0899090225882,0.0,0.75,0.75
2480800,454.1565874645719,0.0,0.75,0.828125
2480900,454.23981112065616,0.0,0.8125,0.859375
2481000,454.3903572298061,0.0,0.8125,0.734375
2481100,454.5468913791193,0.0,0.8125,0.859375
2481200,454.66485939764186,0.0,0.9375,0.828125
2481300,454.7187982066373,0.0,0.875,0.828125
2481400,454.7828315234745,0.0,0.875,0.828125
2481500,454.82512343149546,0.0,0.9375,0.6875
2481600,454.9051543034532,0.0,0.75,0.828125
2481700,454.9587912070516,0.0,0.875,0.71875
2481800,454.99331646285873,0.0,1,0.765625
2481900,455.0463823461519,0.0,0.8125,0.8125
2482000,455.09199567551116,0.0,0.75,0.796875
2482100,455.1328555284297,0.0,0.75,0.75
2482200,455.16220403964115,0.0,0.8125,0.703125
2482300,455.19934179029843,0.0,0.875,0.71875
2482400,455.25268498847106,0.0,0.9375,0.71875
2482500,455.3019872131389,0.0,0.75,0.859375
2482600,455.34139750556295,0.0,0.875,0.796875
2482700,455.34750807560255,0.0,0.8125,0.765625
2482800,455.3676426739735,0.0,0.9375,0.828125
2482900,455.3882314297051,0.0,0.75,0.859375
2483000,455.41314240272357,0.0,0.875,0.859375
2483100,455.4308393522641,0.0,0.875,0.796875
2483200,455.45712422892984,0.0,0.75,0.734375
2483300,455.47428794033004,0.0,0.875,0.828125
2483400,455.4885206321983,0.0,0.8125,0.8125
2483500,455.490287841126,0.0,0.8125,0.78125
2483600,455.5239560007426,0.0,1,0.828125
2483700,455.5326557546621,0.0,0.9375,0.78125
2483800,455.544971948542,0.0,0.875,0.828125
2483900,455.54985931911983,0.0,0.875,0.765625
2484000,455.556317892491,0.0,0.8125,0.8125
2484100,455.57208951818365,0.0,0.9375,0.78125
2484200,455.58618007995136,0.0,0.8125,0.703125
2484300,455.59454826969886,0.0,0.875,0.765625
2484400,455.5980178295033,0.0,0.6875,0.8125
2484500,455.6081340182531,0.0,0.9375,0.828125
2484600,455.62428095429686,0.0,0.6875,0.765625
2484700,455.63403902062953,0.0,0.75,0.859375
2484800,455.65044817244745,0.0,0.8125,0.71875
2484900,455.6668529255003,0.0,0.8125,0.75
2485000,455.6703073183577,0.0,0.9375,0.796875
2485100,455.6746965294133,0.0,0.6875,0.78125
2485200,455.6860003066134,0.0,0.875,0.8125
2485300,455.69562669916166,0.0,0.8125,0.75
2485400,455.70639012161143,0.0,0.875,0.828125
2485500,455.70934479485254,0.0,0.75,0.796875
2485600,455.7123850289071,0.0,0.8125,0.78125
2485700,455.71879231808737,0.0,0.75,0.859375
2485800,455.7248913902427,0.0,0.875,0.875
2485900,455.72581452139985,0.0,0.875,0.765625
2486000,455.73209027840016,0.0,0.875,0.828125
2486100,455.74125039528184,0.0,0.75,0.796875
2486200,455.7444628202533,0.0,0.75,0.78125
2486300,455.7543655115164,0.0,0.9375,0.8125
2486400,455.7581530126082,0.0,0.9375,0.796875
2486500,455.7595474632551,0.0,0.875,0.828125
2486600,455.7643867848818,0.0,0.8125,0.796875
2486700,455.7677365331154,0.0,0.9375,0.78125
2486800,455.76826268573035,0.0,0.6875,0.765625
2486900,455.7705998038044,0.0,0.875,0.828125
2487000,455.7723407397788,0.0,0.8125,0.84375
2487100,455.7734686379729,0.0,0.8125,0.78125
2487200,455.77662346029166,0.0,0.9375,0.859375
2487300,455.7796359542595,0.0,0.8125,0.875
2487400,455.7817091949509,0.0,0.9375,0.84375
2487500,455.78209821678433,0.0,0.75,0.765625
2487600,455.7826630863335,0.0,0.625,0.875
2487700,455.785149441722,0.0,0.9375,0.828125
2487800,455.7869418066261,0.0,0.9375,0.859375
2487900,455.79309830036,0.0,0.75,0.8125
2488000,455.7968016209084,0.0,0.8125,0.859375
2488100,455.80870829024985,0.0,0.875,0.734375
2488200,455.8096801656204,0.0,0.875,0.78125
2488300,455.81541233422814,0.0,0.8125,0.765625
2488400,455.8182730150018,0.0,0.75,0.8125
2488500,455.8193198193613,0.0,0.875,0.796875
2488600,455.820560517047,0.0,0.8125,0.796875
2488700,455.8236677510339,0.0,0.875,0.78125
2488800,455.82613992445823,0.0,0.8125,0.765625
2488900,455.8276699755191,0.0,0.875,0.84375
2489000,455.82924642909427,0.0,0.9375,0.703125
2489100,455.83389584198034,0.0,0.8125,0.84375
2489200,455.8347770679931,0.0,0.8125,0.84375
2489300,455.83620495300715,0.0,0.75,0.75
2489400,455.8399295328376,0.0,0.8125,0.703125
2489500,455.8408074831605,0.0,0.875,0.765625
2489600,455.84215947658373,0.0,0.8125,0.796875
2489700,455.8438560040543,0.0,0.875,0.796875
2489800,455.84790772379654,0.0,0.875,0.78125
2489900,455.85249148776273,0.0,0.9375,0.8125
2490000,455.8542058942116,0.0,0.8125,0.796875
2490100,455.85577545440634,0.0,0.8125,0.671875
2490200,455.8573525663658,0.0,0.75,0.828125
2490300,455.86139346577886,0.0,0.8125,0.765625
2490400,455.8680722985437,0.0,0.8125,0.8125
2490500,455.8710662039867,0.0,0.6875,0.765625
2490600,455.87305431605114,0.0,0.8125,0.828125
2490700,455.87700895874025,0.0,0.9375,0.734375
2490800,455.8809986346722,0.0,0.875,0.8125
2490900,455.8833301334739,0.0,0.75,0.8125
2491000,455.8851394953274,0.0,0.875,0.8125
2491100,455.88721461756154,0.0,0.875,0.8125
2491200,455.8912714815287,0.0,0.8125,0.875
2491300,455.89205619468873,0.0,0.875,0.8125
2491400,455.8927933457081,0.0,0.875,0.84375
2491500,455.89542346404204,0.0,0.75,0.796875
2491600,455.8957777792253,0.0,0.8125,0.765625
2491700,455.8967285438706,0.0,0.6875,0.734375
2491800,455.8998507346933,0.0,0.875,0.84375
2491900,455.90164585971985,0.0,0.8125,0.796875
2492000,455.9032689154748,0.0,0.8125,0.734375
2492100,455.90451880194314,0.0,0.75,0.796875
2492200,455.90918148878757,0.0,0.875,0.78125
2492300,455.91049043684154,0.0,0.875,0.828125
2492400,455.91202892981056,0.0,0.875,0.828125
2492500,455.91343743138066,0.0,0.75,0.828125
2492600,455.9170203713997,0.0,0.8125,0.796875
2492700,455.9206832467303,0.0,0.8125,0.765625
2492800,455.9211265856899,0.0,0.8125,0.84375
2492900,455.9259159724022,0.0,0.9375,0.78125
2493000,455.9276694306861,0.0,0.8125,0.75
2493100,455.93200080927073,0.0,0.875,0.828125
2493200,455.9355070134878,0.0,0.6875,0.78125
2493300,455.9374573946697,0.0,0.8125,0.796875
2493400,455.9391487984933,0.0,0.75,0.8125
2493500,455.9435236873797,0.0,0.875,0.828125
2493600,455.94693414361416,0.0,0.8125,0.8125
2493700,455.9491366751312,0.0,0.9375,0.828125
2493800,455.9519141474844,0.0,0.75,0.796875
2493900,455.9533235664888,0.0,0.875,0.875
2494000,455.95661266659863,0.0,0.875,0.734375
2494100,455.9579266956677,0.0,0.8125,0.859375
2494200,455.95839807363825,0.0,0.9375,0.84375
2494300,455.9613507050337,0.0,0.75,0.84375
2494400,455.9628754805313,0.0,0.8125,0.78125
2494500,455.9654567124462,0.0,0.875,0.859375
2494600,455.97060920493743,0.0,0.9375,0.796875
2494700,455.97159397805405,0.0,0.75,0.84375
2494800,455.97366237435847,0.0,0.8125,0.8125
2494900,455.97499853973113,0.0,0.8125,0.828125
2495000,455.97634685867087,0.0,0.875,0.828125
2495100,455.97709626145064,0.0,0.875,0.75
2495200,455.9800157347927,0.0,0.75,0.828125
2495300,455.98053753347824,0.0,0.8125,0.84375
2495400,455.9807981932625,0.0,0.8125,0.78125
2495500,455.9834728673208,0.0,0.8125,0.828125
2495600,455.9848636374518,0.0,0.875,0.734375
2495700,455.9891213684085,0.0,0.8125,0.78125
2495800,455.9912944463676,0.0,0.8125,0.828125
2495900,455.9962005338411,0.0,0.875,0.8125
2496000,455.9979596148308,0.0,0.9375,0.84375
2496100,456.00116381049554,0.0,0.8125,0.859375
2496200,456.0031101068517,0.0,0.75,0.703125
2496300,456.00489887694744,0.0,0.8125,0.78125
2496400,456.00874881293953,0.0,0.8125,0.84375
2496500,456.01154106539144,0.0,0.9375,0.765625
2496600,456.0169660485862,0.0,0.875,0.84375
2496700,456.01794512491387,0.0,0.8125,0.8125
2496800,456.0186559710379,0.0,0.8125,0.84375
2496900,456.02079146038625,0.0,0.875,0.828125
2497000,456.0227699092181,0.0,0.9375,0.796875
2497100,456.0236043596678,0.0,0.8125,0.8125
2497200,456.0256403239743,0.0,0.6875,0.796875
2497300,456.0272772550353,0.0,0.875,0.84375
2497400,456.02870268766117,0.0,0.9375,0.75
2497500,456.03191661105757,0.0,0.9375,0.796875
2497600,456.0338287772462,0.0,0.75,0.84375
2497700,456.0350448484759,0.0,0.875,0.78125
2497800,456.03774393299545,0.0,0.8125,0.84375
2497900,456.03820386577627,0.0,0.6875,0.75
2498000,456.0401763515347,0.0,0.875,0.75
2498100,456.04145440681515,0.0,0.75,0.78125
2498200,456.04297145961266,0.0,0.875,0.796875
2498300,456.04505633413714,0.0,0.8125,0.765625
2498400,456.0460264709425,0.0,0.6875,0.765625
2498500,456.0473582438563,0.0,0.875,0.828125
2498600,456.05190973582796,0.0,0.8125,0.765625
2498700,456.0537908270122,0.0,0.75,0.84375
2498800,456.05721609571145,0.0,0.875,0.875
2498900,456.05859454397125,0.0,0.9375,0.796875
2499000,456.06014826438644,0.0,0.875,0.84375
2499100,456.0618234400114,0.0,1,0.8125
2499200,456.0642404197136,0.0,1,0.78125
2499300,456.0649433338974,0.0,0.8125,0.71875
2499400,456.0663735292657,0.0,0.8125,0.75
2499500,456.0675626257972,0.0,0.75,0.859375
2499600,456.06836552934965,0.0,0.875,0.828125
2499700,456.07182987170773,0.0,0.8125,0.859375
2499800,456.073130602338,0.0,0.75,0.84375
2499900,456.0739503865018,0.0,0.6875,0.671875
2500000,237.8691253069573,0.0,0.9375,0.9375
2500100,237.99153462020695,0.0,0.9375,0.859375
2500200,238.1330771829479,0.0,0.875,0.8125
2500300,238.30415176271973,0.0,0.75,0.890625
2500400,238.42202139521146,0.0,0.8125,0.875
2500500,238.6057368089452,0.0,0.8125,0.6875
2500600,238.70805329351106,0.0,0.875,0.84375
2500700,238.8354287834364,0.0,0.75,0.765625
2500800,238.94825183845802,0.0,0.8125,0.78125
2500900,239.0909460548053,0.0,0.875,0.75
2501000,239.2093730688244,0.0,0.8125,0.84375
2501100,239.39426150518267,0.0,0.9375,0.734375
2501200,239.532544902236,0.0,0.8125,0.84375
2501300,239.74735828733142,0.0,0.875,0.765625
2501400,239.99880431658895,0.0,0.9375,0.765625
2501500,240.19998278671795,0.0,0.9375,0.8125
2501600,240.53446070358092,0.0,0.875,0.796875
2501700,240.83717408173337,0.0,0.75,0.890625
2501800,241.32247083442664,0.0,0.875,0.75
2501900,242.12274326252535,0.0,0.8125,0.78125
2502000,243.08749662386919,0.0,0.8125,0.84375
2502100,244.62087855222563,0.0,0.875,0.84375
2502200,250.04765526799838,0.0,0.9375,0.765625
2502300,316.8338825187761,0.0,0.625,0.859375
2502400,336.0958016928389,0.0,0.6875,0.84375
2502500,338.081865742377,0.0,0.8125,0.828125
2502600,339.47968996416796,0.0,0.8125,0.765625
2502700,340.02484009884853,0.0,0.75,0.8125
2502800,341.4610558222363,0.0,0.9375,0.859375
2502900,342.4666823074431,0.0,0.75,0.75
2503000,343.236042249119,0.0,0.8125,0.84375
2503100,344.08254892739416,0.0,0.875,0.84375
2503200,344.7436372261723,0.0,0.9375,0.796875
2503300,345.21583574664487,0.0,0.875,0.828125
2503400,345.5527819583035,0.0,0.9375,0.8125
2503500,345.8865389303779,0.0,0.875,0.828125
2503600,346.32610266244086,0.0,0.8125,0.765625
2503700,346.68060552305445,0.0,0.875,0.84375
2503800,347.05918284181126,0.0,0.8125,0.84375
2503900,347.5216294382929,0.0,0.75,0.84375
2504000,347.77791307951634,0.0,0.8125,0.828125
2504100,348.1051519073331,0.0,0.8125,0.90625
2504200,348.50521455280136,0.0,0.75,0.828125
2504300,349.2642182716359,0.0,0.8125,0.90625
2504400,350.516901677407,0.0,0.75,0.828125
2504500,351.34889057135314,0.0,0.8125,0.828125
2504600,358.31946195854556,0.0,0.8125,0.8125
2504700,366.3553496992311,0.0,0.875,0.75
2504800,443.75022941408605,0.0,0.75,0.859375
2504900,446.9360355359024,0.0,0.8125,0.8125
2505000,448.19875359247766,0.0,0.8125,0.78125
2505100,449.07569867881597,0.0,0.8125,0.78125
2505200,449.7138855753718,0.0,0.75,0.90625
2505300,450.03847405215004,0.0,0.875,0.890625
2505400,450.2444889281582,0.0,0.75,0.828125
2505500,450.58153633979106,0.0,0.875,0.890625
2505600,450.78715758905406,0.0,0.9375,0.765625
2505700,451.03813704822284,0.0,0.8125,0.84375
2505800,451.34312560031094,0.0,0.8125,0.8125
2505900,451.7029423534248,0.0,0.9375,0.828125
2506000,451.9616842150313,0.0,0.8125,0.796875
2506100,452.2021286818651,0.0,0.875,0.84375
2506200,452.51180536438306,0.0,0.6875,0.75
2506300,452.7320142061713,0.0,0.875,0.90625
2506400,452.9596453092453,0.0,0.875,0.828125
2506500,453.18456693034994,0.0,0.875,0.828125
2506600,453.4294639238019,0.0,0.75,0.84375
2506700,453.5722242891982,0.0,0.9375,0.8125
2506800,453.68261237660283,0.0,0.75,0.875
2506900,453.809027755022,0.0,0.8125,0.84375
2507000,453.93905340322965,0.0,0.8125,0.796875
2507100,454.06124292844135,0.0,0.8125,0.828125
2507200,454.1880139765647,0.0,0.875,0.8125
2507300,454.3759408010224,0.0,0.75,0.828125
2507400,454.45550584268534,0.0,0.9375,0.84375
2507500,454.5312090896437,0.0,0.875,0.828125
2507600,454.7552774361076,0.0,0.8125,0.828125
2507700,454.79058938904353,0.0,0.875,0.84375
2507800,454.84599992779675,0.0,0.875,0.78125
2507900,454.94249232616716,0.0,0.75,0.84375
2508000,455.0681103081646,0.0,0.8125,0.6875
2508100,455.2039238000865,0.0,0.8125,0.78125
2508200,455.25834653887887,0.0,0.8125,0.796875
2508300,455.33750619406106,0.0,0.8125,0.765625
2508400,455.4029415521346,0.0,0.8125,0.796875
2508500,455.46651546690805,0.0,0.9375,0.84375
2508600,455.50005280159303,0.0,0.6875,0.734375
2508700,455.5591093312083,0.0,0.9375,0.84375
2508800,455.59128159382726,0.0,0.875,0.78125
2508900,455.6146712682774,0.0,0.875,0.921875
2509000,455.65754375513757,0.0,0.8125,0.859375
2509100,455.6715489411695,0.0,0.75,0.875
2509200,455.7099580501588,0.0,0.8125,0.84375
2509300,455.7294445424614,0.0,0.8125,0.71875
2509400,455.7778362229486,0.0,0.9375,0.796875
2509500,455.79823472897334,0.0,0.8125,0.765625
2509600,455.8095840504588,0.0,0.875,0.828125
2509700,455.8372692320829,0.0,0.9375,0.8125
2509800,455.8477844678675,0.0,0.875,0.796875
2509900,455.8532156581847,0.0,0.75,0.828125
2510000,455.8777632148746,0.0,0.75,0.78125
2510100,455.8902872866594,0.0,0.8125,0.8125
2510200,455.8955316564804,0.0,0.625,0.90625
2510300,455.9108920797942,0.0,0.875,0.84375
2510400,455.9128260092782,0.0,0.75,0.875
2510500,455.92073305061297,0.0,0.875,0.765625
2510600,455.92262577052776,0.0,0.75,0.875
2510700,455.9421202762699,0.0,0.6875,0.75
2510800,455.9713714553348,0.0,0.9375,0.859375
2510900,455.99639154755283,0.0,0.75,0.8125
2511000,455.99962010986184,0.0,0.875,0.765625
2511100,456.00472871049317,0.0,0.875,0.84375
2511200,456.02464998216385,0.0,0.875,0.828125
2511300,456.02637978682134,0.0,0.9375,0.734375
2511400,456.0288613947036,0.0,0.75,0.765625
2511500,456.0314220289932,0.0,0.8125,0.84375
2511600,456.03505738316534,0.0,0.75,0.796875
2511700,456.0372576447685,0.0,0.8125,0.828125
2511800,456.04137582142715,0.0,0.75,0.796875
2511900,456.0425963214011,0.0,0.75,0.71875
2512000,456.0469165130637,0.0,0.8125,0.8125
2512100,456.05013303735007,0.0,0.875,0.875
2512200,456.0535752105329,0.0,0.8125,0.828125
2512300,456.0554122799718,0.0,0.75,0.890625
2512400,456.05787319930494,0.0,0.6875,0.8125
2512500,456.05958175140427,0.0,0.875,0.890625
2512600,456.0603669174175,0.0,0.8125,0.765625
2512700,456.06126442664055,0.0,0.8125,0.890625
2512800,456.0646297075411,0.0,0.75,0.671875
2512900,456.0667578836996,0.0,0.75,0.875
2513000,456.06747770613134,0.0,0.8125,0.859375
2513100,456.0706112503952,0.0,0.75,0.796875
2513200,456.0738848778749,0.0,0.9375,0.828125
2513300,456.07548711365774,0.0,0.875,0.8125
2513400,456.0770193802198,0.0,0.8125,0.828125
2513500,456.07808505350073,0.0,0.6875,0.828125
2513600,456.07905241822294,0.0,0.75,0.8125
2513700,456.08091780427264,0.0,0.875,0.796875
2513800,456.0825162618186,0.0,0.8125,0.8125
2513900,456.084292343684,0.0,0.75,0.765625
2514000,456.0850351429676,0.0,0.875,0.84375
2514100,456.08632798958365,0.0,0.8125,0.78125
2514200,456.0886166021918,0.0,0.75,0.765625
2514300,456.0914305051408,0.0,0.75,0.84375
2514400,456.09245208439324,0.0,0.9375,0.859375
2514500,456.09341859213464,0.0,0.8125,0.875
2514600,456.09698118469936,0.0,0.6875,0.859375
2514700,456.0988410934293,0.0,0.6875,0.78125
2514800,456.10093716185514,0.0,0.875,0.859375
2514900,456.10321410207746,0.0,0.9375,0.859375
2515000,456.1047674194979,0.0,0.875,0.796875
2515100,456.1050826361307,0.0,0.8125,0.78125
2515200,456.1063161920879,0.0,0.75,0.84375
2515300,456.1077809327757,0.0,0.8125,0.90625
2515400,456.10886595707944,0.0,0.875,0.890625
2515500,456.1097194657229,0.0,0.8125,0.890625
2515600,456.1112119874077,0.0,0.8125,0.859375
2515700,456.1135966832155,0.0,0.9375,0.859375
2515800,456.1141905878773,0.0,0.8125,0.734375
2515900,456.1153053228736,0.0,0.75,0.734375
2516000,456.1165776314748,0.0,0.8125,0.78125
2516100,456.11794312432335,0.0,0.5625,0.71875
2516200,456.1199166842269,0.0,0.8125,0.875
2516300,456.12170658028975,0.0,1,0.8125
2516400,456.12369438775636,0.0,0.625,0.71875
2516500,456.1262067245891,0.0,0.875,0.84375
2516600,456.1273660387371,0.0,0.8125,0.78125
2516700,456.13041753932123,0.0,0.875,0.90625
2516800,456.1316626670033,0.0,0.875,0.765625
2516900,456.1321060819615,0.0,0.75,0.8125
2517000,456.133922318629,0.0,0.875,0.828125
2517100,456.1346625968021,0.0,0.8125,0.71875
2517200,456.1363702640862,0.0,0.8125,0.8125
2517300,456.1390534085436,0.0,0.75,0.8125
2517400,456.14136523247686,0.0,0.8125,0.828125
2517500,456.1429477632558,0.0,0.8125,0.859375
2517600,456.14398417162784,0.0,0.875,0.796875
2517700,456.1462122345758,0.0,0.75,0.78125
2517800,456.1492132605658,0.0,0.5625,0.765625
2517900,456.15205155599483,0.0,0.9375,0.78125
2518000,456.15372681207924,0.0,0.9375,0.90625
2518100,456.1560422191595,0.0,0.75,0.8125
2518200,456.1568665510418,0.0,0.8125,0.796875
2518300,456.15921673303046,0.0,0.6875,0.796875
2518400,456.1647411417811,0.0,0.875,0.84375
2518500,456.16517866281225,0.0,0.8125,0.8125
2518600,456.16626718359265,0.0,0.8125,0.828125
2518700,456.1685452985129,0.0,0.875,0.8125
2518800,456.1697532504929,0.0,0.9375,0.84375
2518900,456.17052309688,0.0,0.8125,0.765625
2519000,456.1720197584957,0.0,0.75,0.828125
2519100,456.1728423691401,0.0,0.875,0.796875
2519200,456.17550866072474,0.0,0.8125,0.859375
2519300,456.1757810349235,0.0,0.8125,0.703125
2519400,456.1769239314877,0.0,0.75,0.921875
2519500,456.1775866513716,0.0,0.8125,0.828125
2519600,456.17983704791465,0.0,0.875,0.84375
2519700,456.18175413339117,0.0,0.8125,0.75
2519800,456.1835210272721,0.0,0.875,0.84375
2519900,456.18524303339007,0.0,0.75,0.859375
2520000,456.18771862184315,0.0,0.875,0.875
2520100,456.1884685529293,0.0,0.875,0.859375
2520200,456.1909648241215,0.0,0.75,0.90625
2520300,456.19183626162163,0.0,0.9375,0.765625
2520400,456.19362782310964,0.0,0.8125,0.78125
2520500,456.1951859211609,0.0,0.875,0.859375
2520600,456.1968356771849,0.0,0.8125,0.859375
2520700,456.1987142506604,0.0,0.8125,0.78125
2520800,456.2001495111136,0.0,0.8125,0.875
2520900,456.20195341269397,0.0,0.6875,0.796875
2521000,456.20428187429354,0.0,0.6875,0.8125
2521100,456.206547938156,0.0,0.9375,0.828125
2521200,456.20845727064585,0.0,0.875,0.765625
2521300,456.20872078658766,0.0,0.875,0.875
2521400,456.210096593526,0.0,0.75,0.828125
2521500,456.2109514361856,0.0,0.625,0.78125
2521600,456.2131110741919,0.0,0.75,0.875
2521700,456.21351107732517,0.0,0.875,0.828125
2521800,456.2148193600119,0.0,0.6875,0.78125
2521900,456.21602214549273,0.0,0.9375,0.828125
2522000,456.21749079913764,0.0,0.8125,0.84375
2522100,456.219425017967,0.0,0.8125,0.796875
2522200,456.22070694585136,0.0,0.625,0.8125
2522300,456.22138111210063,0.0,0.875,0.90625
2522400,456.22192310371776,0.0,0.8125,0.765625
2522500,456.2237715902905,0.0,0.875,0.890625
2522600,456.2261964235336,0.0,0.75,0.8125
2522700,456.228120512068,0.0,0.875,0.828125
2522800,456.2294642178316,0.0,0.875,0.84375
2522900,456.2303370802331,0.0,0.6875,0.765625
2523000,456.2316190377522,0.0,0.875,0.8125
2523100,456.2335855820629,0.0,1,0.8125
2523200,456.23588061767646,0.0,0.8125,0.84375
2523300,456.2370472651951,0.0,0.9375,0.875
2523400,456.2389229921606,0.0,0.875,0.796875
2523500,456.2409237025418,0.0,0.8125,0.75
2523600,456.242199833725,0.0,0.625,0.765625
2523700,456.24333888014183,0.0,0.75,0.765625
2523800,456.24456551721266,0.0,0.9375,0.78125
2523900,456.2459935793574,0.0,0.875,0.890625
2524000,456.24786904527394,0.0,0.8125,0.828125
2524100,456.24882862311233,0.0,0.8125,0.796875
2524200,456.24978857313937,0.0,0.6875,0.796875
2524300,456.2509642687837,0.0,1,0.828125
2524400,456.2514734424484,0.0,0.75,0.84375
2524500,456.2528530301142,0.0,0.875,0.8125
2524600,456.2542592083603,0.0,0.6875,0.890625
2524700,456.2562341705627,0.0,0.8125,0.84375
2524800,456.25705522274677,0.0,0.75,0.78125
2524900,456.2591403843503,0.0,0.875,0.84375
2525000,237.6570846328672,0.0,1,0.859375
2525100,237.71857836848434,0.0,0.875,0.890625
2525200,237.79956220281628,0.0,0.875,0.890625
2525300,237.91889514936136,0.0,0.8125,0.703125
2525400,238.05051727149933,0.0,0.9375,0.90625
2525500,238.176187429613,0.0,0.75,0.84375
2525600,238.32089088242108,0.0,0.6875,0.765625
2525700,238.36438901492937,0.0,0.5625,0.796875
2525800,238.53778227779634,0.0,0.875,0.75
2525900,238.66248666322846,0.0,0.8125,0.84375
2526000,238.76879573372824,0.0,0.875,0.890625
2526100,238.8419619006107,0.0,0.8125,0.828125
2526200,239.01704936882305,0.0,0.9375,0.78125
2526300,239.06197847061435,0.0,0.75,0.796875
2526400,239.2050995384071,0.0,0.75,0.9375
2526500,239.34586332225052,0.0,0.8125,0.765625
2526600,239.54357908688792,0.0,0.6875,0.90625
2526700,239.65760816950453,0.0,0.9375,0.921875
2526800,239.8545833558305,0.0,0.875,0.828125
2526900,239.91686402905586,0.0,0.8125,0.859375
2527000,240.10357963968585,0.0,0.8125,0.84375
2527100,240.46325874807488,0.0,0.9375,0.84375
2527200,240.83238447219534,0.0,0.8125,0.78125
2527300,241.10605977080326,0.0,0.8125,0.796875
2527400,241.49273176067845,0.0,0.75,0.8125
2527500,242.1889817618528,0.0,0.875,0.8125
2527600,243.45276081080036,0.0,0.8125,0.796875
2527700,250.78788707693704,0.0,0.875,0.875
2527800,329.9198180665037,0.0,0.8125,0.8125
2527900,336.4082973000078,0.0,0.875,0.828125
2528000,338.80335517150166,0.0,0.875,0.8125
2528100,340.89786253211724,0.0,0.875,0.875
2528200,341.4819714841598,0.0,0.875,0.84375
2528300,342.21145951038847,0.0,0.9375,0.828125
2528400,342.82653887260886,0.0,0.875,0.828125
2528500,343.169578430283,0.0,0.875,0.921875
2528600,343.58736717344965,0.0,0.625,0.78125
2528700,343.8583718979419,0.0,0.9375,0.84375
2528800,343.9762745155115,0.0,0.6875,0.84375
2528900,344.28225660325626,0.0,0.8125,0.921875
2529000,344.63614129118764,0.0,0.8125,0.796875
2529100,344.93254356077006,0.0,0.9375,0.765625
2529200,345.2425928296319,0.0,0.875,0.890625
2529300,345.5409579596502,0.0,1,0.859375
2529400,345.8688083416875,0.0,0.8125,0.875
2529500,346.2548132043067,0.0,0.75,0.765625
2529600,346.51098712459236,0.0,0.875,0.796875
2529700,346.7596980098678,0.0,0.8125,0.8125
2529800,347.0866196644395,0.0,0.8125,0.859375
2529900,347.5519255218208,0.0,0.6875,0.734375
2530000,347.8057024136433,0.0,0.75,0.84375
2530100,348.13238857686935,0.0,0.6875,0.890625
2530200,348.5236671454897,0.0,0.875,0.78125
2530300,349.0039902257456,0.0,0.75,0.90625
2530400,349.6789016496918,0.0,0.875,0.8125
2530500,350.95001455166107,0.0,0.8125,0.875
2530600,351.8091317445116,0.0,0.8125,0.859375
2530700,354.345078214648,0.0,0.875,0.875
2530800,363.88709759617575,0.0,0.875,0.796875
2530900,408.94537105730416,0.0,0.875,0.875
2531000,443.4157093854106,0.0,0.8125,0.828125
2531100,447.0317938112309,0.0,0.8125,0.828125
2531200,449.05190575250145,0.0,0.875,0.828125
2531300,449.4450022620485,0.0,0.9375,0.78125
2531400,450.1092237451709,0.0,0.8125,0.796875
2531500,450.3525230430934,0.0,0.9375,0.75
2531600,450.62974361918805,0.0,0.75,0.765625
2531700,451.00117471229424,0.0,0.9375,0.859375
2531800,451.1080077958616,0.0,0.9375,0.84375
2531900,451.3555347511445,0.0,0.9375,0.8125
2532000,451.61297879750606,0.0,0.875,0.8125
2532100,451.9234602338601,0.0,0.8125,0.84375
2532200,452.28650919701954,0.0,0.8125,0.84375
2532300,452.39699031037367,0.0,0.75,0.8125
2532400,452.5740611082194,0.0,0.8125,0.78125
2532500,452.6965829616625,0.0,0.9375,0.796875
2532600,452.80669588575665,0.0,0.75,0.828125
2532700,452.94799417973064,0.0,0.6875,0.828125
2532800,453.1033919585294,0.0,0.8125,0.859375
2532900,453.2882427922106,0.0,0.75,0.84375
2533000,453.4528905790753,0.0,0.8125,0.875
2533100,453.58070184085653,0.0,0.875,0.828125
2533200,453.7333131379529,0.0,0.8125,0.90625
2533300,453.79844191460154,0.0,0.75,0.8125
2533400,453.85233598648125,0.0,0.875,0.796875
2533500,453.8971395645596,0.0,0.9375,0.765625
2533600,454.04835236182737,0.0,0.875,0.890625
2533700,454.14537793442656,0.0,0.8125,0.875
2533800,454.1848654170852,0.0,0.75,0.796875
2533900,454.2715314075463,0.0,0.8125,0.875
2534000,454.3245717035027,0.0,0.8125,0.921875
2534100,454.42164823329216,0.0,0.75,0.859375
2534200,454.4736043639096,0.0,0.8125,0.765625
2534300,454.4963451516638,0.0,0.8125,0.78125
2534400,454.58344232855137,0.0,0.875,0.796875
2534500,454.6155375835159,0.0,0.8125,0.78125
2534600,454.628836507156,0.0,0.8125,0.8125
2534700,454.6875269277785,0.0,0.875,0.8125
2534800,454.71628868908,0.0,0.875,0.75
2534900,454.7308673632634,0.0,0.75,0.859375
2535000,454.75520817147907,0.0,0.875,0.796875
2535100,454.7783927547947,0.0,0.8125,0.8125
2535200,454.78506784488036,0.0,0.875,0.875
2535300,454.8326167906927,0.0,0.8125,0.828125
2535400,454.8772066124874,0.0,0.875,0.96875
2535500,454.8948455673388,0.0,0.8125,0.84375
2535600,454.9355481151993,0.0,0.875,0.828125
2535700,454.93827076468546,0.0,0.8125,0.78125
2535800,454.9864599118396,0.0,0.875,0.84375
2535900,455.0107335315179,0.0,0.8125,0.8125
2536000,455.03203075302383,0.0,0.8125,0.8125
2536100,455.03538477576325,0.0,0.9375,0.828125
2536200,455.05730901454774,0.0,0.875,0.84375
2536300,455.071575284603,0.0,0.8125,0.84375
2536400,455.1171325423107,0.0,0.875,0.8125
2536500,455.1223804808532,0.0,0.875,0.890625
2536600,455.13306167403823,0.0,0.875,0.796875
2536700,455.14000741258,0.0,0.6875,0.8125
2536800,455.14769851969817,0.0,0.875,0.90625
2536900,455.15388044368706,0.0,0.875,0.875
2537000,455.16096868561846,0.0,0.9375,0.84375
2537100,455.1643119313214,0.0,0.875,0.890625
2537200,455.1686657819727,0.0,0.875,0.71875
2537300,455.18111949668497,0.0,0.8125,0.828125
2537400,455.2171069231043,0.0,0.8125,0.875
2537500,455.2362052808929,0.0,0.8125,0.84375
2537600,455.2422423202618,0.0,0.625,0.828125
2537700,455.26066486597875,0.0,0.875,0.796875
2537800,455.2701273721684,0.0,0.8125,0.78125
2537900,455.2814246814553,0.0,0.875,0.828125
2538000,455.2880517706406,0.0,0.8125,0.828125
2538100,455.2933795352365,0.0,0.75,0.828125
2538200,455.3021057273101,0.0,1,0.78125
2538300,455.3055215462145,0.0,0.875,0.796875
2538400,455.32044901919943,0.0,0.8125,0.859375
2538500,455.3232883473836,0.0,0.8125,0.828125
2538600,455.3302719465163,0.0,0.875,0.84375
2538700,455.3341906173446,0.0,0.875,0.84375
2538800,455.3581979083048,0.0,0.8125,0.765625
2538900,455.3617803699259,0.0,0.8125,0.890625
2539000,455.36356067982774,0.0,0.9375,0.828125
2539100,455.3691503078273,0.0,0.9375,0.84375
2539200,455.3708836465329,0.0,0.8125,0.890625
2539300,455.37531527773876,0.0,0.75,0.796875
2539400,455.3784154668925,0.0,0.875,0.78125
2539500,455.3870096543849,0.0,0.6875,0.8125
2539600,455.3881782869753,0.0,0.8125,0.859375
2539700,455.392516406632,0.0,0.875,0.875
2539800,455.3951021536056,0.0,0.8125,0.796875
2539900,455.3970674692985,0.0,0.875,0.84375
2540000,455.3979932888843,0.0,0.875,0.859375
2540100,455.39908987693707,0.0,0.875,0.796875
2540200,455.3994096384026,0.0,0.8125,0.875
2540300,455.40054679357075,0.0,1,0.90625
2540400,455.40172783817894,0.0,0.875,0.8125
2540500,455.40695107231113,0.0,0.875,0.78125
2540600,455.4090922303225,0.0,0.625,0.765625
2540700,455.4133239702066,0.0,0.875,0.890625
2540800,455.4139551354295,0.0,0.8125,0.859375
2540900,455.4242136165349,0.0,0.8125,0.859375
2541000,455.42675823791865,0.0,0.75,0.828125
2541100,455.4331340750253,0.0,0.75,0.703125
2541200,455.4359643162719,0.0,0.9375,0.796875
2541300,455.440595322166,0.0,0.875,0.84375
2541400,455.44917300042295,0.0,0.6875,0.859375
2541500,455.45164299893025,0.0,0.875,0.8125
2541600,455.45299687624254,0.0,0.8125,0.859375
2541700,455.45445780228135,0.0,0.8125,0.796875
2541800,455.45554050875876,0.0,0.8125,0.921875
2541900,455.4596423404685,0.0,0.875,0.765625
2542000,455.46688240834965,0.0,0.875,0.875
2542100,455.46865802181725,0.0,0.75,0.8125
2542200,455.4723976578394,0.0,0.9375,0.859375
2542300,455.4763828326317,0.0,0.8125,0.796875
2542400,455.4781459259059,0.0,0.875,0.828125
2542500,455.4803400386939,0.0,1,0.84375
2542600,455.4868783354027,0.0,0.8125,0.8125
2542700,455.48917802800054,0.0,0.875,0.890625
2542800,455.4915110553522,0.0,0.8125,0.828125
2542900,455.49489373632935,0.0,0.8125,0.8125
2543000,455.4983048163351,0.0,0.875,0.78125
2543100,455.5098120668083,0.0,0.875,0.84375
2543200,455.51403334130237,0.0,0.875,0.796875
2543300,455.5174876984963,0.0,0.875,0.859375
2543400,455.51980557037274,0.0,0.9375,0.75
2543500,455.52624189090494,0.0,0.5625,0.828125
2543600,455.5293689731907,0.0,0.625,0.84375
2543700,455.5307675691832,0.0,0.8125,0.890625
2543800,455.53254756255603,0.0,0.8125,0.765625
2543900,455.53450630090987,0.0,0.875,0.859375
2544000,455.53981900393,0.0,1,0.828125
2544100,455.54188211485547,0.0,0.8125,0.84375
2544200,455.5485173806906,0.0,0.75,0.84375
2544300,455.54898222017584,0.0,0.875,0.765625
2544400,455.5512460296835,0.0,0.8125,0.71875
2544500,455.55565822672645,0.0,0.875,0.765625
2544600,455.55747399768853,0.0,0.8125,0.828125
2544700,455.56196407108416,0.0,0.9375,0.84375
2544800,455.56552973664543,0.0,0.875,0.828125
2544900,455.56786314218306,0.0,0.875,0.953125
2545000,455.5732469283201,0.0,0.875,0.84375
2545100,455.5773300399649,0.0,0.875,0.84375
2545200,455.58078304711404,0.0,0.9375,0.890625
2545300,455.58312572516286,0.0,0.5625,0.734375
2545400,455.583941718889,0.0,0.8125,0.84375
2545500,455.59483728744794,0.0,0.6875,0.765625
2545600,455.5978257260845,0.0,0.75,0.71875
2545700,455.60449623184934,0.0,0.875,0.828125
2545800,455.60897498191946,0.0,0.75,0.828125
2545900,455.6129710234781,0.0,0.8125,0.859375
2546000,455.6143203263696,0.0,0.875,0.875
2546100,455.61771464642777,0.0,0.9375,0.875
2546200,455.61932931947945,0.0,0.875,0.859375
2546300,455.62103243236004,0.0,0.875,0.796875
2546400,455.6235364753559,0.0,0.8125,0.828125
2546500,455.62580465715143,0.0,0.875,0.875
2546600,455.6315065348033,0.0,0.875,0.875
2546700,455.6335452917793,0.0,0.8125,0.859375
2546800,455.637796281311,0.0,0.8125,0.8125
2546900,455.64190277833023,0.0,0.8125,0.8125
2547000,455.6447041336822,0.0,0.875,0.71875
2547100,455.6500149044864,0.0,0.8125,0.828125
2547200,455.65342348074626,0.0,0.8125,0.78125
2547300,455.6558656004282,0.0,1,0.859375
2547400,455.66101406375503,0.0,1,0.90625
2547500,455.66228902622936,0.0,0.8125,0.84375
2547600,455.6644697853914,0.0,0.875,0.921875
2547700,455.6667016722832,0.0,0.875,0.8125
2547800,455.6697694856625,0.0,0.8125,0.75
2547900,455.6728798082948,0.0,1,0.84375
2548000,455.6748466146995,0.0,0.875,0.78125
2548100,455.67680296196767,0.0,0.875,0.90625
2548200,455.68014214330196,0.0,0.75,0.84375
2548300,455.68179766856315,0.0,0.875,0.875
2548400,455.6857885805879,0.0,0.8125,0.890625
2548500,455.68938534025074,0.0,0.9375,0.84375
2548600,455.69112298363217,0.0,0.75,0.78125
2548700,455.69269689765974,0.0,0.8125,0.859375
2548800,455.6953873008226,0.0,0.9375,0.828125
2548900,455.6977511940087,0.0,0.8125,0.796875
2549000,455.6994522472492,0.0,0.75,0.859375
2549100,455.7010717218221,0.0,0.8125,0.875
2549200,455.70259605280864,0.0,0.875,0.90625
2549300,455.7037940490361,0.0,0.875,0.828125
2549400,455.70691463205685,0.0,0.75,0.890625
2549500,455.710184651857,0.0,0.75,0.796875
2549600,455.71273843145275,0.0,0.8125,0.8125
2549700,455.71424221828596,0.0,0.875,0.859375
2549800,455.7165202363538,0.0,0.875,0.796875
2549900,455.7204448835967,0.0,0.875,0.8125
2550000,238.21776555492204,0.0,0.875,0.875
2550100,238.3736511949228,0.0,0.8125,0.796875
2550200,238.47420255236588,0.0,0.875,0.875
2550300,238.55688125658702,0.0,0.8125,0.84375
2550400,238.63457949121502,0.0,0.875,0.796875
2550500,238.80910153761573,0.0,0.875,0.8125
2550600,238.9424573019837,0.0,0.8125,0.828125
2550700,239.05634747043152,0.0,1,0.8125
2550800,239.1759922733229,0.0,0.875,0.875
2550900,239.3050296465997,0.0,1,0.90625
2551000,239.49386037705108,0.0,0.875,0.84375
2551100,239.62274654797815,0.0,0.9375,0.859375
2551200,239.82653312179173,0.0,0.875,0.90625
2551300,239.96138563343206,0.0,0.875,0.796875
2551400,240.07174075769214,0.0,0.875,0.84375
2551500,240.24042493396564,0.0,0.875,0.890625
2551600,240.44611919912757,0.0,0.875,0.765625
2551700,240.60296238386758,0.0,0.8125,0.90625
2551800,240.73941730195847,0.0,0.875,0.90625
2551900,240.97410201941062,0.0,0.9375,0.90625
2552000,241.10603253215876,0.0,0.875,0.859375
2552100,241.36625063895866,0.0,0.8125,0.828125
2552200,241.78736315019768,0.0,0.9375,0.875
2552300,242.10895824412765,0.0,0.875,0.796875
2552400,242.68173635987853,0.0,0.875,0.828125
2552500,243.17142482580624,0.0,0.8125,0.90625
2552600,243.91797305257333,0.0,0.8125,0.828125
2552700,245.7853212314858,0.0,0.9375,0.875
2552800,247.0886394714709,0.0,0.75,0.78125
2552900,249.34743493128292,0.0,0.875,0.8125
2553000,260.52671581944975,0.0,0.875,0.828125
2553100,293.40048242837537,0.0,0.875,0.890625
2553200,330.6723626515178,0.0,0.8125,0.8125
2553300,335.0783082170571,0.0,0.8125,0.765625
2553400,338.27277630661064,0.0,0.875,0.78125
2553500,340.2373441270374,0.0,0.8125,0.875
2553600,340.96185918964943,0.0,0.9375,0.921875
2553700,341.98734640194556,0.0,0.875,0.75
2553800,342.53932205751767,0.0,0.8125,0.734375
2553900,342.9085232957566,0.0,0.875,0.796875
2554000,343.2803324726639,0.0,0.875,0.8125
2554100,343.57452742695193,0.0,0.875,0.78125
2554200,343.8608062267471,0.0,0.75,0.828125
2554300,344.21322770604104,0.0,0.875,0.84375
2554400,344.6702049931604,0.0,0.875,0.84375
2554500,345.14005749972046,0.0,0.9375,0.78125
2554600,345.46877991167514,0.0,0.9375,0.890625
2554700,346.0681838044981,0.0,0.875,0.84375
2554800,346.52906814800986,0.0,0.75,0.796875
2554900,346.7466936928602,0.0,0.8125,0.8125
2555000,347.02844158995003,0.0,0.875,0.875
2555100,347.3800497771127,0.0,0.875,0.8125
2555200,347.7189986760236,0.0,0.875,0.90625
2555300,347.90554498727636,0.0,0.8125,0.90625
2555400,348.1104626558681,0.0,0.75,0.90625
2555500,348.40654133419116,0.0,0.9375,0.8125
2555600,348.9403439903152,0.0,0.875,0.796875
2555700,349.4044334232838,0.0,0.8125,0.875
2555800,349.87321068888997,0.0,0.875,0.796875
2555900,350.4912871348123,0.0,0.8125,0.90625
2556000,350.9138472472841,0.0,0.9375,0.75
2556100,351.7689824597933,0.0,0.8125,0.875
2556200,354.22885351249533,0.0,0.8125,0.828125
2556300,358.5023540695769,0.0,0.9375,0.84375
2556400,365.1410354787814,0.0,0.8125,0.796875
2556500,409.1117808715852,0.0,0.9375,0.828125
2556600,438.5057136450558,0.0,0.8125,0.828125
2556700,444.14740650736996,0.0,0.8125,0.875
2556800,445.01436470748894,0.0,0.875,0.875
2556900,445.6983385694516,0.0,0.8125,0.84375
2557000,446.07532905192033,0.0,0.9375,0.859375
2557100,446.4913544575755,0.0,0.9375,0.90625
2557200,446.9702561854475,0.0,0.8125,0.75
2557300,447.2671140494132,0.0,0.8125,0.796875
2557400,447.80805347745286,0.0,0.75,0.8125
2557500,448.0570726662124,0.0,0.75,0.796875
2557600,448.4625942261523,0.0,0.75,0.796875
2557700,448.71022753716596,0.0,0.75,0.828125
2557800,448.9568636176271,0.0,0.9375,0.78125
2557900,449.29314524324144,0.0,0.75,0.875
2558000,449.47552223721846,0.0,0.875,0.890625
2558100,449.68633128282397,0.0,0.875,0.8125
2558200,449.8992085741467,0.0,0.8125,0.84375
2558300,450.21252181662686,0.0,0.9375,0.796875
2558400,450.3625282919729,0.0,0.875,0.8125
2558500,450.4629970400833,0.0,0.875,0.875
2558600,450.6680521339377,0.0,0.8125,0.8125
2558700,450.8274116662711,0.0,0.75,0.8125
2558800,450.9525917265926,0.0,0.875,0.890625
2558900,451.0963243403606,0.0,0.875,0.890625
2559000,451.2090082975774,0.0,0.9375,0.90625
2559100,451.35166904086356,0.0,0.9375,0.859375
2559200,451.49205267839807,0.0,1,0.859375
2559300,451.67070012070246,0.0,1,0.84375
2559400,451.82204203281316,0.0,0.875,0.84375
2559500,451.88143114805206,0.0,0.8125,0.84375
2559600,451.93188901668236,0.0,0.9375,0.875
2559700,452.04086667359275,0.0,0.8125,0.859375
2559800,452.1266038867474,0.0,0.8125,0.8125
2559900,452.2287661335121,0.0,0.8125,0.875
2560000,452.3736838129065,0.0,0.875,0.875
2560100,452.4851512510559,0.0,0.875,0.828125
2560200,452.5580126097767,0.0,0.8125,0.8125
2560300,452.6265821873651,0.0,0.875,0.796875
2560400,452.78012818755326,0.0,0.8125,0.78125
2560500,452.7892540303254,0.0,0.875,0.84375
2560600,452.84938882361075,0.0,0.75,0.78125
2560700,452.87968986412494,0.0,0.8125,0.84375
2560800,452.93085796513674,0.0,0.9375,0.859375
2560900,453.0038095608859,0.0,0.875,0.8125
2561000,453.06030053571845,0.0,0.75,0.9375
2561100,453.0669643726925,0.0,0.8125,0.859375
2561200,453.14980667431877,0.0,0.8125,0.859375
2561300,453.1772640423847,0.0,0.875,0.828125
2561400,453.2322168722671,0.0,0.875,0.875
2561500,453.27427845559276,0.0,1,0.828125
2561600,453.3116098010531,0.0,0.6875,0.890625
2561700,453.3183500427638,0.0,0.875,0.828125
2561800,453.32587955281286,0.0,0.875,0.84375
2561900,453.3414353829758,0.0,0.75,0.8125
2562000,453.42900921496675,0.0,0.9375,0.828125
2562100,453.4465387093568,0.0,0.75,0.78125
2562200,453.45524600866185,0.0,0.9375,0.828125
2562300,453.4789242686865,0.0,0.9375,0.890625
2562400,453.49142813936754,0.0,0.875,0.828125
2562500,453.51028662053994,0.0,0.8125,0.734375
2562600,453.5165040440834,0.0,0.8125,0.890625
2562700,453.5201446572462,0.0,0.75,0.828125
2562800,453.5228289780476,0.0,0.9375,0.78125
2562900,453.5644879341431,0.0,0.8125,0.78125
2563000,453.5728577619885,0.0,0.875,0.8125
2563100,453.592238984167,0.0,0.9375,0.875
2563200,453.60422301043735,0.0,0.875,0.796875
2563300,453.6095837386744,0.0,0.875,0.8125
2563400,453.6512430188578,0.0,0.75,0.796875
2563500,453.6799234998609,0.0,0.875,0.859375
2563600,453.68745332690787,0.0,0.8125,0.875
2563700,453.696742595262,0.0,0.75,0.84375
2563800,453.70740319346527,0.0,0.8125,0.796875
2563900,453.779401372892,0.0,1,0.78125
2564000,453.7880286209325,0.0,0.875,0.828125
2564100,453.80123751858963,0.0,0.875,0.796875
2564200,453.81125604412443,0.0,0.875,0.78125
2564300,453.8216205877589,0.0,0.875,0.9375
2564400,453.83527277193895,0.0,0.875,0.828125
2564500,453.8413640477601,0.0,0.875,0.828125
2564600,453.8885613921902,0.0,0.8125,0.921875
2564700,453.8932950666705,0.0,0.875,0.828125
2564800,453.89575513308455,0.0,0.8125,0.875
2564900,453.9020032370804,0.0,0.8125,0.75
2565000,453.90745012684846,0.0,0.875,0.859375
2565100,453.9100057172531,0.0,0.75,0.71875
2565200,453.91163435654846,0.0,0.9375,0.859375
2565300,453.9183454026406,0.0,0.75,0.859375
2565400,453.9719889489796,0.0,0.875,0.828125
2565500,453.9886470363897,0.0,0.8125,0.828125
2565600,453.99457568490885,0.0,1,0.8125
2565700,454.0064207612218,0.0,0.8125,0.875
2565800,454.0109588124091,0.0,0.8125,0.84375
2565900,454.01487974506864,0.0,0.8125,0.8125
2566000,454.01634101074217,0.0,1,0.84375
2566100,454.02108721430534,0.0,0.8125,0.796875
2566200,454.0579540483727,0.0,0.875,0.765625
2566300,454.0837897116843,0.0,0.875,0.859375
2566400,454.08793992792386,0.0,0.8125,0.734375
2566500,454.1145103794811,0.0,0.8125,0.8125
2566600,454.1495493702356,0.0,0.8125,0.875
2566700,454.1532921524482,0.0,0.9375,0.84375
2566800,454.16039397123393,0.0,0.8125,0.84375
2566900,454.16313399784775,0.0,0.9375,0.765625
2567000,454.1726882014437,0.0,0.75,0.890625
2567100,454.17649836518757,0.0,0.875,0.84375
2567200,454.17831804267536,0.0,0.8125,0.796875
2567300,454.18930738283547,0.0,0.8125,0.828125
2567400,454.1902920750764,0.0,0.8125,0.859375
2567500,454.2259699066724,0.0,0.875,0.796875
2567600,454.2395442563937,0.0,0.8125,0.828125
2567700,454.26154999690453,0.0,0.8125,0.828125
2567800,454.28984931050485,0.0,0.875,0.84375
2567900,454.29495401901903,0.0,0.875,0.8125
2568000,454.3096033540311,0.0,0.8125,0.75
2568100,454.3184574315956,0.0,0.6875,0.890625
2568200,454.3264233895131,0.0,0.8125,0.828125
2568300,454.3566246846345,0.0,0.9375,0.90625
2568400,454.36063768823095,0.0,0.75,0.828125
2568500,454.36198929719444,0.0,0.8125,0.796875
2568600,454.3671671075892,0.0,1,0.796875
2568700,454.3742680315515,0.0,0.9375,0.875
2568800,454.3772759735726,0.0,0.8125,0.78125
2568900,454.38191395688847,0.0,0.875,0.890625
2569000,454.3865392722203,0.0,0.875,0.875
2569100,454.3914747707918,0.0,0.75,0.828125
2569200,454.39534336909844,0.0,0.9375,0.890625
2569300,454.3978894229045,0.0,0.8125,0.875
2569400,454.3995612385127,0.0,0.8125,0.8125
2569500,454.40685799918685,0.0,0.8125,0.78125
2569600,454.4096032236039,0.0,0.875,0.78125
2569700,454.41724182485933,0.0,0.8125,0.828125
2569800,454.43084571398896,0.0,0.8125,0.875
2569900,454.44107627045156,0.0,0.875,0.859375
2570000,454.44332184644264,0.0,0.875,0.875
2570100,454.4489420108169,0.0,0.875,0.84375
2570200,454.4548999395242,0.0,0.875,0.78125
2570300,454.46082471205114,0.0,0.875,0.859375
2570400,454.4653163629207,0.0,0.9375,0.890625
2570500,454.48197765294896,0.0,0.875,0.875
2570600,454.491856068235,0.0,0.875,0.8125
2570700,454.5184380244765,0.0,0.9375,0.78125
2570800,454.5253976193147,0.0,0.875,0.921875
2570900,454.52882794837745,0.0,1,0.828125
2571000,454.54151261054733,0.0,0.75,0.765625
2571100,454.57353702293034,0.0,0.875,0.84375
2571200,454.5750452397411,0.0,0.9375,0.875
2571300,454.57667322978637,0.0,0.875,0.796875
2571400,454.5813565510759,0.0,0.8125,0.84375
2571500,454.5866514072078,0.0,0.875,0.8125
2571600,454.58915548149133,0.0,0.9375,0.828125
2571700,454.60897107769773,0.0,0.9375,0.890625
2571800,454.61451441892086,0.0,0.8125,0.734375
2571900,454.6209933311112,0.0,0.875,0.765625
2572000,454.6390444494071,0.0,0.8125,0.828125
2572100,454.6432841539081,0.0,0.9375,0.90625
2572200,454.6513113405253,0.0,0.875,0.84375
2572300,454.653025245502,0.0,0.875,0.828125
2572400,454.6768930089206,0.0,1,0.859375
2572500,454.6804213908452,0.0,0.9375,0.828125
2572600,454.68234694636965,0.0,0.75,0.875
2572700,454.6847451841051,0.0,0.875,0.828125
2572800,454.69054279010174,0.0,0.9375,0.890625
2572900,454.70105220632615,0.0,0.6875,0.84375
2573000,454.70351519569937,0.0,0.875,0.890625
2573100,454.71028731139586,0.0,0.875,0.90625
2573200,454.71900107785865,0.0,0.9375,0.859375
2573300,454.7246364108821,0.0,0.75,0.890625
2573400,454.7362196076369,0.0,0.875,0.90625
2573500,454.7384984326318,0.0,0.875,0.921875
2573600,454.7431734228773,0.0,0.8125,0.953125
2573700,454.7456932463683,0.0,0.9375,0.8125
2573800,454.7584863618119,0.0,0.875,0.859375
2573900,454.7621206748354,0.0,0.875,0.859375
2574000,454.78895867273656,0.0,0.875,0.875
2574100,454.798167715518,0.0,0.75,0.796875
2574200,454.81534618385126,0.0,0.875,0.84375
2574300,454.82071552449935,0.0,0.8125,0.828125
2574400,454.8425855904747,0.0,0.9375,0.828125
2574500,454.84506903464296,0.0,0.8125,0.796875
2574600,454.8466264777897,0.0,0.75,0.8125
2574700,454.87578389485304,0.0,0.875,0.859375
2574800,454.8802360433318,0.0,0.875,0.765625
2574900,454.88040013573425,0.0,0.875,0.84375
2575000,237.62765739294034,0.0,0.75,0.90625
2575100,237.7601223386019,0.0,1,0.796875
2575200,237.92016846755473,0.0,1,0.8125
2575300,238.19604802159418,0.0,0.875,0.8125
2575400,238.50199944240921,0.0,0.8125,0.828125
2575500,238.76104128908398,0.0,0.875,0.859375
2575600,238.92608295188256,0.0,0.875,0.875
2575700,239.06719145950765,0.0,0.8125,0.859375
2575800,239.4154731778933,0.0,0.875,0.8125
2575900,239.6383242864727,0.0,0.75,0.84375
2576000,239.81641530705357,0.0,0.9375,0.875
2576100,240.46155399581127,0.0,0.8125,0.828125
2576200,240.88221459870115,0.0,0.75,0.828125
2576300,241.97658965488648,0.0,0.875,0.828125
2576400,243.2170095455917,0.0,0.875,0.84375
2576500,245.2472070605264,0.0,0.8125,0.796875
2576600,247.8506314719531,0.0,0.8125,0.828125
2576700,249.92995197094805,0.0,0.8125,0.78125
2576800,257.1069578519673,0.0,0.875,0.84375
2576900,318.11036119796677,0.0,0.75,0.875
2577000,326.7716310272063,0.0,0.8125,0.703125
2577100,332.9396185183903,0.0,0.875,0.8125
2577200,334.5652519949418,0.0,0.9375,0.890625
2577300,336.5219916101738,0.0,0.9375,0.84375
2577400,337.7518186393761,0.0,0.75,0.921875
2577500,339.0029484676768,0.0,0.875,0.8125
2577600,339.48924410276396,0.0,0.875,0.859375
2577700,340.34246675730384,0.0,0.8125,0.8125
2577800,340.8892335053409,0.0,0.9375,0.90625
2577900,341.17389107069806,0.0,0.9375,0.84375
2578000,341.60755434525197,0.0,1,0.890625
2578100,341.91957888752734,0.0,1,0.828125
2578200,342.09834416163363,0.0,0.8125,0.859375
2578300,342.6562533673588,0.0,0.875,0.890625
2578400,343.01735644064433,0.0,0.8125,0.8125
2578500,343.582878976657,0.0,0.9375,0.828125
2578600,343.9732163018716,0.0,0.875,0.875
2578700,344.24401488836423,0.0,0.75,0.875
2578800,345.00947990823664,0.0,0.875,0.953125
2578900,345.7959777863208,0.0,0.9375,0.859375
2579000,348.4358054759448,0.0,0.8125,0.828125
2579100,356.37232617327584,0.0,0.75,0.796875
2579200,432.8093531180127,0.0,0.875,0.859375
2579300,437.70829062602326,0.0,0.875,0.890625
2579400,442.08697606673763,0.0,0.75,0.8125
2579500,444.14963282337266,0.0,0.875,0.8125
2579600,445.93122276498457,0.0,0.8125,0.859375
2579700,447.21549764942716,0.0,0.75,0.828125
2579800,448.11543144169485,0.0,0.75,0.875
2579900,448.912959736309,0.0,0.875,0.8125
2580000,449.2137511377676,0.0,0.9375,0.84375
2580100,449.79814753165465,0.0,0.875,0.875
2580200,450.2976522279125,0.0,0.75,0.921875
2580300,450.69472516092685,0.0,0.8125,0.828125
2580400,451.0230881820764,0.0,0.8125,0.828125
2580500,451.30264705230155,0.0,0.8125,0.890625
2580600,451.6683243200302,0.0,0.75,0.84375
2580700,451.8186539042598,0.0,0.6875,0.796875
2580800,451.9682264238711,0.0,0.8125,0.90625
2580900,452.1582129952107,0.0,0.9375,0.859375
2581000,452.36660949895827,0.0,0.9375,0.78125
2581100,452.54522029223233,0.0,0.8125,0.875
2581200,452.8085379227213,0.0,0.9375,0.859375
2581300,453.0179575685319,0.0,0.875,0.828125
2581400,453.22612629227854,0.0,0.875,0.828125
2581500,453.42232231310635,0.0,0.8125,0.859375
2581600,453.592501200802,0.0,0.875,0.890625
2581700,453.66887299926344,0.0,0.875,0.875
2581800,453.81006526491666,0.0,0.9375,0.859375
2581900,453.91824701033147,0.0,0.6875,0.828125
2582000,454.0505295618428,0.0,0.8125,0.890625
2582100,454.1392383326436,0.0,0.875,0.828125
2582200,454.2283396874021,0.0,0.875,0.828125
2582300,454.3249342399156,0.0,0.75,0.890625
2582400,454.45176897100663,0.0,0.875,0.75
2582500,454.5684856073871,0.0,0.8125,0.796875
2582600,454.67961421759173,0.0,0.875,0.859375
2582700,454.76645332236075,0.0,0.875,0.796875
2582800,454.8538527197298,0.0,0.875,0.90625
2582900,454.9324062801259,0.0,0.9375,0.9375
2583000,455.02145718483285,0.0,0.875,0.84375
2583100,455.0816693736384,0.0,0.9375,0.75
2583200,455.1321834042679,0.0,0.9375,0.859375
2583300,455.1893392628011,0.0,0.9375,0.8125
2583400,455.20992755888153,0.0,0.9375,0.8125
2583500,455.30102342459594,0.0,0.875,0.796875
2583600,455.3072102992195,0.0,0.875,0.953125
2583700,455.37746231550443,0.0,0.8125,0.875
2583800,455.4093155755393,0.0,0.875,0.828125
2583900,455.4235209938314,0.0,1,0.875
2584000,455.44997250933267,0.0,0.9375,0.8125
2584100,455.48004871575324,0.0,0.6875,0.828125
2584200,455.50728542219,0.0,0.875,0.8125
2584300,455.53717909825764,0.0,0.9375,0.921875
2584400,455.5455011764602,0.0,0.6875,0.859375
2584500,455.5673068580993,0.0,0.875,0.8125
2584600,455.6134488276085,0.0,0.8125,0.890625
2584700,455.63305091010983,0.0,0.875,0.84375
2584800,455.64987777416707,0.0,0.875,0.828125
2584900,455.6559397650658,0.0,0.9375,0.8125
2585000,455.696655492736,0.0,0.8125,0.84375
2585100,455.725875127518,0.0,0.875,0.875
2585200,455.73373051516376,0.0,0.75,0.84375
2585300,455.7619326434774,0.0,0.875,0.890625
2585400,455.77600497715093,0.0,0.8125,0.890625
2585500,455.79830939953933,0.0,0.8125,0.859375
2585600,455.81990575227326,0.0,0.75,0.828125
2585700,455.84710122679166,0.0,0.8125,0.84375
2585800,455.8812536805465,0.0,0.8125,0.796875
2585900,455.8891092934573,0.0,0.875,0.921875
2586000,455.9121733651476,0.0,0.75,0.875
2586100,455.93000301108407,0.0,0.75,0.90625
2586200,455.9439088058885,0.0,0.9375,0.890625
2586300,455.9625115026392,0.0,0.6875,0.8125
2586400,455.96919531408895,0.0,0.8125,0.875
2586500,455.9811127221206,0.0,0.75,0.75
2586600,455.9916018535436,0.0,0.875,0.828125
2586700,456.0070995200096,0.0,0.8125,0.796875
2586800,456.0088751962685,0.0,1,0.796875
2586900,456.0116704641496,0.0,0.8125,0.890625
2587000,456.0163966254661,0.0,0.9375,0.859375
2587100,456.0176328571574,0.0,0.8125,0.84375
2587200,456.01978377425826,0.0,0.8125,0.828125
2587300,456.03358209444207,0.0,0.875,0.8125
2587400,456.0372258269344,0.0,0.875,0.84375
2587500,456.04064380610305,0.0,0.875,0.8125
2587600,456.04447239464173,0.0,0.9375,0.78125
2587700,456.0455746202484,0.0,0.8125,0.921875
2587800,456.0479083606169,0.0,0.9375,0.859375
2587900,456.050252701923,0.0,0.8125,0.828125
2588000,456.0523770864389,0.0,0.9375,0.75
2588100,456.0546423312801,0.0,1,0.875
2588200,456.0564605481312,0.0,0.875,0.875
2588300,456.05753775754397,0.0,0.875,0.8125
2588400,456.0597130164632,0.0,0.625,0.859375
2588500,456.06034399497213,0.0,0.875,0.78125
2588600,456.06510431521116,0.0,0.75,0.859375
2588700,456.0658528599431,0.0,0.875,0.859375
2588800,456.06725824143035,0.0,0.9375,0.84375
2588900,456.0680465215113,0.0,0.875,0.78125
2589000,456.0696791932073,0.0,0.875,0.84375
2589100,456.07022861029276,0.0,0.875,0.8125
2589200,456.0717855871391,0.0,0.9375,0.8125
2589300,456.0725065186699,0.0,0.875,0.734375
2589400,456.07787564379197,0.0,0.9375,0.828125
2589500,456.07976253387994,0.0,0.9375,0.921875
2589600,456.08232953453734,0.0,0.9375,0.734375
2589700,456.08384249810695,0.0,0.9375,0.78125
2589800,456.08711457450994,0.0,0.875,0.875
2589900,456.0884417427888,0.0,1,0.875
2590000,456.08963772594484,0.0,0.8125,0.9375
2590100,456.09007031646024,0.0,0.6875,0.890625
2590200,456.0908849255623,0.0,0.875,0.765625
2590300,456.09329580739916,0.0,0.875,0.75
2590400,456.0938032487164,0.0,0.75,0.890625
2590500,456.09645255095245,0.0,1,0.921875
2590600,456.09785795635594,0.0,0.875,0.84375
2590700,456.097987388112,0.0,0.75,0.828125
2590800,456.09952346611055,0.0,1,0.875
2590900,456.10186446649584,0.0,0.75,0.8125
2591000,456.1031774371125,0.0,1,0.859375
2591100,456.1063699348954,0.0,0.875,0.8125
2591200,456.1133334532571,0.0,0.75,0.84375
2591300,456.1152931281485,0.0,0.9375,0.859375
2591400,456.11605685325213,0.0,0.9375,0.828125
2591500,456.1184975848935,0.0,1,0.75
2591600,456.12139006359024,0.0,1,0.828125
2591700,456.12416202292434,0.0,0.875,0.859375
2591800,456.12592978941063,0.0,0.8125,0.84375
2591900,456.12832458652446,0.0,0.8125,0.859375
2592000,456.1304703632767,0.0,0.9375,0.875
2592100,456.1320944637022,0.0,0.75,0.828125
2592200,456.1346831650662,0.0,0.875,0.921875
2592300,456.13514548745485,0.0,0.6875,0.84375
2592400,456.1358786441868,0.0,0.875,0.796875
2592500,456.1383954172368,0.0,0.75,0.8125
2592600,456.14099350214605,0.0,0.875,0.890625
2592700,456.14292376013105,0.0,0.875,0.859375
2592800,456.1443196471785,0.0,0.875,0.921875
2592900,456.14598865251327,0.0,1,0.859375
2593000,456.147740018581,0.0,0.75,0.90625
2593100,456.14999177619416,0.0,0.8125,0.875
2593200,456.15067735009245,0.0,0.875,0.84375
2593300,456.15285401728113,0.0,0.75,0.875
2593400,456.15473067576215,0.0,1,0.890625
2593500,456.1567830477006,0.0,0.875,0.84375
2593600,456.15935165406694,0.0,0.875,0.890625
2593700,456.16093779894493,0.0,0.8125,0.875
2593800,456.16366985170544,0.0,0.8125,0.859375
2593900,456.1656772406858,0.0,0.75,0.75
2594000,456.16823306262535,0.0,0.8125,0.84375
2594100,456.1698226834739,0.0,0.875,0.875
2594200,456.17187697569227,0.0,0.75,0.828125
2594300,456.1741571863479,0.0,0.875,0.84375
2594400,456.17799800286036,0.0,0.9375,0.921875
2594500,456.17950313563324,0.0,0.8125,0.859375
2594600,456.18080582272717,0.0,0.8125,0.890625
2594700,456.1816684144609,0.0,0.9375,0.859375
2594800,456.18265333594564,0.0,0.8125,0.84375
2594900,456.1866355932898,0.0,0.75,0.859375
2595000,456.18714346218485,0.0,0.8125,0.828125
2595100,456.18805266936045,0.0,0.9375,0.828125
2595200,456.1894272984757,0.0,0.875,0.84375
2595300,456.1908443125491,0.0,0.875,0.828125
2595400,456.19234712882144,0.0,0.75,0.75
2595500,456.19332995267973,0.0,0.8125,0.828125
2595600,456.1942682690386,0.0,0.9375,0.84375
2595700,456.19573854187155,0.0,0.9375,0.765625
2595800,456.19766082736527,0.0,0.875,0.765625
2595900,456.2002284660402,0.0,0.9375,0.8125
2596000,456.2044916152797,0.0,0.9375,0.859375
2596100,456.205438194169,0.0,0.875,0.859375
2596200,456.207797493557,0.0,0.9375,0.828125
2596300,456.2091945158695,0.0,0.8125,0.84375
2596400,456.2108573387438,0.0,1,0.796875
2596500,456.2142236886865,0.0,0.8125,0.828125
2596600,456.2158283511591,0.0,0.875,0.828125
2596700,456.2176177909282,0.0,0.9375,0.78125
2596800,456.2195620778376,0.0,0.9375,0.875
2596900,456.22163235038886,0.0,0.8125,0.859375
2597000,456.2239929591804,0.0,0.8125,0.8125
2597100,456.224812463758,0.0,0.875,0.859375
2597200,456.2276186764842,0.0,0.75,0.828125
2597300,456.22943917815576,0.0,0.9375,0.75
2597400,456.23071927167587,0.0,1,0.78125
2597500,456.23273154398885,0.0,0.9375,0.828125
2597600,456.2351971353343,0.0,0.875,0.703125
2597700,456.236573422112,0.0,0.875,0.75
2597800,456.23818995799127,0.0,0.875,0.828125
2597900,456.24055080130046,0.0,0.75,0.90625
2598000,456.24122665243146,0.0,0.75,0.875
2598100,456.2426632919567,0.0,0.75,0.859375
2598200,456.2445296670916,0.0,0.8125,0.796875
2598300,456.2454796887762,0.0,0.75,0.71875
2598400,456.247718889474,0.0,0.75,0.796875
2598500,456.24821626066836,0.0,0.9375,0.84375
2598600,456.25050499466664,0.0,0.875,0.828125
2598700,456.25242725194806,0.0,0.6875,0.859375
2598800,456.2535602532034,0.0,0.75,0.75
2598900,456.25486066481284,0.0,0.9375,0.84375
2599000,456.25572189637614,0.0,0.875,0.828125
2599100,456.25682547759334,0.0,0.875,0.859375
2599200,456.25799586327054,0.0,0.875,0.84375
2599300,456.25890558746875,0.0,0.8125,0.875
2599400,456.2625888640908,0.0,0.875,0.90625
2599500,456.2651596144452,0.0,0.9375,0.90625
2599600,456.2663945608146,0.0,0.8125,0.84375
2599700,456.2680252327082,0.0,0.9375,0.859375
2599800,456.26859871367367,0.0,0.875,0.875
2599900,456.2703577808545,0.0,0.75,0.875
2600000,311.3191738624105,0.0,0.9375,0.875
2600100,324.0090153768922,0.0,0.875,0.84375
2600200,327.4121431564926,0.0,0.8125,0.890625
2600300,329.5631627161554,0.0,0.875,0.828125
2600400,331.3544758295122,0.0,0.8125,0.890625
2600500,333.22546722490165,0.0,0.875,0.875
2600600,334.58532395630294,0.0,0.875,0.796875
2600700,335.8161603274617,0.0,0.875,0.90625
2600800,336.99567641842066,0.0,0.9375,0.8125
2600900,338.26162754457505,0.0,0.8125,0.84375
2601000,339.8381250120189,0.0,0.875,0.796875
2601100,341.50802131016457,0.0,0.8125,0.796875
2601200,343.1624462700252,0.0,0.875,0.875
2601300,344.86404448025195,0.0,0.8125,0.859375
2601400,420.6478177471786,0.0,0.875,0.859375
2601500,430.42618062492573,0.0,0.875,0.765625
2601600,432.2600067055138,0.0,0.9375,0.828125
2601700,433.48957828806374,0.0,0.9375,0.8125
2601800,435.0173346805376,0.0,0.9375,0.875
2601900,435.9913760187015,0.0,0.9375,0.921875
2602000,436.733433551962,0.0,0.875,0.859375
2602100,437.699130409868,0.0,0.875,0.8125
2602200,438.5128119577927,0.0,1,0.8125
2602300,439.2196490412863,0.0,0.8125,0.828125
2602400,439.7310729383546,0.0,0.8125,0.890625
2602500,440.2119395820558,0.0,0.875,0.84375
2602600,440.85982554378063,0.0,0.8125,0.765625
2602700,441.33337418399344,0.0,0.8125,0.875
2602800,441.7384428399873,0.0,0.8125,0.765625
2602900,442.17952296435726,0.0,0.875,0.859375
2603000,442.66525556961074,0.0,0.9375,0.84375
2603100,443.0031837465118,0.0,0.8125,0.859375
2603200,443.40918886183783,0.0,0.8125,0.890625
2603300,443.67773096048285,0.0,0.875,0.859375
2603400,444.0861429549922,0.0,0.875,0.875
2603500,444.3443739164126,0.0,0.9375,0.8125
2603600,444.5642700593148,0.0,0.875,0.84375
2603700,444.88736380500876,0.0,0.6875,0.859375
2603800,445.172723677759,0.0,0.9375,0.890625
2603900,445.55594399523807,0.0,0.8125,0.796875
2604000,445.92966342452524,0.0,0.8125,0.875
2604100,446.23807557678515,0.0,0.8125,0.84375
2604200,446.5178819985581,0.0,0.875,0.890625
2604300,446.88120032529025,0.0,0.8125,0.734375
2604400,447.1007670377863,0.0,0.75,0.875
2604500,447.2075831904512,0.0,0.75,0.796875
2604600,447.3190513622926,0.0,0.75,0.796875
2604700,447.68368786785925,0.0,0.875,0.859375
2604800,447.8790262997903,0.0,0.875,0.875
2604900,448.07133458605364,0.0,0.9375,0.8125
2605000,448.2390837702402,0.0,0.875,0.84375
2605100,448.3180905932407,0.0,0.6875,0.8125
2605200,448.4287573333001,0.0,0.8125,0.875
2605300,448.57809847558724,0.0,0.75,0.84375
2605400,448.7355989053748,0.0,0.9375,0.875
2605500,448.87603223260004,0.0,0.9375,0.859375
2605600,449.0813249505497,0.0,0.9375,0.875
2605700,449.2541474612618,0.0,0.75,0.90625
2605800,449.3431621711828,0.0,0.9375,0.890625
2605900,449.41614309187025,0.0,0.875,0.875
2606000,449.5424248562515,0.0,0.9375,0.90625
2606100,449.66416867538703,0.0,0.9375,0.859375
2606200,449.74495379690615,0.0,0.75,0.828125
2606300,449.82133834081145,0.0,0.9375,0.84375
2606400,449.92935879645574,0.0,0.8125,0.84375
2606500,450.06623900502507,0.0,0.75,0.859375
2606600,450.09476804905245,0.0,0.8125,0.765625
2606700,450.2257656409806,0.0,0.9375,0.890625
2606800,450.3582494090821,0.0,0.9375,0.828125
2606900,450.4374276886992,0.0,0.875,0.796875
2607000,450.480500755969,0.0,0.8125,0.875
2607100,450.51970403611466,0.0,0.9375,0.828125
2607200,450.67127215633184,0.0,1,0.84375
2607300,450.7276987284412,0.0,0.875,0.84375
2607400,450.75691892889415,0.0,1,0.84375
2607500,450.8341632187188,0.0,0.8125,0.90625
2607600,450.9612242059911,0.0,0.9375,0.9375
2607700,450.99031801974206,0.0,0.9375,0.84375
2607800,451.04963499016617,0.0,0.6875,0.875
2607900,451.1063387983213,0.0,0.8125,0.890625
2608000,451.21010636513853,0.0,0.75,0.796875
2608100,451.23256190378385,0.0,0.875,0.84375
2608200,451.2606682603006,0.0,0.9375,0.8125
2608300,451.28530953444044,0.0,0.875,0.796875
2608400,451.3086691541995,0.0,0.875,0.859375
2608500,451.3406331544933,0.0,0.9375,0.84375
2608600,451.3945805122997,0.0,0.75,0.875
2608700,451.49519803558127,0.0,0.9375,0.796875
2608800,451.57647106463526,0.0,0.9375,0.828125
2608900,451.61647345104876,0.0,0.8125,0.875
2609000,451.6855325508774,0.0,0.9375,0.8125
2609100,451.70284497521675,0.0,0.875,0.75
2609200,451.72031999660845,0.0,0.8125,0.828125
2609300,451.73362495147046,0.0,0.875,0.875
2609400,451.77392900077757,0.0,0.875,0.890625
2609500,451.8047207180669,0.0,0.875,0.890625
2609600,451.83568532495144,0.0,0.875,0.875
2609700,451.8661434931612,0.0,0.875,0.90625
2609800,451.9315824761695,0.0,0.8125,0.828125
2609900,451.936458049954,0.0,0.875,0.796875
2610000,451.94371550484465,0.0,0.75,0.8125
2610100,451.95597174240606,0.0,0.8125,0.890625
2610200,451.9595686172898,0.0,0.75,0.828125
2610300,452.03972169194935,0.0,0.75,0.828125
2610400,452.0916376147371,0.0,0.875,0.859375
2610500,452.10594968478057,0.0,0.875,0.859375
2610600,452.1104613218779,0.0,0.75,0.8125
2610700,452.1163891013494,0.0,0.875,0.921875
2610800,452.12433157548526,0.0,0.6875,0.796875
2610900,452.1278984972851,0.0,0.8125,0.875
2611000,452.13289283303345,0.0,0.875,0.859375
2611100,452.1828796453149,0.0,0.875,0.765625
2611200,452.18829173527973,0.0,0.9375,0.828125
2611300,452.1918101602155,0.0,0.875,0.78125
2611400,452.20028653577896,0.0,0.9375,0.890625
2611500,452.2015066079748,0.0,0.75,0.828125
2611600,452.26588313429744,0.0,0.875,0.84375
2611700,452.2860600455058,0.0,0.8125,0.796875
2611800,452.2927931706646,0.0,0.8125,0.796875
2611900,452.29828035378773,0.0,1,0.859375
2612000,452.300216318649,0.0,0.75,0.734375
2612100,452.30807036433583,0.0,0.8125,0.890625
2612200,452.31181013465016,0.0,0.8125,0.875
2612300,452.31764064665515,0.0,0.9375,0.953125
2612400,452.33985580174,0.0,0.9375,0.859375
2612500,452.3472593097873,0.0,0.9375,0.796875
2612600,452.4197071975431,0.0,0.75,0.828125
2612700,452.42487934856166,0.0,0.875,0.890625
2612800,452.4744877061319,0.0,0.875,0.828125
2612900,452.49231198765517,0.0,0.8125,0.890625
2613000,452.4929627395474,0.0,0.875,0.953125
2613100,452.49968172000877,0.0,0.875,0.890625
2613200,452.565443028363,0.0,0.875,0.890625
2613300,452.5721999271312,0.0,0.875,0.765625
2613400,452.57672404832175,0.0,0.9375,0.875
2613500,452.586533044618,0.0,0.875,0.875
2613600,452.58943626429755,0.0,0.9375,0.828125
2613700,452.6113643880155,0.0,0.8125,0.90625
2613800,452.6175048397832,0.0,0.75,0.90625
2613900,452.63133194323024,0.0,0.8125,0.8125
2614000,452.63895962191094,0.0,0.9375,0.859375
2614100,452.66375884874475,0.0,0.8125,0.859375
2614200,452.6802691198521,0.0,0.9375,0.90625
2614300,452.69204169705927,0.0,0.875,0.84375
2614400,452.6985228555333,0.0,0.9375,0.828125
2614500,452.73173622999946,0.0,0.9375,0.890625
2614600,452.7457600191833,0.0,0.8125,0.875
2614700,452.75169977090167,0.0,0.75,0.875
2614800,452.7659582097075,0.0,0.75,0.828125
2614900,452.76998656641985,0.0,0.8125,0.859375
2615000,452.7754947588465,0.0,0.9375,0.890625
2615100,452.797804911415,0.0,0.875,0.8125
2615200,452.851299605813,0.0,0.6875,0.84375
2615300,452.8551923857562,0.0,0.8125,0.8125
2615400,452.8633508074494,0.0,0.9375,0.8125
2615500,452.86557878509177,0.0,1,0.875
2615600,452.8679253468189,0.0,0.875,0.890625
2615700,452.8995000867188,0.0,0.875,0.859375
2615800,452.9054674450148,0.0,0.75,0.75
2615900,452.95369227171057,0.0,0.9375,0.875
2616000,452.95612712103565,0.0,0.875,0.921875
2616100,452.9634442738991,0.0,0.8125,0.921875
2616200,452.9667173637139,0.0,1,0.875
2616300,452.9677092422337,0.0,0.8125,0.796875
2616400,452.97248117512316,0.0,0.75,0.796875
2616500,453.0075524076534,0.0,0.9375,0.859375
2616600,453.02976408833445,0.0,0.8125,0.875
2616700,453.03760868403987,0.0,0.9375,0.890625
2616800,453.0384037498678,0.0,0.9375,0.828125
2616900,453.05540945281115,0.0,0.9375,0.875
2617000,453.1241534038049,0.0,0.9375,0.84375
2617100,453.1298716264003,0.0,0.75,0.921875
2617200,453.1344673042407,0.0,0.875,0.734375
2617300,453.177026454459,0.0,0.9375,0.875
2617400,453.23096085195715,0.0,0.9375,0.75
2617500,453.2649821119738,0.0,0.8125,0.84375
2617600,453.272858179748,0.0,0.75,0.859375
2617700,453.27440716230757,0.0,0.9375,0.90625
2617800,453.27583677966584,0.0,0.8125,0.765625
2617900,453.3287737254698,0.0,0.875,0.875
2618000,453.34713602791385,0.0,1,0.828125
2618100,453.3493154133934,0.0,0.8125,0.84375
2618200,453.35154730380026,0.0,0.9375,0.84375
2618300,453.35794039011347,0.0,0.8125,0.84375
2618400,453.36248075665924,0.0,0.9375,0.828125
2618500,453.37180866080047,0.0,0.875,0.828125
2618600,453.3894292863262,0.0,1,0.8125
2618700,453.41588165814244,0.0,0.875,0.796875
2618800,453.42148309736837,0.0,0.8125,0.890625
2618900,453.4318983654005,0.0,1,0.78125
2619000,453.44376933453464,0.0,0.8125,0.859375
2619100,453.4976875389106,0.0,1,0.828125
2619200,453.5320685790626,0.0,0.8125,0.875
2619300,453.57527007833096,0.0,0.875,0.875
2619400,453.5857096793487,0.0,0.9375,0.84375
2619500,453.6015073963819,0.0,0.9375,0.90625
2619600,453.6047213240595,0.0,0.9375,0.921875
2619700,453.60850221901376,0.0,0.875,0.90625
2619800,453.6108914689482,0.0,0.875,0.859375
2619900,453.72918235597376,0.0,0.875,0.8125
2620000,453.7338010487261,0.0,0.8125,0.859375
2620100,453.82285616807513,0.0,0.9375,0.84375
2620200,453.82745532774345,0.0,0.8125,0.859375
2620300,453.87498228766225,0.0,0.875,0.828125
2620400,453.882800686594,0.0,0.9375,0.84375
2620500,453.8880488797973,0.0,0.9375,0.859375
2620600,453.8887073898897,0.0,0.9375,0.859375
2620700,453.9043289120069,0.0,0.9375,0.859375
2620800,453.94654506500007,0.0,0.8125,0.8125
2620900,453.9824283746661,0.0,0.8125,0.90625
2621000,453.9836438097378,0.0,0.875,0.828125
2621100,453.98593238846314,0.0,1,0.765625
2621200,454.00379975749695,0.0,1,0.921875
2621300,454.00737030734837,0.0,0.875,0.796875
2621400,454.0143889938021,0.0,0.8125,0.828125
2621500,454.0369099481151,0.0,0.875,0.828125
2621600,454.07526654706624,0.0,0.9375,0.828125
2621700,454.0897214422935,0.0,0.9375,0.8125
2621800,454.09454206009985,0.0,0.8125,0.859375
2621900,454.1050564413749,0.0,0.875,0.78125
2622000,454.1454774657497,0.0,0.875,0.796875
2622100,454.1493917286798,0.0,0.9375,0.84375
2622200,454.16263976853486,0.0,0.9375,0.875
2622300,454.1642555813569,0.0,0.8125,0.890625
2622400,454.1714498967787,0.0,0.875,0.84375
2622500,454.17917032822004,0.0,0.8125,0.8125
2622600,454.18170316887625,0.0,0.9375,0.796875
2622700,454.1920935037229,0.0,0.875,0.859375
2622800,454.2041820434601,0.0,0.9375,0.90625
2622900,454.2067383039207,0.0,0.8125,0.796875
2623000,454.21204179961006,0.0,0.9375,0.8125
2623100,454.2188252843389,0.0,0.9375,0.859375
2623200,454.22193624376223,0.0,0.9375,0.8125
2623300,454.2314830979565,0.0,0.875,0.84375
2623400,454.2385612182226,0.0,0.9375,0.890625
2623500,454.2394798250583,0.0,0.875,0.796875
2623600,454.2417687922081,0.0,0.875,0.90625
2623700,454.24830045012766,0.0,0.9375,0.8125
2623800,454.27996926340165,0.0,0.8125,0.90625
2623900,454.2837411503034,0.0,0.8125,0.84375
2624000,454.3248183039885,0.0,1,0.8125
2624100,454.3267122351168,0.0,1,0.859375
2624200,454.32849835835714,0.0,0.875,0.859375
2624300,454.33282995995154,0.0,0.75,0.828125
2624400,454.33664429232994,0.0,0.9375,0.8125
2624500,454.34191551750246,0.0,0.875,0.859375
2624600,454.3476472102562,0.0,0.875,0.890625
2624700,454.35587449248806,0.0,0.9375,0.859375
2624800,454.35919305565324,0.0,0.9375,0.90625
2624900,454.3622629339406,0.0,0.875,0.84375
2625000,305.94327414547,0.0,0.8125,0.84375
2625100,319.0883767671568,0.0,0.9375,0.921875
2625200,324.0239975227053,0.0,0.8125,0.828125
2625300,327.32387308310496,0.0,0.8125,0.828125
2625400,329.5420219225515,0.0,0.8125,0.875
2625500,331.3455223927338,0.0,0.9375,0.84375
2625600,333.272997235204,0.0,0.875,0.84375
2625700,334.6767694491685,0.0,0.875,0.875
2625800,335.9893693501906,0.0,0.875,0.890625
2625900,337.0302728092622,0.0,0.875,0.84375
2626000,337.77851368916606,0.0,0.875,0.890625
2626100,338.6561417316536,0.0,0.9375,0.8125
2626200,339.7527866882063,0.0,0.875,0.890625
2626300,340.3992944650282,0.0,0.9375,0.84375
2626400,341.06970312214145,0.0,0.875,0.90625
2626500,342.14867082763897,0.0,0.8125,0.875
2626600,343.4756936218228,0.0,0.875,0.8125
2626700,345.94708140753175,0.0,0.9375,0.796875
2626800,360.2566874298805,0.0,0.9375,0.90625
2626900,425.37494166950364,0.0,1,0.828125
2627000,438.09766622258076,0.0,0.75,0.875
2627100,440.370638445014,0.0,0.875,0.84375
2627200,441.72241812165703,0.0,0.9375,0.921875
2627300,442.21776436400046,0.0,0.875,0.859375
2627400,442.8604619696391,0.0,0.9375,0.84375
2627500,443.52566950984647,0.0,0.875,0.8125
2627600,444.0763820775953,0.0,1,0.90625
2627700,444.7153043650913,0.0,1,0.953125
2627800,445.09538693580174,0.0,0.9375,0.828125
2627900,445.5483627336237,0.0,0.9375,0.90625
2628000,445.89027969817244,0.0,0.8125,0.90625
2628100,446.2371203841074,0.0,0.9375,0.78125
2628200,446.5466115908212,0.0,0.9375,0.90625
2628300,446.9521707126889,0.0,0.8125,0.953125
2628400,447.308276536019,0.0,0.875,0.859375
2628500,447.59293421034835,0.0,0.9375,0.875
2628600,448.1296007942833,0.0,0.75,0.921875
2628700,448.27006452399485,0.0,0.8125,0.796875
2628800,448.4259336380823,0.0,0.875,0.828125
2628900,448.6699669522096,0.0,0.8125,0.78125
2629000,448.9098810935082,0.0,0.875,0.90625
2629100,449.0711883994228,0.0,0.9375,0.796875
2629200,449.35188735958025,0.0,0.75,0.8125
2629300,449.5704172035709,0.0,0.9375,0.828125
2629400,449.7915740451224,0.0,0.9375,0.875
2629500,449.94420353747745,0.0,0.9375,0.921875
2629600,450.0908497228156,0.0,1,0.890625
2629700,450.2620983257766,0.0,0.875,0.875
2629800,450.54744064580046,0.0,0.75,0.78125
2629900,450.6630358037886,0.0,0.875,0.8125
2630000,450.8237239065825,0.0,0.875,0.875
2630100,450.9140264682772,0.0,0.9375,0.90625
2630200,451.10490776354476,0.0,0.875,0.765625
2630300,451.21308700785215,0.0,1,0.796875
2630400,451.48712185407214,0.0,0.8125,0.765625
2630500,451.64531436533326,0.0,0.9375,0.828125
2630600,451.7300114185176,0.0,0.9375,0.8125
2630700,451.823836131324,0.0,0.9375,0.84375
2630800,451.9207933099628,0.0,0.9375,0.875
2630900,452.1050333353707,0.0,0.875,0.890625
2631000,452.24615295770616,0.0,0.9375,0.859375
2631100,452.4245510778705,0.0,0.9375,0.84375
2631200,452.55355856215317,0.0,0.9375,0.859375
2631300,452.63655579391104,0.0,0.875,0.828125
2631400,452.76884529604496,0.0,0.9375,0.875
2631500,452.891607678275,0.0,1,0.828125
2631600,453.05277289864586,0.0,0.8125,0.828125
2631700,453.1267125249002,0.0,0.9375,0.859375
2631800,453.2005523024118,0.0,0.875,0.78125
2631900,453.2661347735531,0.0,0.9375,0.84375
2632000,453.32854045609037,0.0,0.875,0.890625
2632100,453.47114577485,0.0,1,0.875
2632200,453.59730523761715,0.0,0.875,0.84375
2632300,453.69364106149504,0.0,0.875,0.90625
2632400,453.7631253809869,0.0,0.875,0.8125
2632500,453.8326669348204,0.0,0.8125,0.84375
2632600,453.9023341450417,0.0,0.875,0.84375
2632700,453.9470954953068,0.0,0.9375,0.859375
2632800,454.0473101342571,0.0,0.9375,0.84375
2632900,454.10714566525263,0.0,0.9375,0.84375
2633000,454.24137780804324,0.0,0.8125,0.78125
2633100,454.3317043809246,0.0,1,0.796875
2633200,454.3916568360801,0.0,0.9375,0.84375
2633300,454.4601540467329,0.0,0.9375,0.890625
2633400,454.54564293461476,0.0,0.9375,0.84375
2633500,454.5932014007364,0.0,0.875,0.84375
2633600,454.6755361940185,0.0,0.9375,0.875
2633700,454.74018737157553,0.0,0.8125,0.78125
2633800,454.81535586412036,0.0,0.9375,0.796875
2633900,454.89105854529635,0.0,0.9375,0.890625
2634000,454.97031542239114,0.0,0.75,0.859375
2634100,455.0318996029294,0.0,0.875,0.859375
2634200,455.1114514928754,0.0,0.875,0.84375
2634300,455.140910842073,0.0,0.9375,0.90625
2634400,455.1985154754506,0.0,0.875,0.84375
2634500,455.2182772447048,0.0,0.9375,0.828125
2634600,455.23608889356683,0.0,0.8125,0.84375
2634700,455.2837298425906,0.0,0.9375,0.8125
2634800,455.2995185294542,0.0,0.875,0.8125
2634900,455.3069322984074,0.0,0.9375,0.859375
2635000,455.3139454887947,0.0,1,0.8125
2635100,455.3235935434138,0.0,0.8125,0.75
2635200,455.36437074817536,0.0,0.875,0.875
2635300,455.3860205975342,0.0,0.9375,0.890625
2635400,455.4046730248169,0.0,0.875,0.859375
2635500,455.42150732172024,0.0,0.9375,0.890625
2635600,455.44088353160106,0.0,0.875,0.828125
2635700,455.443811511715,0.0,0.875,0.828125
2635800,455.44625180224716,0.0,0.9375,0.84375
2635900,455.45234824398455,0.0,0.9375,0.953125
2636000,455.4557684918795,0.0,0.875,0.859375
2636100,455.47530773799826,0.0,0.8125,0.828125
2636200,455.4871950333722,0.0,0.9375,0.859375
2636300,455.4937015264281,0.0,0.75,0.890625
2636400,455.500199456915,0.0,0.9375,0.875
2636500,455.5033417555513,0.0,1,0.796875
2636600,455.504853586781,0.0,0.8125,0.859375
2636700,455.51466167591525,0.0,0.9375,0.859375
2636800,455.51711544896284,0.0,0.875,0.859375
2636900,455.51921399767633,0.0,0.875,0.890625
2637000,455.52427815625674,0.0,1,0.859375
2637100,455.5306662599729,0.0,0.9375,0.796875
2637200,455.5335878421799,0.0,0.875,0.875
2637300,455.54199912041736,0.0,1,0.84375
2637400,455.55866542055793,0.0,0.9375,0.796875
2637500,455.5632858023737,0.0,0.875,0.90625
2637600,455.5637012033222,0.0,1,0.828125
2637700,455.56771120056936,0.0,0.875,0.8125
2637800,455.57132702055134,0.0,0.9375,0.890625
2637900,455.57663993259786,0.0,0.875,0.90625
2638000,455.5791862287106,0.0,1,0.828125
2638100,455.5843365693093,0.0,0.8125,0.828125
2638200,455.58789572452736,0.0,0.8125,0.890625
2638300,455.58909684425043,0.0,1,0.859375
2638400,455.5925688979072,0.0,0.9375,0.78125
2638500,455.5982815479981,0.0,1,0.828125
2638600,455.6011642264677,0.0,0.875,0.96875
2638700,455.601834313912,0.0,0.9375,0.890625
2638800,455.6058902453469,0.0,0.8125,0.875
2638900,455.60751617680387,0.0,0.8125,0.875
2639000,455.61063695341323,0.0,0.875,0.8125
2639100,455.6127103232576,0.0,0.9375,0.875
2639200,455.61504467166105,0.0,0.875,0.828125
2639300,455.6159946442217,0.0,0.875,0.84375
2639400,455.6196310788615,0.0,0.6875,0.8125
2639500,455.62262739215566,0.0,0.9375,0.921875
2639600,455.6281030741441,0.0,0.9375,0.8125
2639700,455.6332245961502,0.0,0.9375,0.765625
2639800,455.63721281491775,0.0,0.875,0.859375
2639900,455.63977853911035,0.0,0.875,0.84375
2640000,455.6442580276596,0.0,0.875,0.859375
2640100,455.6479656330489,0.0,0.9375,0.828125
2640200,455.6515470822517,0.0,0.9375,0.84375
2640300,455.65250383121247,0.0,0.9375,0.8125
2640400,455.65347404674276,0.0,0.875,0.84375
2640500,455.65583850387173,0.0,0.9375,0.84375
2640600,455.6576395325647,0.0,1,0.890625
2640700,455.66095963414847,0.0,0.875,0.828125
2640800,455.66378128356223,0.0,0.875,0.828125
2640900,455.6693528734416,0.0,0.9375,0.90625
2641000,455.6721366406501,0.0,0.8125,0.875
2641100,455.6756014518022,0.0,0.8125,0.75
2641200,455.67779899639646,0.0,0.9375,0.875
2641300,455.68056923931374,0.0,0.875,0.8125
2641400,455.68216413624583,0.0,0.875,0.84375
2641500,455.68583317765297,0.0,1,0.796875
2641600,455.6887102711761,0.0,0.8125,0.90625
2641700,455.695114929316,0.0,0.875,0.84375
2641800,455.69619057001205,0.0,1,0.828125
2641900,455.70097748601967,0.0,1,0.859375
2642000,455.7049108684839,0.0,0.8125,0.75
2642100,455.7094645734652,0.0,0.9375,0.90625
2642200,455.71275516958684,0.0,0.9375,0.84375
2642300,455.71491653558877,0.0,0.9375,0.890625
2642400,455.7176607171072,0.0,0.9375,0.90625
2642500,455.71938375377704,0.0,0.875,0.890625
2642600,455.72075691344975,0.0,0.9375,0.8125
2642700,455.72640897090616,0.0,0.875,0.84375
2642800,455.72807428555177,0.0,0.875,0.875
2642900,455.73290832935254,0.0,0.875,0.84375
2643000,455.73548826578957,0.0,0.875,0.890625
2643100,455.73907336896093,0.0,0.875,0.890625
2643200,455.7423593772801,0.0,1,0.90625
2643300,455.74548106021405,0.0,0.875,0.859375
2643400,455.74971687032286,0.0,0.875,0.828125
2643500,455.7511951597327,0.0,0.9375,0.90625
2643600,455.7535827308085,0.0,0.9375,0.875
2643700,455.7561330088282,0.0,0.9375,0.84375
2643800,455.75759086023714,0.0,0.9375,0.859375
2643900,455.7608003356787,0.0,0.75,0.828125
2644000,455.76385475905266,0.0,0.9375,0.84375
2644100,455.7658497619061,0.0,0.9375,0.890625
2644200,455.7713001202227,0.0,0.9375,0.8125
2644300,455.7727230559399,0.0,0.9375,0.890625
2644400,455.77562777625735,0.0,0.75,0.875
2644500,455.77835667066626,0.0,0.9375,0.875
2644600,455.77967915351286,0.0,0.75,0.921875
2644700,455.7881308909158,0.0,0.8125,0.890625
2644800,455.7900916510967,0.0,0.9375,0.859375
2644900,455.7926065463113,0.0,0.9375,0.8125
2645000,455.79497305342954,0.0,1,0.859375
2645100,455.7979950460507,0.0,0.875,0.84375
2645200,455.8008086114885,0.0,0.875,0.921875
2645300,455.80373113579935,0.0,0.8125,0.859375
2645400,455.80601018449164,0.0,0.875,0.859375
2645500,455.80756990948765,0.0,0.9375,0.828125
2645600,455.81073133419727,0.0,0.8125,0.9375
2645700,455.81322649582575,0.0,0.875,0.8125
2645800,455.8153523548387,0.0,0.875,0.703125
2645900,455.8161532962939,0.0,1,0.8125
2646000,455.818991512089,0.0,0.9375,0.734375
2646100,455.8209502911426,0.0,0.8125,0.859375
2646200,455.8219653092695,0.0,0.9375,0.890625
2646300,455.8253971529543,0.0,0.875,0.9375
2646400,455.8277434740512,0.0,0.9375,0.921875
2646500,455.8299608162818,0.0,1,0.90625
2646600,455.8319772012941,0.0,0.9375,0.796875
2646700,455.83307047395886,0.0,0.875,0.890625
2646800,455.8363867657121,0.0,0.875,0.8125
2646900,455.83795680707635,0.0,0.875,0.890625
2647000,455.84019042509755,0.0,0.9375,0.921875
2647100,455.844286919419,0.0,0.9375,0.859375
2647200,455.8464425801351,0.0,1,0.875
2647300,455.84903451341614,0.0,0.875,0.84375
2647400,455.8513133166426,0.0,0.875,0.859375
2647500,455.85297198935785,0.0,0.9375,0.84375
2647600,455.8545944001967,0.0,0.9375,0.84375
2647700,455.85767063871987,0.0,0.875,0.859375
2647800,455.8583647596663,0.0,0.9375,0.875
2647900,455.86058749943004,0.0,0.9375,0.859375
2648000,455.8622011709898,0.0,0.875,0.765625
2648100,455.8636083847588,0.0,0.9375,0.90625
2648200,455.8647492185786,0.0,0.875,0.8125
2648300,455.8669783248114,0.0,0.875,0.859375
2648400,455.8698892733554,0.0,0.875,0.921875
2648500,455.87135650374074,0.0,0.9375,0.953125
2648600,455.87620112305075,0.0,1,0.8125
2648700,455.88213964757426,0.0,0.875,0.84375
2648800,455.88650181373964,0.0,0.875,0.859375
2648900,455.8933866240909,0.0,0.8125,0.859375
2649000,455.8965024740617,0.0,0.9375,0.828125
2649100,455.8980587568453,0.0,0.9375,0.875
2649200,455.8994999432825,0.0,0.75,0.828125
2649300,455.90413749121876,0.0,0.9375,0.90625
2649400,455.9090584644494,0.0,0.9375,0.84375
2649500,455.91289322188874,0.0,0.8125,0.796875
2649600,455.9139232123068,0.0,0.875,0.828125
2649700,455.9166394945969,0.0,1,0.859375
2649800,455.919452796438,0.0,0.875,0.890625
2649900,455.9217823959175,0.0,0.875,0.890625
2650000,342.07119281261544,0.0,0.9375,0.90625
2650100,420.33948010036426,0.0,0.8125,0.90625
2650200,427.98484195482945,0.0,0.875,0.859375
2650300,431.1966986128019,0.0,0.875,0.8125
2650400,434.59237726457167,0.0,0.9375,0.84375
2650500,436.05392906920343,0.0,0.75,0.796875
2650600,438.00800955996755,0.0,0.875,0.8125
2650700,439.3681139338014,0.0,0.875,0.859375
2650800,440.6834458443632,0.0,0.8125,0.921875
2650900,441.74442499783584,0.0,1,0.828125
2651000,442.70182936693243,0.0,1,0.90625
2651100,443.8192443725625,0.0,1,0.921875
2651200,444.4805394297205,0.0,0.875,0.859375
2651300,445.1348946420089,0.0,0.875,0.890625
2651400,445.67770739210704,0.0,0.8125,0.828125
2651500,446.317744759015,0.0,1,0.890625
2651600,446.72056039255625,0.0,0.875,0.78125
2651700,447.1679613760176,0.0,0.8125,0.8125
2651800,447.58913304955945,0.0,1,0.84375
2651900,448.1086505949254,0.0,0.875,0.828125
2652000,448.4454926708072,0.0,0.9375,0.75
2652100,448.8615935218411,0.0,1,0.828125
2652200,449.22759918424293,0.0,0.9375,0.84375
2652300,449.5892944613202,0.0,1,0.8125
2652400,449.8194249373929,0.0,0.9375,0.828125
2652500,450.12706468409556,0.0,0.9375,0.71875
2652600,450.3466485532452,0.0,1,0.90625
2652700,450.68043941634323,0.0,0.875,0.859375
2652800,450.9392405713534,0.0,0.875,0.828125
2652900,451.23599093441396,0.0,0.8125,0.796875
2653000,451.544402611674,0.0,0.875,0.828125
2653100,451.7888698109865,0.0,0.875,0.90625
2653200,452.0132773558354,0.0,0.75,0.796875
2653300,452.15612840233,0.0,0.8125,0.8125
2653400,452.3731324009237,0.0,1,0.890625
2653500,452.6155574579135,0.0,0.9375,0.921875
2653600,452.7280834099407,0.0,0.9375,0.828125
2653700,452.87682713134274,0.0,1,0.8125
2653800,452.9859446143013,0.0,0.9375,0.890625
2653900,453.15332376233977,0.0,0.9375,0.828125
2654000,453.2968647926357,0.0,0.75,0.796875
2654100,453.42432052032274,0.0,0.9375,0.859375
2654200,453.50904593979794,0.0,0.875,0.921875
2654300,453.64260867883735,0.0,0.9375,0.890625
2654400,453.78149021847025,0.0,1,0.96875
2654500,453.90072359532945,0.0,0.8125,0.828125
2654600,454.03130252109275,0.0,0.8125,0.90625
2654700,454.11966371098646,0.0,0.875,0.796875
2654800,454.195610566829,0.0,0.875,0.921875
2654900,454.30388487171973,0.0,0.875,0.90625
2655000,454.390184211222,0.0,0.875,0.859375
2655100,454.4785075110815,0.0,0.9375,0.78125
2655200,454.58121896070867,0.0,0.875,0.921875
2655300,454.699601570099,0.0,0.9375,0.765625
2655400,454.7793070600115,0.0,0.9375,0.828125
2655500,454.8519185280603,0.0,0.8125,0.921875
2655600,454.9136211296362,0.0,0.9375,0.734375
2655700,454.9639161255186,0.0,1,0.859375
2655800,455.01405297373196,0.0,0.9375,0.875
2655900,455.0595167711153,0.0,0.9375,0.890625
2656000,455.1351315584521,0.0,0.9375,0.78125
2656100,455.1874885002286,0.0,0.9375,0.828125
2656200,455.2341125737984,0.0,0.875,0.8125
2656300,455.3055548463679,0.0,1,0.828125
2656400,455.3586159268907,0.0,0.9375,0.828125
2656500,455.3973082934528,0.0,1,0.8125
2656600,455.45873851811655,0.0,0.875,0.8125
2656700,455.4972495937829,0.0,0.875,0.828125
2656800,455.5261438099246,0.0,0.75,0.75
2656900,455.5633861426818,0.0,0.9375,0.859375
2657000,455.58453595889773,0.0,0.9375,0.828125
2657100,455.64974695394693,0.0,0.875,0.796875
2657200,455.67263630865716,0.0,0.8125,0.828125
2657300,455.70647350179223,0.0,0.875,0.921875
2657400,455.7195698396059,0.0,0.9375,0.828125
2657500,455.772766235954,0.0,0.8125,0.890625
2657600,455.7906519551308,0.0,0.875,0.90625
2657700,455.8261314739415,0.0,0.8125,0.796875
2657800,455.84008270263024,0.0,0.875,0.8125
2657900,455.87076387073654,0.0,0.8125,0.859375
2658000,455.90239801819007,0.0,0.9375,0.84375
2658100,455.9096558497029,0.0,0.9375,0.875
2658200,455.92371658807065,0.0,0.9375,0.875
2658300,455.9480398799381,0.0,1,0.890625
2658400,455.9658170144607,0.0,0.875,0.78125
2658500,455.9826693024952,0.0,0.9375,0.90625
2658600,456.00740653499645,0.0,0.875,0.8125
2658700,456.0107384274381,0.0,0.9375,0.796875
2658800,456.02708223612444,0.0,0.9375,0.875
2658900,456.03156760482887,0.0,0.9375,0.828125
2659000,456.03297916884566,0.0,0.8125,0.796875
2659100,456.0448143528233,0.0,0.875,0.890625
2659200,456.0498899846701,0.0,0.875,0.78125
2659300,456.0520948091831,0.0,0.8125,0.828125
2659400,456.0537592469723,0.0,0.6875,0.859375
2659500,456.06471488917316,0.0,0.8125,0.875
2659600,456.0684962984269,0.0,0.9375,0.890625
2659700,456.0755178185393,0.0,0.875,0.796875
2659800,456.0777007051308,0.0,0.9375,0.828125
2659900,456.07866638307314,0.0,0.8125,0.90625
2660000,456.08070370652644,0.0,0.9375,0.875
2660100,456.0821690146421,0.0,1,0.890625
2660200,456.08373817807103,0.0,0.875,0.8125
2660300,456.0849247160914,0.0,0.875,0.890625
2660400,456.0866123165091,0.0,0.9375,0.78125
2660500,456.0877789821054,0.0,1,0.859375
2660600,456.08995829807355,0.0,0.9375,0.921875
2660700,456.0922535821778,0.0,0.9375,0.828125
2660800,456.0948889152287,0.0,0.875,0.875
2660900,456.0975230000502,0.0,0.875,0.796875
2661000,456.0988793266686,0.0,0.8125,0.96875
2661100,456.1012167263293,0.0,0.875,0.890625
2661200,456.1040039631878,0.0,0.9375,0.859375
2661300,456.1070329962866,0.0,1,0.875
2661400,456.1096351606104,0.0,0.9375,0.875
2661500,456.11281109122916,0.0,0.75,0.859375
2661600,456.1139039854906,0.0,0.875,0.84375
2661700,456.1158970678703,0.0,0.875,0.90625
2661800,456.11713871719905,0.0,0.9375,0.84375
2661900,456.11950167296726,0.0,0.875,0.875
2662000,456.12202059619875,0.0,0.875,0.71875
2662100,456.1237670195752,0.0,0.9375,0.84375
2662200,456.12506943030417,0.0,0.8125,0.84375
2662300,456.1273707148343,0.0,0.8125,0.859375
2662400,456.1292197852842,0.0,1,0.890625
2662500,456.1293636877727,0.0,0.875,0.828125
2662600,456.13070653287286,0.0,0.875,0.8125
2662700,456.1313105148631,0.0,1,0.90625
2662800,456.1354507136157,0.0,0.875,0.828125
2662900,456.136718178785,0.0,0.9375,0.875
2663000,456.1414404317703,0.0,0.9375,0.84375
2663100,456.14294807322085,0.0,0.875,0.859375
2663200,456.14485552003663,0.0,0.875,0.828125
2663300,456.14717942895624,0.0,0.875,0.828125
2663400,456.1482570767432,0.0,0.875,0.78125
2663500,456.1496133420067,0.0,0.9375,0.8125
2663600,456.1511780761407,0.0,0.875,0.796875
2663700,456.1521212186201,0.0,0.8125,0.828125
2663800,456.15382227180123,0.0,0.9375,0.828125
2663900,456.1545153049957,0.0,0.9375,0.78125
2664000,456.1555073417001,0.0,0.8125,0.796875
2664100,456.1579322543459,0.0,0.9375,0.8125
2664200,456.15951632609796,0.0,0.875,0.8125
2664300,456.1601228156127,0.0,0.8125,0.859375
2664400,456.16232935103125,0.0,0.9375,0.828125
2664500,456.1635978854562,0.0,0.8125,0.765625
2664600,456.16600716198343,0.0,1,0.875
2664700,456.17012427923777,0.0,0.8125,0.828125
2664800,456.1707252694121,0.0,0.875,0.828125
2664900,456.171610762283,0.0,0.875,0.859375
2665000,456.1756741841465,0.0,1,0.890625
2665100,456.1774220944461,0.0,1,0.75
2665200,456.1800440403579,0.0,0.875,0.796875
2665300,456.18157111284415,0.0,0.9375,0.875
2665400,456.1834731733401,0.0,0.8125,0.875
2665500,456.185379960237,0.0,0.9375,0.875
2665600,456.1877618181484,0.0,0.9375,0.875
2665700,456.18995499789725,0.0,0.875,0.875
2665800,456.1909968113601,0.0,0.875,0.90625
2665900,456.19238853762215,0.0,0.875,0.921875
2666000,456.1932551929911,0.0,0.8125,0.8125
2666100,456.19557149727063,0.0,0.875,0.875
2666200,456.1966636694321,0.0,0.9375,0.828125
2666300,456.20094829842475,0.0,0.875,0.875
2666400,456.20211045867023,0.0,0.9375,0.84375
2666500,456.20387122328174,0.0,1,0.734375
2666600,456.2060844146214,0.0,1,0.859375
2666700,456.20811910520354,0.0,0.875,0.859375
2666800,456.2156165606781,0.0,0.8125,0.828125
2666900,456.2168750887198,0.0,1,0.859375
2667000,456.2188449514919,0.0,0.75,0.875
2667100,456.2202034145188,0.0,0.875,0.875
2667200,456.22100853670133,0.0,0.9375,0.875
2667300,456.22161159884604,0.0,0.8125,0.875
2667400,456.22252226055696,0.0,0.9375,0.828125
2667500,456.22373639812696,0.0,0.8125,0.859375
2667600,456.22477391238215,0.0,0.875,0.78125
2667700,456.22610300607846,0.0,0.8125,0.8125
2667800,456.22706827422417,0.0,0.9375,0.890625
2667900,456.2278970027752,0.0,0.9375,0.90625
2668000,456.23067811449727,0.0,0.875,0.828125
2668100,456.2318706888929,0.0,1,0.953125
2668200,456.2328412827763,0.0,0.75,0.875
2668300,456.23373328654236,0.0,0.8125,0.84375
2668400,456.2346002855662,0.0,0.9375,0.796875
2668500,456.23521592716344,0.0,0.75,0.796875
2668600,456.23752042733423,0.0,0.8125,0.828125
2668700,456.2396222677923,0.0,0.8125,0.875
2668800,456.2405647901602,0.0,1,0.921875
2668900,456.24152543822254,0.0,0.875,0.859375
2669000,456.2428424173017,0.0,0.9375,0.78125
2669100,456.24452899110736,0.0,0.8125,0.8125
2669200,456.2473437397453,0.0,0.9375,0.859375
2669300,456.24815388056567,0.0,0.875,0.84375
2669400,456.25046632158796,0.0,0.875,0.890625
2669500,456.2519095639999,0.0,0.9375,0.859375
2669600,456.25292323949225,0.0,0.8125,0.859375
2669700,456.25405703814437,0.0,0.75,0.8125
2669800,456.2555703442594,0.0,0.8125,0.78125
2669900,456.2568263269681,0.0,0.75,0.828125
2670000,456.25854908241575,0.0,0.8125,0.84375
2670100,456.25931053515393,0.0,0.875,0.90625
2670200,456.2612108666412,0.0,0.8125,0.875
2670300,456.2620886799961,0.0,0.875,0.859375
2670400,456.26283892745545,0.0,0.875,0.90625
2670500,456.26487771357057,0.0,0.875,0.90625
2670600,456.2661048094445,0.0,0.875,0.875
2670700,456.26868262746825,0.0,0.875,0.9375
2670800,456.2708091617439,0.0,0.9375,0.796875
2670900,456.2724296023043,0.0,0.875,0.875
2671000,456.2740456983157,0.0,0.9375,0.78125
2671100,456.2754195146236,0.0,1,0.796875
2671200,456.2761714989635,0.0,0.9375,0.84375
2671300,456.2779333755344,0.0,0.875,0.875
2671400,456.2786308554954,0.0,0.875,0.8125
2671500,456.2792164332057,0.0,0.9375,0.890625
2671600,456.2802146699323,0.0,0.875,0.84375
2671700,456.2810703695109,0.0,0.875,0.828125
2671800,456.2823556351814,0.0,0.875,0.875
2671900,456.28519134297255,0.0,0.8125,0.84375
2672000,456.2863451061152,0.0,0.875,0.828125
2672100,456.2881211823008,0.0,0.8125,0.828125
2672200,456.2902367291457,0.0,1,0.921875
2672300,456.2912981157257,0.0,0.8125,0.75
2672400,456.29189373882275,0.0,1,0.78125
2672500,456.29340958956374,0.0,0.8125,0.890625
2672600,456.2947588642804,0.0,0.875,0.859375
2672700,456.297423656069,0.0,0.75,0.875
2672800,456.29983131461324,0.0,0.875,0.8125
2672900,456.30089033747436,0.0,0.9375,0.875
2673000,456.30153295676405,0.0,0.875,0.828125
2673100,456.3018445346764,0.0,0.8125,0.890625
2673200,456.3028817570546,0.0,0.9375,0.875
2673300,456.3033459576589,0.0,0.8125,0.828125
2673400,456.3048672270112,0.0,0.875,0.8125
2673500,456.30535571406597,0.0,0.8125,0.875
2673600,456.3070436183681,0.0,0.875,0.71875
2673700,456.30817179436843,0.0,0.8125,0.859375
2673800,456.3088046738781,0.0,0.9375,0.875
2673900,456.30989797350617,0.0,0.875,0.828125
2674000,456.31094127201527,0.0,0.625,0.828125
2674100,456.3125933106347,0.0,0.875,0.890625
2674200,456.31454741056075,0.0,0.875,0.84375
2674300,456.3162207120387,0.0,0.9375,0.84375
2674400,456.31812426882647,0.0,0.6875,0.796875
2674500,456.31984360551826,0.0,1,0.90625
2674600,456.321825156296,0.0,0.9375,0.90625
2674700,456.32362321119723,0.0,0.9375,0.859375
2674800,456.32475778879234,0.0,1,0.828125
2674900,456.3254543480605,0.0,0.9375,0.828125
2675000,93.46602117900471,0.0,0.75,0.859375
2675100,213.5654577102299,0.0,0.875,0.8125
2675200,223.2912369674333,0.0,0.8125,0.921875
2675300,227.42367033014935,0.0,0.8125,0.796875
2675400,231.12604576266727,0.0,0.8125,0.78125
2675500,242.39353587959351,0.0,0.8125,0.796875
2675600,326.013000343973,0.0,0.875,0.890625
2675700,419.49953778426334,0.0,0.9375,0.859375
2675800,425.9964000848157,0.0,1,0.84375
2675900,429.08819594653727,0.0,0.8125,0.8125
2676000,430.7782352199526,0.0,0.8125,0.796875
2676100,433.15198672721453,0.0,0.875,0.859375
2676200,434.76340941550666,0.0,0.875,0.859375
2676300,436.05137344989447,0.0,0.9375,0.84375
2676400,437.25852477079866,0.0,0.8125,0.703125
2676500,438.14158956117586,0.0,0.8125,0.859375
2676600,439.1025691264599,0.0,0.9375,0.921875
2676700,439.759264380248,0.0,0.75,0.859375
2676800,440.8859668369342,0.0,0.9375,0.78125
2676900,441.59256242083165,0.0,0.9375,0.828125
2677000,442.5880629098791,0.0,0.9375,0.890625
2677100,443.1595686198877,0.0,0.8125,0.859375
2677200,443.87979877199365,0.0,1,0.859375
2677300,444.5491827424068,0.0,0.8125,0.859375
2677400,445.0201808195062,0.0,0.875,0.90625
2677500,445.70710121594624,0.0,0.875,0.84375
2677600,446.24730573712884,0.0,0.8125,0.828125
2677700,446.71909579804134,0.0,0.9375,0.84375
2677800,447.0302603267661,0.0,0.9375,0.875
2677900,447.3788831895833,0.0,0.75,0.875
2678000,447.71430616667527,0.0,0.8125,0.875
2678100,448.07538489642843,0.0,0.8125,0.859375
2678200,448.59960698020257,0.0,0.8125,0.765625
2678300,448.9023038079531,0.0,0.75,0.859375
2678400,449.239947138853,0.0,0.8125,0.84375
2678500,449.5567546914689,0.0,0.8125,0.890625
2678600,449.69151099951983,0.0,0.9375,0.890625
2678700,449.9544572642055,0.0,1,0.921875
2678800,450.1404902657363,0.0,0.875,0.8125
2678900,450.4053194921096,0.0,0.8125,0.84375
2679000,450.66401484287775,0.0,0.9375,0.8125
2679100,450.8849095646685,0.0,0.9375,0.90625
2679200,451.2602983245762,0.0,0.875,0.875
2679300,451.44306432136284,0.0,0.9375,0.796875
2679400,451.59669874167565,0.0,0.8125,0.8125
2679500,451.7905964768822,0.0,0.8125,0.796875
2679600,451.9000786588484,0.0,0.875,0.828125
2679700,452.0634010941479,0.0,0.875,0.90625
2679800,452.1825543407641,0.0,0.875,0.890625
2679900,452.383275421713,0.0,0.9375,0.875
2680000,452.60224688682973,0.0,0.8125,0.796875
2680100,452.8176267936024,0.0,0.8125,0.875
2680200,452.91618015327276,0.0,0.8125,0.78125
2680300,453.03827308884917,0.0,0.875,0.78125
2680400,453.21342205941244,0.0,0.75,0.875
2680500,453.3375391738567,0.0,0.75,0.8125
2680600,453.48145269128423,0.0,0.875,0.796875
2680700,453.6398788000327,0.0,0.8125,0.84375
2680800,453.7325213284344,0.0,1,0.796875
2680900,453.82488752643116,0.0,0.75,0.84375
2681000,453.89649438158483,0.0,0.9375,0.890625
2681100,454.0858151497275,0.0,0.875,0.890625
2681200,454.12125760013214,0.0,0.9375,0.828125
2681300,454.2676851813166,0.0,0.875,0.84375
2681400,454.3924583704478,0.0,0.8125,0.859375
2681500,454.54094611470987,0.0,0.875,0.84375
2681600,454.62063943291764,0.0,0.9375,0.859375
2681700,454.70076321873654,0.0,0.9375,0.890625
2681800,454.7783302038842,0.0,0.9375,0.875
2681900,454.8568342076209,0.0,1,0.890625
2682000,454.958141581353,0.0,0.9375,0.8125
2682100,455.0930927172625,0.0,0.8125,0.875
2682200,455.187762520751,0.0,0.8125,0.828125
2682300,455.28405724722984,0.0,0.875,0.828125
2682400,455.3231501185316,0.0,0.875,0.90625
2682500,455.4201063693704,0.0,0.9375,0.890625
2682600,455.46905672054885,0.0,0.9375,0.84375
2682700,455.5254480398146,0.0,0.875,0.703125
2682800,455.5536929607035,0.0,0.9375,0.8125
2682900,455.5943737509275,0.0,0.875,0.859375
2683000,455.66657819353827,0.0,0.8125,0.765625
2683100,455.68231052953985,0.0,0.75,0.875
2683200,455.7596975416206,0.0,0.9375,0.859375
2683300,455.7892241018264,0.0,0.875,0.859375
2683400,455.8276092301669,0.0,0.8125,0.859375
2683500,455.8454218394404,0.0,0.9375,0.90625
2683600,455.8761517676471,0.0,0.875,0.84375
2683700,455.90913406670273,0.0,0.9375,0.921875
2683800,455.9475857231426,0.0,0.8125,0.8125
2683900,455.97079029296856,0.0,0.875,0.765625
2684000,455.98299800506555,0.0,0.8125,0.875
2684100,456.0115426958267,0.0,0.875,0.828125
2684200,456.0261788496889,0.0,0.8125,0.90625
2684300,456.02796090879093,0.0,0.75,0.828125
2684400,456.03316408147856,0.0,0.875,0.875
2684500,456.0350435792431,0.0,0.75,0.828125
2684600,456.0364889238732,0.0,0.9375,0.78125
2684700,456.0472432357789,0.0,0.875,0.8125
2684800,456.0502304063948,0.0,0.875,0.859375
2684900,456.0512179058921,0.0,0.75,0.796875
2685000,456.0552126918595,0.0,0.875,0.890625
2685100,456.0621212236435,0.0,0.875,0.796875
2685200,456.06332777294523,0.0,0.8125,0.828125
2685300,456.0710097539522,0.0,0.9375,0.84375
2685400,456.07221690943175,0.0,1,0.84375
2685500,456.0753868327824,0.0,0.9375,0.8125
2685600,456.07855900715566,0.0,0.9375,0.8125
2685700,456.0811328555638,0.0,0.875,0.8125
2685800,456.0838178274237,0.0,0.8125,0.890625
2685900,456.08532441000614,0.0,0.75,0.828125
2686000,456.08723231740015,0.0,0.875,0.828125
2686100,456.0881169137734,0.0,0.9375,0.90625
2686200,456.0908542216137,0.0,0.875,0.828125
2686300,456.09470412718497,0.0,0.875,0.84375
2686400,456.09566155765015,0.0,0.875,0.8125
2686500,456.0963592441843,0.0,1,0.828125
2686600,456.0973475468408,0.0,0.9375,0.890625
2686700,456.1007366996427,0.0,0.9375,0.90625
2686800,456.10204198416136,0.0,1,0.828125
2686900,456.1031967937578,0.0,0.8125,0.890625
2687000,456.1048196800242,0.0,0.9375,0.890625
2687100,456.10655381958003,0.0,0.875,0.78125
2687200,456.1076919919743,0.0,0.9375,0.796875
2687300,456.1090514332867,0.0,0.8125,0.84375
2687400,456.1103827334959,0.0,0.9375,0.734375
2687500,456.1114493913595,0.0,0.875,0.796875
2687600,456.113264289842,0.0,0.9375,0.8125
2687700,456.11488900194945,0.0,0.875,0.859375
2687800,456.1176531928163,0.0,0.9375,0.796875
2687900,456.1182927797081,0.0,0.8125,0.765625
2688000,456.12046534492214,0.0,0.875,0.921875
2688100,456.12375272330604,0.0,0.8125,0.9375
2688200,456.12608879945293,0.0,0.9375,0.859375
2688300,456.1279502744578,0.0,0.875,0.890625
2688400,456.131252025058,0.0,1,0.890625
2688500,456.1334951345353,0.0,0.875,0.84375
2688600,456.14008278393663,0.0,0.9375,0.8125
2688700,456.14140216712093,0.0,0.8125,0.84375
2688800,456.14394478207305,0.0,1,0.890625
2688900,456.14587527770004,0.0,0.8125,0.90625
2689000,456.14909079594884,0.0,0.875,0.796875
2689100,456.1501872528989,0.0,1,0.796875
2689200,456.1518693029894,0.0,0.8125,0.796875
2689300,456.153868488556,0.0,0.875,0.890625
2689400,456.15677102066695,0.0,0.9375,0.8125
2689500,456.1577881489638,0.0,0.8125,0.859375
2689600,456.1590446617849,0.0,0.8125,0.859375
2689700,456.1593882536949,0.0,0.875,0.84375
2689800,456.16240250640743,0.0,1,0.875
2689900,456.1631835582616,0.0,0.875,0.890625
2690000,456.16497731586634,0.0,0.9375,0.875
2690100,456.16694615303555,0.0,0.875,0.859375
2690200,456.16823519606,0.0,0.9375,0.796875
2690300,456.17196562035974,0.0,0.8125,0.859375
2690400,456.1725333650493,0.0,0.8125,0.859375
2690500,456.1748637616528,0.0,0.6875,0.84375
2690600,456.1758997008694,0.0,0.875,0.828125
2690700,456.17810893721264,0.0,0.875,0.875
2690800,456.1797145205849,0.0,0.8125,0.84375
2690900,456.1803893111112,0.0,0.75,0.828125
2691000,456.18133725051456,0.0,0.9375,0.890625
2691100,456.1835448233658,0.0,0.8125,0.921875
2691200,456.1853336205095,0.0,0.875,0.84375
2691300,456.1877669528041,0.0,0.75,0.796875
2691400,456.1890033090263,0.0,0.875,0.890625
2691500,456.18944701329025,0.0,0.9375,0.90625
2691600,456.1902497371473,0.0,0.9375,0.78125
2691700,456.1910271444362,0.0,0.75,0.90625
2691800,456.1918406697562,0.0,0.875,0.90625
2691900,456.19228103679166,0.0,0.875,0.796875
2692000,456.1933702220087,0.0,0.9375,0.875
2692100,456.1990253174083,0.0,0.8125,0.859375
2692200,456.2000835009374,0.0,0.875,0.921875
2692300,456.20231944380413,0.0,0.75,0.859375
2692400,456.20433585832177,0.0,0.875,0.84375
2692500,456.20884072821167,0.0,1,0.859375
2692600,456.2120285625049,0.0,0.875,0.859375
2692700,456.21375894532406,0.0,0.8125,0.890625
2692800,456.21475972323236,0.0,0.875,0.796875
2692900,456.21589100965286,0.0,0.75,0.8125
2693000,456.2170611929322,0.0,0.875,0.921875
2693100,456.21831345258437,0.0,0.875,0.8125
2693200,456.22083510799916,0.0,0.9375,0.90625
2693300,456.22138814316287,0.0,0.9375,0.921875
2693400,456.2224740904995,0.0,0.875,0.84375
2693500,456.22552442308483,0.0,0.875,0.84375
2693600,456.2279550811102,0.0,0.75,0.84375
2693700,456.2286500047932,0.0,0.875,0.890625
2693800,456.2294233508363,0.0,0.8125,0.859375
2693900,456.2311571471321,0.0,0.75,0.84375
2694000,456.2321283216507,0.0,0.875,0.90625
2694100,456.2334193957676,0.0,0.75,0.890625
2694200,456.2349085876992,0.0,0.8125,0.796875
2694300,456.23646603233556,0.0,0.8125,0.921875
2694400,456.2385779252039,0.0,0.875,0.796875
2694500,456.23992143847477,0.0,1,0.921875
2694600,456.2640768034006,0.0,0.9375,0.9375
2694700,456.2647361159051,0.0,0.8125,0.9375
2694800,456.2654719145341,0.0,1,0.875
2694900,456.26648070112395,0.0,0.9375,0.890625
2695000,456.2671583984208,0.0,0.9375,0.90625
2695100,456.26881730384525,0.0,0.8125,0.875
2695200,456.2704446562812,0.0,0.9375,0.84375
2695300,456.27124444986146,0.0,0.9375,0.859375
2695400,456.2740543605328,0.0,0.9375,0.828125
2695500,456.2748532400719,0.0,0.9375,0.90625
2695600,456.2754080648753,0.0,0.875,0.84375
2695700,456.2766730423401,0.0,0.8125,0.875
2695800,456.2786061287378,0.0,0.875,0.796875
2695900,456.2791169593792,0.0,0.875,0.828125
2696000,456.28133683969537,0.0,0.75,0.84375
2696100,456.2827975857708,0.0,0.8125,0.90625
2696200,456.28428053172416,0.0,0.875,0.90625
2696300,456.28532469726383,0.0,0.75,0.859375
2696400,456.28685997751245,0.0,0.875,0.8125
2696500,456.29729938908594,0.0,0.75,0.859375
2696600,456.29844767656056,0.0,0.875,0.78125
2696700,456.30066881746905,0.0,0.875,0.890625
2696800,456.30138578373453,0.0,0.875,0.921875
2696900,456.30175634982163,0.0,0.875,0.859375
2697000,456.3040080744091,0.0,0.9375,0.828125
2697100,456.3060374793887,0.0,0.8125,0.859375
2697200,456.3072283991653,0.0,0.8125,0.8125
2697300,456.3083355536198,0.0,0.875,0.828125
2697400,456.30930556381105,0.0,0.8125,0.859375
2697500,456.31027763788285,0.0,0.875,0.859375
2697600,456.3118673932506,0.0,0.875,0.890625
2697700,456.3133391658553,0.0,0.875,0.859375
2697800,456.31538371903474,0.0,0.875,0.828125
2697900,456.3164035392649,0.0,0.8125,0.859375
2698000,456.3174442740066,0.0,0.8125,0.8125
2698100,456.31896481282405,0.0,0.9375,0.78125
2698200,456.32016392741394,0.0,1,0.859375
2698300,456.32091196540034,0.0,0.875,0.796875
2698400,456.3213917055848,0.0,0.9375,0.875
2698500,456.3223483552817,0.0,0.8125,0.8125
2698600,456.3231595481841,0.0,0.9375,0.796875
2698700,456.32461228137606,0.0,1,0.859375
2698800,456.32528029572586,0.0,0.75,0.875
2698900,456.3258245762085,0.0,0.9375,0.859375
2699000,456.3270587951388,0.0,0.8125,0.859375
2699100,456.32811422258305,0.0,1,0.90625
2699200,456.3293662607692,0.0,0.8125,0.890625
2699300,456.3303814515342,0.0,0.75,0.796875
2699400,456.3311427472883,0.0,0.8125,0.875
2699500,456.33195817300566,0.0,0.8125,0.78125
2699600,456.3334335756847,0.0,0.875,0.84375
2699700,456.33412272182755,0.0,0.9375,0.859375
2699800,456.33494073867814,0.0,0.75,0.8125
2699900,456.33645582297606,0.0,0.8125,0.890625
2700000,237.76718342755962,0.0,0.875,0.8125
2700100,237.82335224571813,0.0,0.9375,0.84375
2700200,237.9884714854911,0.0,0.8125,0.796875
2700300,238.13029805617464,0.0,0.875,0.890625
2700400,238.25553681031963,0.0,0.8125,0.859375
2700500,238.3479932773265,0.0,0.875,0.890625
2700600,238.60640974484883,0.0,0.875,0.828125
2700700,238.75471462731352,0.0,0.8125,0.890625
2700800,238.9052324312807,0.0,0.6875,0.875
2700900,239.09238568062904,0.0,0.8125,0.890625
2701000,239.2626050576196,0.0,0.875,0.828125
2701100,239.48399757035057,0.0,0.9375,0.84375
2701200,239.61521301176944,0.0,1,0.796875
2701300,239.8165442063562,0.0,0.75,0.8125
2701400,239.99211672924875,0.0,0.8125,0.890625
2701500,240.42702538185014,0.0,0.9375,0.859375
2701600,240.65946350142278,0.0,0.9375,0.765625
2701700,240.98278086938254,0.0,0.8125,0.765625
2701800,241.37405425251833,0.0,0.875,0.84375
2701900,241.63534084607963,0.0,0.875,0.890625
2702000,242.3067697166814,0.0,0.875,0.796875
2702100,243.37896780885657,0.0,0.9375,0.875
2702200,245.79805540991939,0.0,0.9375,0.84375
2702300,250.67189446102518,0.0,0.875,0.984375
2702400,329.34236571627633,0.0,0.9375,0.859375
2702500,338.3524028059758,0.0,0.875,0.921875
2702600,340.4687280974415,0.0,0.875,0.734375
2702700,342.07561652661514,0.0,0.875,0.875
2702800,343.1635547516698,0.0,0.9375,0.921875
2702900,343.7679004505689,0.0,0.875,0.84375
2703000,344.39754067202733,0.0,1,0.828125
2703100,344.6343747872382,0.0,0.875,0.890625
2703200,345.213930606935,0.0,0.8125,0.84375
2703300,345.4774066938012,0.0,1,0.90625
2703400,345.862817580014,0.0,0.875,0.890625
2703500,346.45011767010544,0.0,0.9375,0.90625
2703600,346.94643326788827,0.0,0.875,0.875
2703700,347.3822907689223,0.0,0.8125,0.875
2703800,347.6368991854258,0.0,0.75,0.921875
2703900,348.1638467317657,0.0,0.8125,0.84375
2704000,348.677665192286,0.0,0.9375,0.828125
2704100,348.9225224964683,0.0,0.875,0.90625
2704200,349.78880242260317,0.0,0.8125,0.8125
2704300,351.52828787554876,0.0,0.8125,0.8125
2704400,354.528669830856,0.0,0.875,0.890625
2704500,443.65584278210235,0.0,0.8125,0.890625
2704600,447.95722994169967,0.0,0.875,0.859375
2704700,449.2930040331204,0.0,0.75,0.9375
2704800,449.7349767391688,0.0,1,0.828125
2704900,450.3248151748392,0.0,0.875,0.796875
2705000,450.86622822238644,0.0,0.875,0.828125
2705100,451.34959041392875,0.0,0.9375,0.875
2705200,451.84861773833074,0.0,0.9375,0.921875
2705300,452.0015738953756,0.0,0.8125,0.9375
2705400,452.2852617619965,0.0,0.8125,0.859375
2705500,452.5473023245089,0.0,0.8125,0.875
2705600,452.86338051844297,0.0,0.875,0.84375
2705700,453.06584043825615,0.0,0.9375,0.875
2705800,453.1701214278814,0.0,0.9375,0.890625
2705900,453.39603653535187,0.0,0.875,0.859375
2706000,453.509839432671,0.0,1,0.9375
2706100,453.6809494727313,0.0,0.8125,0.921875
2706200,453.82475990592985,0.0,0.9375,0.828125
2706300,453.9087777279679,0.0,1,0.875
2706400,454.01451976236916,0.0,0.9375,0.9375
2706500,454.1220994804317,0.0,0.75,0.9375
2706600,454.2585329780628,0.0,0.9375,0.859375
2706700,454.3911661432278,0.0,0.8125,0.84375
2706800,454.46855422108763,0.0,0.9375,0.875
2706900,454.55837244105214,0.0,0.875,0.921875
2707000,454.66864460530985,0.0,0.875,0.84375
2707100,454.8001103379571,0.0,0.875,0.921875
2707200,454.89419970418425,0.0,0.9375,0.90625
2707300,454.9426487432722,0.0,0.75,0.90625
2707400,455.0204060663235,0.0,1,0.875
2707500,455.1379269901462,0.0,0.9375,0.921875
2707600,455.25870938788205,0.0,0.9375,0.859375
2707700,455.31329266990105,0.0,1,0.921875
2707800,455.3753794523163,0.0,0.9375,0.875
2707900,455.40958646372417,0.0,0.9375,0.9375
2708000,455.43724565429477,0.0,0.9375,0.890625
2708100,455.4745741016056,0.0,0.8125,0.859375
2708200,455.50694089407057,0.0,0.9375,0.90625
2708300,455.53250751461616,0.0,1,0.828125
2708400,455.5945715429282,0.0,0.875,0.84375
2708500,455.64230286580255,0.0,0.9375,0.9375
2708600,455.6766796530055,0.0,0.9375,0.921875
2708700,455.70173961490497,0.0,0.875,0.875
2708800,455.7416158973476,0.0,0.875,0.90625
2708900,455.7812967932625,0.0,1,0.890625
2709000,455.8042835810913,0.0,0.875,0.765625
2709100,455.8275474464842,0.0,0.75,0.859375
2709200,455.8524495768972,0.0,0.875,0.875
2709300,455.88361274168517,0.0,0.75,0.90625
2709400,455.91864685644043,0.0,0.9375,0.90625
2709500,455.94406266966104,0.0,0.8125,0.90625
2709600,455.9763673537824,0.0,0.8125,0.875
2709700,456.0182245249346,0.0,1,0.890625
2709800,456.02648624162646,0.0,0.8125,0.921875
2709900,456.0388307954144,0.0,0.8125,0.890625
2710000,456.05268063096037,0.0,0.875,0.828125
2710100,456.0606919303582,0.0,0.9375,0.828125
2710200,456.07772941046653,0.0,0.875,0.90625
2710300,456.0968056549994,0.0,0.9375,0.90625
2710400,456.11851959996324,0.0,0.8125,0.921875
2710500,456.1446582447422,0.0,0.9375,0.875
2710600,456.14627199216875,0.0,0.8125,0.875
2710700,456.1548577904525,0.0,0.9375,0.953125
2710800,456.15636974047527,0.0,0.75,0.875
2710900,456.16762826650495,0.0,0.9375,0.875
2711000,456.16819554429134,0.0,0.75,0.859375
2711100,456.17939725419586,0.0,0.875,0.8125
2711200,456.19439732846473,0.0,0.8125,0.890625
2711300,456.19543573872556,0.0,0.875,0.875
2711400,456.19737289901326,0.0,0.875,0.953125
2711500,456.1994574967022,0.0,0.8125,0.8125
2711600,456.2022486906808,0.0,0.875,0.9375
2711700,456.21363899107865,0.0,0.9375,0.90625
2711800,456.22192415746144,0.0,0.875,0.890625
2711900,456.22629867385314,0.0,0.875,0.84375
2712000,456.24030194047197,0.0,0.875,0.84375
2712100,456.2442277301546,0.0,0.9375,0.859375
2712200,456.2467858502375,0.0,0.9375,0.890625
2712300,456.24744299355166,0.0,0.8125,0.875
2712400,456.2492330641918,0.0,1,0.953125
2712500,456.2504987604285,0.0,0.9375,0.859375
2712600,456.2509624438343,0.0,0.9375,0.84375
2712700,456.2533235780044,0.0,1,0.828125
2712800,456.2542775816295,0.0,0.875,0.828125
2712900,456.25586223628756,0.0,0.9375,0.84375
2713000,456.25676994073507,0.0,0.875,0.734375
2713100,456.2578914611372,0.0,1,0.84375
2713200,456.2584937697554,0.0,0.75,0.875
2713300,456.2596921911881,0.0,0.9375,0.859375
2713400,456.26031756346714,0.0,0.75,0.8125
2713500,456.26080077653756,0.0,0.9375,0.875
2713600,456.26213400390475,0.0,0.9375,0.921875
2713700,456.2632516769551,0.0,0.875,0.90625
2713800,456.2636419792793,0.0,0.9375,0.890625
2713900,456.26421970744326,0.0,0.875,0.875
2714000,456.2661274154429,0.0,0.875,0.9375
2714100,456.26744468406633,0.0,0.9375,0.875
2714200,456.2683103814634,0.0,0.9375,0.890625
2714300,456.26945762339915,0.0,0.9375,0.921875
2714400,456.2702448951096,0.0,0.8125,0.921875
2714500,456.27162675222775,0.0,0.9375,0.90625
2714600,456.27278736397056,0.0,0.875,0.875
2714700,456.27362258802447,0.0,0.9375,0.9375
2714800,456.27586634688873,0.0,0.8125,0.921875
2714900,456.27804822175074,0.0,0.75,0.9375
2715000,456.28058488250974,0.0,1,0.890625
2715100,456.28155087782864,0.0,0.9375,0.953125
2715200,456.2828111341584,0.0,0.75,0.921875
2715300,456.2841678730821,0.0,0.9375,0.890625
2715400,456.2851282364844,0.0,0.875,0.828125
2715500,456.286890849998,0.0,0.875,0.90625
2715600,456.2877538941621,0.0,0.875,0.875
2715700,456.2886635473568,0.0,0.6875,0.875
2715800,456.2903090801389,0.0,0.875,0.828125
2715900,456.29240895756203,0.0,0.9375,0.859375
2716000,456.29380097176573,0.0,0.8125,0.859375
2716100,456.2948459643968,0.0,0.8125,0.875
2716200,456.2964458935471,0.0,0.875,0.890625
2716300,456.2974173003253,0.0,0.875,0.890625
2716400,456.2988539118095,0.0,0.9375,0.9375
2716500,456.3001633552351,0.0,0.875,0.921875
2716600,456.3016672390482,0.0,0.9375,0.890625
2716700,456.3033862345958,0.0,0.8125,0.8125
2716800,456.30444929545314,0.0,0.9375,0.8125
2716900,456.30529547397987,0.0,1,0.875
2717000,456.30644458309433,0.0,0.875,0.828125
2717100,456.3078563285996,0.0,0.9375,0.8125
2717200,456.30902448985654,0.0,0.9375,0.921875
2717300,456.3100884124541,0.0,0.875,0.890625
2717400,456.3106449799726,0.0,0.8125,0.890625
2717500,456.31228357640725,0.0,0.9375,0.921875
2717600,456.31341624127504,0.0,0.8125,0.890625
2717700,456.3157955124857,0.0,0.8125,0.875
2717800,456.3171158908916,0.0,1,0.828125
2717900,456.3179264784885,0.0,0.875,0.828125
2718000,456.3189627795963,0.0,0.9375,0.828125
2718100,456.3194429763476,0.0,0.9375,0.90625
2718200,456.3208220431862,0.0,0.75,0.84375
2718300,456.3222635524305,0.0,0.9375,0.875
2718400,456.32319359450736,0.0,0.875,0.875
2718500,456.32655182842575,0.0,0.875,0.90625
2718600,456.3272826297751,0.0,0.75,0.890625
2718700,456.3290346146855,0.0,0.875,0.890625
2718800,456.33067361002537,0.0,0.875,0.921875
2718900,456.3317717576303,0.0,0.875,0.84375
2719000,456.33263405948134,0.0,0.875,0.890625
2719100,456.3332982236324,0.0,1,0.84375
2719200,456.3342229248928,0.0,0.875,0.921875
2719300,456.33508109377226,0.0,0.875,0.90625
2719400,456.335987427797,0.0,0.8125,0.9375
2719500,456.3368761884407,0.0,0.9375,0.828125
2719600,456.33768539232824,0.0,0.875,0.921875
2719700,456.3383371151838,0.0,1,0.84375
2719800,456.33869655946086,0.0,0.9375,0.875
2719900,456.34084974712823,0.0,0.875,0.890625
2720000,456.3419060224392,0.0,0.9375,0.890625
2720100,456.3432035881198,0.0,0.6875,0.84375
2720200,456.3441198752401,0.0,0.9375,0.953125
2720300,456.3449634051728,0.0,0.875,0.890625
2720400,456.346351570958,0.0,1,0.859375
2720500,456.34722877322093,0.0,0.9375,0.8125
2720600,456.34891244281766,0.0,0.8125,0.8125
2720700,456.350373099923,0.0,0.875,0.890625
2720800,456.3517152606692,0.0,0.9375,0.859375
2720900,456.35267201512806,0.0,0.875,0.875
2721000,456.3534783197483,0.0,0.9375,0.90625
2721100,456.3541288669833,0.0,0.9375,0.734375
2721200,456.3547564737937,0.0,0.8125,0.859375
2721300,456.3566353273239,0.0,0.875,0.890625
2721400,456.3572983713694,0.0,1,0.9375
2721500,456.35895909893475,0.0,0.875,0.84375
2721600,456.36046280953417,0.0,0.9375,0.84375
2721700,456.36127971606817,0.0,0.875,0.84375
2721800,456.3627920637133,0.0,0.8125,0.8125
2721900,456.3633928848565,0.0,1,0.953125
2722000,456.3641336161793,0.0,0.75,0.90625
2722100,456.3656627664418,0.0,0.875,0.828125
2722200,456.36643044672985,0.0,0.875,0.875
2722300,456.3672545375122,0.0,0.875,0.953125
2722400,456.3689659229982,0.0,0.75,0.90625
2722500,456.3705321806258,0.0,0.75,0.90625
2722600,456.3715409996704,0.0,0.875,0.828125
2722700,456.37293236770114,0.0,0.6875,0.875
2722800,456.37373529649926,0.0,0.875,0.796875
2722900,456.37489334344025,0.0,0.9375,0.90625
2723000,456.37621644465656,0.0,0.8125,0.875
2723100,456.3823835600623,0.0,0.9375,0.828125
2723200,456.3873793483279,0.0,0.875,0.953125
2723300,456.3885496977036,0.0,0.9375,0.921875
2723400,456.39244298364974,0.0,0.75,0.84375
2723500,456.39313010265494,0.0,0.875,0.9375
2723600,456.3936520873889,0.0,0.8125,0.921875
2723700,456.3944367894263,0.0,0.9375,0.90625
2723800,456.3957336871951,0.0,0.8125,0.84375
2723900,456.39730321215103,0.0,0.8125,0.921875
2724000,456.3991295193804,0.0,0.75,0.90625
2724100,456.40052862568587,0.0,0.875,0.90625
2724200,456.4019496618459,0.0,0.9375,0.921875
2724300,456.4027198142819,0.0,0.8125,0.875
2724400,456.403950771325,0.0,0.875,0.921875
2724500,456.4044606464066,0.0,0.9375,0.84375
2724600,456.4056555537236,0.0,0.8125,0.921875
2724700,456.40612310029826,0.0,0.875,0.828125
2724800,456.4069076357972,0.0,0.8125,0.828125
2724900,456.4087406411548,0.0,0.875,0.921875
2725000,237.65025117913356,0.0,0.8125,0.90625
2725100,237.7668270104526,0.0,0.9375,0.9375
2725200,237.8463789702717,0.0,0.9375,0.890625
2725300,237.9103779181821,0.0,0.8125,0.90625
2725400,237.99843293099636,0.0,1,0.90625
2725500,238.04833047201458,0.0,0.8125,0.890625
2725600,238.14181420654745,0.0,0.9375,0.890625
2725700,238.19351309254614,0.0,0.75,0.875
2725800,238.28716104689838,0.0,0.75,0.8125
2725900,238.339095156783,0.0,0.875,0.859375
2726000,238.42398652486403,0.0,1,0.890625
2726100,238.52129262395792,0.0,0.875,0.9375
2726200,238.6262589244417,0.0,0.9375,0.859375
2726300,238.67256584074354,0.0,0.75,0.796875
2726400,238.8625309103359,0.0,0.875,0.890625
2726500,239.023294860256,0.0,0.75,0.828125
2726600,239.10364246515712,0.0,0.75,0.90625
2726700,239.31756291409403,0.0,0.875,0.921875
2726800,239.39957587916498,0.0,0.875,0.96875
2726900,239.50615350486018,0.0,1,0.90625
2727000,239.64412916124462,0.0,1,0.84375
2727100,239.72027054646637,0.0,0.8125,0.90625
2727200,239.93184738725034,0.0,0.875,0.828125
2727300,240.1795821266871,0.0,1,0.90625
2727400,240.49809387522347,0.0,0.875,0.9375
2727500,240.8298056515145,0.0,0.8125,0.875
2727600,241.26176751344343,0.0,0.875,0.890625
2727700,241.71993225048922,0.0,0.8125,0.859375
2727800,242.16752012050193,0.0,0.875,0.90625
2727900,242.69199128038025,0.0,0.875,0.90625
2728000,242.89145385129817,0.0,0.875,0.890625
2728100,244.09831018005625,0.0,0.9375,0.921875
2728200,255.22147553281764,0.0,0.8125,0.890625
2728300,330.9132956983017,0.0,0.875,0.859375
2728400,337.28456288805825,0.0,0.8125,0.890625
2728500,339.08587127331003,0.0,0.9375,0.84375
2728600,340.58355714844345,0.0,0.9375,0.8125
2728700,341.9579906526931,0.0,0.875,0.84375
2728800,343.2991623978991,0.0,1,0.953125
2728900,343.63998406876925,0.0,1,0.90625
2729000,344.1467309914147,0.0,0.8125,0.90625
2729100,344.38851348302853,0.0,0.9375,0.9375
2729200,345.08857932812697,0.0,0.9375,0.875
2729300,345.5658064651532,0.0,0.875,0.953125
2729400,345.8904945446908,0.0,0.9375,0.921875
2729500,346.08624558817337,0.0,0.8125,0.8125
2729600,346.3851554395176,0.0,0.875,0.90625
2729700,346.53465021305544,0.0,0.875,0.859375
2729800,346.89394225476457,0.0,0.9375,0.90625
2729900,347.2391940467804,0.0,0.875,0.859375
2730000,347.5483969320892,0.0,0.875,0.71875
2730100,347.8259565318692,0.0,0.9375,0.953125
2730200,348.18722834321505,0.0,0.9375,0.890625
2730300,348.384394083738,0.0,0.75,0.84375
2730400,348.7801694253379,0.0,0.875,0.84375
2730500,349.1223103412242,0.0,0.9375,0.84375
2730600,349.46033990854994,0.0,1,0.90625
2730700,349.85543248316975,0.0,0.875,0.875
2730800,350.34822585010835,0.0,1,0.921875
2730900,351.4320952628148,0.0,0.875,0.96875
2731000,353.59063522303484,0.0,0.9375,0.890625
2731100,358.1391941717408,0.0,0.75,0.859375
2731200,433.1628751359661,0.0,0.8125,0.890625
2731300,445.99380789003476,0.0,1,0.921875
2731400,448.1144245188639,0.0,0.875,0.875
2731500,449.27820521941015,0.0,0.875,0.859375
2731600,449.73105194112674,0.0,0.75,0.765625
2731700,450.2769499432563,0.0,0.75,0.84375
2731800,451.11816144981077,0.0,0.9375,0.859375
2731900,451.46697911112244,0.0,0.9375,0.875
2732000,451.7672600730917,0.0,0.9375,0.859375
2732100,451.96532574516317,0.0,0.875,0.859375
2732200,452.1348666072711,0.0,0.6875,0.859375
2732300,452.4470205581722,0.0,0.9375,0.859375
2732400,452.6615107935207,0.0,0.875,0.875
2732500,452.8951024234912,0.0,1,0.875
2732600,453.1045307915179,0.0,0.8125,0.875
2732700,453.20718831755795,0.0,0.9375,0.8125
2732800,453.28104194400623,0.0,0.875,0.859375
2732900,453.4184823187311,0.0,0.875,0.796875
2733000,453.4989107286341,0.0,0.875,0.90625
2733100,453.6671442341338,0.0,0.875,0.921875
2733200,453.84313765980454,0.0,0.875,0.953125
2733300,453.9311846234875,0.0,0.8125,0.875
2733400,454.047751321063,0.0,0.8125,0.890625
2733500,454.1056142902753,0.0,0.75,0.921875
2733600,454.2036668761635,0.0,0.8125,0.84375
2733700,454.2819796793286,0.0,0.875,0.828125
2733800,454.3464001480528,0.0,0.875,0.90625
2733900,454.51131451080937,0.0,0.9375,0.875
2734000,454.577006072266,0.0,0.875,0.859375
2734100,454.64268789312416,0.0,0.9375,0.875
2734200,454.68211932501123,0.0,1,0.90625
2734300,454.7507120768883,0.0,0.9375,0.875
2734400,454.8244854112893,0.0,0.9375,0.953125
2734500,454.8358745679237,0.0,0.8125,0.875
2734600,454.8667198777583,0.0,0.9375,0.890625
2734700,454.9148705163675,0.0,0.75,0.84375
2734800,454.960358718007,0.0,0.8125,0.953125
2734900,455.0245187998697,0.0,0.875,0.875
2735000,455.0680277133836,0.0,0.9375,0.890625
2735100,455.0952116904815,0.0,1,0.9375
2735200,455.1146629537743,0.0,0.8125,0.875
2735300,455.15484910086855,0.0,0.9375,0.84375
2735400,455.1835632715302,0.0,0.9375,0.890625
2735500,455.218428589165,0.0,0.9375,0.875
2735600,455.23954742328004,0.0,0.9375,0.890625
2735700,455.27539805262586,0.0,0.875,0.921875
2735800,455.3092318696485,0.0,0.875,0.890625
2735900,455.34087758360744,0.0,0.875,0.890625
2736000,455.384763129262,0.0,0.875,0.84375
2736100,455.38984413158335,0.0,0.8125,0.875
2736200,455.3933885970098,0.0,0.8125,0.875
2736300,455.39421202587596,0.0,0.8125,0.875
2736400,455.39853143841185,0.0,0.8125,0.921875
2736500,455.4228488035677,0.0,0.875,0.875
2736600,455.45213197504523,0.0,0.9375,0.90625
2736700,455.46719251610654,0.0,0.9375,0.859375
2736800,455.47795603778263,0.0,1,0.875
2736900,455.48361295430465,0.0,0.8125,0.890625
2737000,455.49791721224335,0.0,0.875,0.890625
2737100,455.51664919252676,0.0,0.9375,0.84375
2737200,455.53067239913906,0.0,0.8125,0.90625
2737300,455.54012089630265,0.0,0.875,0.890625
2737400,455.55639775606204,0.0,0.9375,0.953125
2737500,455.5674587532662,0.0,0.9375,0.90625
2737600,455.5869592901321,0.0,0.875,0.78125
2737700,455.58827211503916,0.0,0.75,0.90625
2737800,455.61014597239466,0.0,0.9375,0.921875
2737900,455.62708064909685,0.0,0.75,0.90625
2738000,455.63932395920034,0.0,0.875,0.875
2738100,455.6443789869644,0.0,0.625,0.875
2738200,455.6604951423763,0.0,0.9375,0.84375
2738300,455.67338137472296,0.0,0.875,0.921875
2738400,455.67554657624447,0.0,0.875,0.875
2738500,455.6789564567643,0.0,0.875,0.84375
2738600,455.68053981917393,0.0,0.875,0.921875
2738700,455.6883618343266,0.0,0.9375,0.859375
2738800,455.69166723772804,0.0,0.9375,0.859375
2738900,455.6933020261656,0.0,0.8125,0.84375
2739000,455.69644010853773,0.0,0.8125,0.90625
2739100,455.6985563684651,0.0,0.875,0.890625
2739200,455.69995275100854,0.0,0.9375,0.875
2739300,455.7043319314786,0.0,0.875,0.921875
2739400,455.70861968054555,0.0,0.8125,0.921875
2739500,455.7115122267433,0.0,0.875,0.875
2739600,455.7130554660023,0.0,0.875,0.921875
2739700,455.71361153457644,0.0,0.875,0.90625
2739800,455.71503967636056,0.0,0.9375,0.921875
2739900,455.7200614729323,0.0,0.875,0.875
2740000,455.72215108755836,0.0,0.875,0.796875
2740100,455.72851932860243,0.0,0.8125,0.859375
2740200,455.7289641781208,0.0,0.875,0.921875
2740300,455.73109565154067,0.0,0.8125,0.84375
2740400,455.7325099409406,0.0,1,0.9375
2740500,455.7336176645895,0.0,0.6875,0.890625
2740600,455.73571392982115,0.0,0.625,0.890625
2740700,455.73974013017147,0.0,0.875,0.859375
2740800,455.7432216799847,0.0,0.9375,0.90625
2740900,455.74451330463353,0.0,0.8125,0.875
2741000,455.7461704616234,0.0,0.9375,0.890625
2741100,455.74760107753366,0.0,0.875,0.84375
2741200,455.7487652086902,0.0,1,0.859375
2741300,455.7497724976578,0.0,0.6875,0.90625
2741400,455.7586586200347,0.0,0.8125,0.890625
2741500,455.75972749941826,0.0,0.9375,0.9375
2741600,455.76435376290266,0.0,0.875,0.96875
2741700,455.7702672574357,0.0,0.8125,0.921875
2741800,455.7728249245713,0.0,0.875,0.90625
2741900,455.774735196666,0.0,0.875,0.90625
2742000,455.776801669053,0.0,0.875,0.828125
2742100,455.7818370324514,0.0,0.875,0.90625
2742200,455.7835712059847,0.0,0.6875,0.859375
2742300,455.79263251822306,0.0,0.75,0.8125
2742400,455.7949746090903,0.0,0.875,0.84375
2742500,455.7969360914278,0.0,1,0.921875
2742600,455.79920946171285,0.0,0.875,0.90625
2742700,455.8063670977149,0.0,0.9375,0.90625
2742800,455.80817638813426,0.0,0.9375,0.9375
2742900,455.81115107821,0.0,0.9375,0.9375
2743000,455.8147144616075,0.0,1,0.859375
2743100,455.81675818177905,0.0,0.9375,0.890625
2743200,455.8192378949527,0.0,0.8125,0.953125
2743300,455.82071138563407,0.0,0.9375,0.96875
2743400,455.8258832204729,0.0,0.9375,0.921875
2743500,455.8292592146757,0.0,0.875,0.953125
2743600,455.8304751036538,0.0,0.875,0.8125
2743700,455.8365994673613,0.0,0.875,0.90625
2743800,455.83912692198044,0.0,0.9375,0.859375
2743900,455.84140278614467,0.0,0.9375,0.84375
2744000,455.8441949319285,0.0,0.875,0.90625
2744100,455.8455477798086,0.0,0.8125,0.875
2744200,455.8485218712622,0.0,0.9375,0.84375
2744300,455.850378061849,0.0,0.875,0.875
2744400,455.85569763844984,0.0,0.875,0.828125
2744500,455.8558844937355,0.0,0.875,0.890625
2744600,455.8580973140614,0.0,0.9375,0.875
2744700,455.8619390454351,0.0,0.875,0.875
2744800,455.86387511780765,0.0,0.9375,0.8125
2744900,455.8682023242571,0.0,0.875,0.8125
2745000,455.87646087187073,0.0,0.875,0.9375
2745100,455.8822453150868,0.0,0.8125,0.84375
2745200,455.88304251573425,0.0,0.75,0.84375
2745300,455.88432158531344,0.0,0.9375,0.796875
2745400,455.88466737973397,0.0,0.9375,0.875
2745500,455.8870032389823,0.0,0.875,0.890625
2745600,455.8879197349851,0.0,0.9375,0.9375
2745700,455.8901806416147,0.0,0.875,0.859375
2745800,455.8925380620957,0.0,0.9375,0.890625
2745900,455.89387847295905,0.0,0.875,0.875
2746000,455.89537143991015,0.0,0.9375,0.90625
2746100,455.8962746310413,0.0,0.8125,0.9375
2746200,455.89990022367977,0.0,0.8125,0.859375
2746300,455.90227754232194,0.0,0.8125,0.890625
2746400,455.90353035756004,0.0,1,0.90625
2746500,455.9042093184148,0.0,0.8125,0.859375
2746600,455.90557685368884,0.0,0.9375,0.890625
2746700,455.9065631368229,0.0,0.875,0.9375
2746800,455.908300085878,0.0,0.875,0.9375
2746900,455.9101034018337,0.0,0.875,0.890625
2747000,455.9148511566111,0.0,0.875,0.875
2747100,455.91579947083505,0.0,0.9375,0.8125
2747200,455.9169768823404,0.0,0.8125,0.90625
2747300,455.9189217535586,0.0,0.8125,0.921875
2747400,455.9195714298427,0.0,0.875,0.8125
2747500,455.9224751823528,0.0,1,0.890625
2747600,455.92401194450326,0.0,0.8125,0.890625
2747700,455.92587517825456,0.0,0.9375,0.90625
2747800,455.92749305101836,0.0,1,0.921875
2747900,455.92892984507995,0.0,0.6875,0.890625
2748000,455.9310049669275,0.0,0.875,0.90625
2748100,455.93278884900855,0.0,0.9375,0.90625
2748200,455.9335136813237,0.0,0.875,0.96875
2748300,455.93460037673935,0.0,0.875,0.921875
2748400,455.9359776369814,0.0,0.9375,0.859375
2748500,455.94335347471406,0.0,0.875,0.890625
2748600,455.9467105173396,0.0,0.875,0.875
2748700,455.95267368341194,0.0,0.8125,0.921875
2748800,455.9541794921546,0.0,0.75,0.859375
2748900,455.9564622015168,0.0,0.8125,0.875
2749000,455.9568637080097,0.0,0.9375,0.953125
2749100,455.9599802742021,0.0,0.9375,0.90625
2749200,455.96057285145616,0.0,0.8125,0.859375
2749300,455.96164429769084,0.0,0.8125,0.953125
2749400,455.9646806792531,0.0,1,0.890625
2749500,455.9682580680202,0.0,0.875,0.90625
2749600,455.9697592585154,0.0,0.875,0.90625
2749700,455.9734159487371,0.0,0.875,0.890625
2749800,455.97572890852933,0.0,0.9375,0.890625
2749900,455.97657199962947,0.0,1,0.859375
2750000,238.2378006944396,0.0,0.875,0.921875
2750100,238.36074612168304,0.0,0.875,0.84375
2750200,238.50012458859192,0.0,0.9375,0.921875
2750300,238.6725712635783,0.0,0.9375,0.90625
2750400,238.77357294294575,0.0,1,0.90625
2750500,238.83907657407886,0.0,0.875,0.84375
2750600,238.95606238205644,0.0,0.8125,0.890625
2750700,239.13604977085964,0.0,0.75,0.90625
2750800,239.30178454669357,0.0,0.8125,0.859375
2750900,239.5101737169571,0.0,0.875,0.84375
2751000,239.73305285008556,0.0,0.875,0.859375
2751100,239.950520032905,0.0,0.9375,0.890625
2751200,240.08952223778576,0.0,0.9375,0.9375
2751300,240.3808818925899,0.0,0.9375,0.875
2751400,240.58532646140335,0.0,0.9375,0.890625
2751500,240.88954042261267,0.0,0.8125,0.875
2751600,241.3536510163604,0.0,0.875,0.890625
2751700,241.69344254002831,0.0,0.9375,0.875
2751800,241.96926551382583,0.0,0.8125,0.9375
2751900,242.51168812389233,0.0,0.9375,0.9375
2752000,242.70373240700218,0.0,0.9375,0.875
2752100,244.3285757261854,0.0,0.875,0.890625
2752200,249.343338216025,0.0,0.875,0.875
2752300,258.0381960170169,0.0,0.875,0.9375
2752400,327.8724527542859,0.0,0.875,0.875
2752500,335.53172751983954,0.0,0.875,0.84375
2752600,338.7776273592845,0.0,0.875,0.953125
2752700,340.36486302427926,0.0,0.9375,0.90625
2752800,341.09948559668874,0.0,0.875,0.9375
2752900,342.13691715655597,0.0,0.9375,0.875
2753000,342.39367552398437,0.0,0.875,0.890625
2753100,342.69597784188386,0.0,1,0.921875
2753200,343.1543646314,0.0,0.8125,0.859375
2753300,343.6890697503417,0.0,0.9375,0.921875
2753400,343.96438326284675,0.0,0.8125,0.90625
2753500,344.41731109510266,0.0,0.9375,0.90625
2753600,344.7744260024882,0.0,0.9375,0.90625
2753700,344.9312560202349,0.0,0.875,0.9375
2753800,345.13324769852824,0.0,0.8125,0.78125
2753900,345.5252934332459,0.0,0.9375,0.921875
2754000,345.7380713110002,0.0,0.875,0.921875
2754100,346.00338814980915,0.0,0.9375,0.90625
2754200,346.16063263467987,0.0,0.875,0.90625
2754300,346.3500523147264,0.0,0.9375,0.828125
2754400,346.6028768714193,0.0,0.8125,0.890625
2754500,346.88062010549083,0.0,0.8125,0.90625
2754600,347.0711288486997,0.0,0.8125,0.9375
2754700,347.3348624273646,0.0,0.9375,0.90625
2754800,347.63663378731934,0.0,0.8125,0.890625
2754900,347.84046874664904,0.0,0.8125,0.875
2755000,348.00262248324526,0.0,0.9375,0.890625
2755100,348.12393924923913,0.0,1,0.953125
2755200,348.3396136577427,0.0,0.9375,0.9375
2755300,348.5962976096845,0.0,0.8125,0.875
2755400,349.0307841993877,0.0,0.9375,0.828125
2755500,349.2877650543065,0.0,0.875,0.90625
2755600,349.59789633511673,0.0,1,0.921875
2755700,349.8593872092068,0.0,0.9375,0.8125
2755800,350.33672379043844,0.0,0.875,0.890625
2755900,350.6529667883455,0.0,0.9375,0.921875
2756000,350.8538952393505,0.0,0.9375,0.921875
2756100,351.76473728156105,0.0,0.8125,0.90625
2756200,352.49661355428776,0.0,1,0.875
2756300,354.0553214923539,0.0,0.875,0.984375
2756400,355.7258698303925,0.0,0.9375,0.90625
2756500,358.57459911921865,0.0,0.875,0.875
2756600,370.15032412278083,0.0,0.875,0.84375
2756700,402.53119508361965,0.0,0.875,0.90625
2756800,435.29710572362774,0.0,1,0.9375
2756900,446.49760978039916,0.0,0.8125,0.828125
2757000,448.6371444286428,0.0,0.875,0.875
2757100,449.07066143986816,0.0,1,0.875
2757200,449.4652628207843,0.0,0.875,0.859375
2757300,449.7279397672969,0.0,0.9375,0.890625
2757400,449.9056729805164,0.0,0.875,0.921875
2757500,450.27361787338236,0.0,1,0.78125
2757600,450.3565191366749,0.0,0.9375,0.828125
2757700,450.56693498517126,0.0,1,0.875
2757800,450.9145523552508,0.0,0.9375,0.828125
2757900,451.06059602342634,0.0,0.875,0.921875
2758000,451.251860420634,0.0,0.9375,0.90625
2758100,451.47454420945115,0.0,0.8125,0.953125
2758200,451.7294650482382,0.0,0.875,0.890625
2758300,451.8174192835733,0.0,0.8125,0.9375
2758400,451.95082490052516,0.0,0.8125,0.921875
2758500,452.0978624865551,0.0,0.9375,0.890625
2758600,452.28359064797525,0.0,0.875,0.859375
2758700,452.38684289566606,0.0,0.875,0.875
2758800,452.5357422827918,0.0,1,0.890625
2758900,452.6987723035524,0.0,0.8125,0.953125
2759000,452.7890080168703,0.0,1,0.921875
2759100,452.9644057517058,0.0,1,0.8125
2759200,453.0586949593393,0.0,0.9375,0.8125
2759300,453.19153390233845,0.0,0.8125,0.78125
2759400,453.2749214077428,0.0,0.875,0.9375
2759500,453.35418842995864,0.0,0.875,0.921875
2759600,453.42451055779435,0.0,0.9375,0.890625
2759700,453.5999276207228,0.0,0.8125,0.890625
2759800,453.6929812024566,0.0,0.875,0.890625
2759900,453.7886056623251,0.0,0.9375,0.921875
2760000,453.86378939985894,0.0,0.9375,0.953125
2760100,453.95207034224603,0.0,0.875,0.84375
2760200,453.98033410754755,0.0,0.8125,0.890625
2760300,454.0941118190924,0.0,1,0.921875
2760400,454.20440894450496,0.0,0.875,0.90625
2760500,454.3027961263654,0.0,0.9375,0.84375
2760600,454.32161393887134,0.0,0.9375,0.859375
2760700,454.35944045040554,0.0,0.875,0.84375
2760800,454.3796880431093,0.0,0.9375,0.875
2760900,454.4009013247784,0.0,0.875,0.84375
2761000,454.4719603028375,0.0,0.9375,0.84375
2761100,454.49567879289185,0.0,0.9375,0.921875
2761200,454.51810567305597,0.0,0.9375,0.890625
2761300,454.56232865037884,0.0,0.875,0.90625
2761400,454.5677056600278,0.0,1,0.875
2761500,454.62090250214493,0.0,0.875,0.890625
2761600,454.6219810378681,0.0,0.875,0.890625
2761700,454.6379705582057,0.0,0.875,0.875
2761800,454.6658106695665,0.0,0.75,0.890625
2761900,454.6746752728143,0.0,0.9375,0.90625
2762000,454.68696849116265,0.0,0.875,0.9375
2762100,454.70173733458427,0.0,1,0.9375
2762200,454.7199953561184,0.0,1,0.859375
2762300,454.72303123229057,0.0,1,0.921875
2762400,454.7435547554615,0.0,0.875,0.890625
2762500,454.75510387984184,0.0,0.875,0.859375
2762600,454.7571731638493,0.0,0.875,0.890625
2762700,454.7605796992789,0.0,1,0.9375
2762800,454.77125304542415,0.0,0.8125,0.828125
2762900,454.8249296348166,0.0,0.8125,0.90625
2763000,454.84224881224253,0.0,0.8125,0.875
2763100,454.8722738848092,0.0,0.9375,0.9375
2763200,454.8815235848554,0.0,1,0.859375
2763300,454.8826661060583,0.0,0.875,0.921875
2763400,454.8899055422635,0.0,1,0.875
2763500,454.8939630626587,0.0,0.9375,0.921875
2763600,454.945861227577,0.0,1,0.9375
2763700,454.9622242053761,0.0,0.875,0.859375
2763800,454.9692015173411,0.0,0.875,0.9375
2763900,454.9916481447012,0.0,1,0.84375
2764000,454.99505800368786,0.0,0.9375,0.90625
2764100,455.00027494564716,0.0,0.9375,0.9375
2764200,455.0062585127543,0.0,0.875,0.90625
2764300,455.0224085483618,0.0,0.875,0.859375
2764400,455.04860666879097,0.0,0.875,0.9375
2764500,455.07781662560814,0.0,0.875,0.8125
2764600,455.08790573314457,0.0,0.875,0.875
2764700,455.09914953412647,0.0,0.9375,0.859375
2764800,455.18543075807713,0.0,1,0.921875
2764900,455.19122392063184,0.0,1,0.9375
2765000,455.1934730133923,0.0,0.9375,0.90625
2765100,455.20482148232344,0.0,0.875,0.859375
2765200,455.2086332796856,0.0,0.875,0.921875
2765300,455.2124076197193,0.0,0.9375,0.828125
2765400,455.2131873749441,0.0,0.875,0.921875
2765500,455.22096902021116,0.0,0.9375,0.90625
2765600,455.2232605551963,0.0,1,0.890625
2765700,455.23129127760734,0.0,1,0.84375
2765800,455.2403243366703,0.0,0.9375,0.890625
2765900,455.2420737918235,0.0,0.8125,0.90625
2766000,455.2524522164077,0.0,0.875,0.9375
2766100,455.2566933771118,0.0,0.9375,0.90625
2766200,455.26191185537726,0.0,0.875,0.9375
2766300,455.2705086514427,0.0,0.875,0.84375
2766400,455.29238145956737,0.0,0.9375,0.921875
2766500,455.2933274258573,0.0,0.9375,0.921875
2766600,455.29610209824637,0.0,1,0.828125
2766700,455.303796956685,0.0,0.75,0.90625
2766800,455.31297561195834,0.0,0.8125,0.875
2766900,455.31622787706306,0.0,0.875,0.859375
2767000,455.3191116721423,0.0,0.875,0.984375
2767100,455.3241748056932,0.0,1,0.84375
2767200,455.3289346055274,0.0,0.8125,0.890625
2767300,455.33138514447353,0.0,0.9375,0.890625
2767400,455.33231786122786,0.0,0.8125,0.953125
2767500,455.3404141738142,0.0,0.875,0.875
2767600,455.3452162274063,0.0,0.875,0.796875
2767700,455.3479612625984,0.0,1,0.875
2767800,455.34851322709545,0.0,0.9375,0.890625
2767900,455.35718086789325,0.0,0.8125,0.859375
2768000,455.35839143745426,0.0,0.875,0.890625
2768100,455.3704698823027,0.0,0.9375,0.890625
2768200,455.3729388059379,0.0,0.875,0.921875
2768300,455.37657939575075,0.0,0.875,0.875
2768400,455.3853915305922,0.0,0.8125,0.953125
2768500,455.3918892620499,0.0,0.9375,0.859375
2768600,455.396682167862,0.0,0.8125,0.96875
2768700,455.3997289019499,0.0,0.9375,0.875
2768800,455.4019156472016,0.0,1,0.890625
2768900,455.4041139710091,0.0,1,0.921875
2769000,455.4098566380749,0.0,0.9375,0.921875
2769100,455.4117485970118,0.0,0.875,0.84375
2769200,455.41347156903686,0.0,0.875,0.921875
2769300,455.41994272245546,0.0,0.875,0.9375
2769400,455.431100439639,0.0,0.9375,0.921875
2769500,455.44503023650867,0.0,0.875,0.90625
2769600,455.4460062838594,0.0,0.8125,0.875
2769700,455.4472768557991,0.0,0.75,0.890625
2769800,455.4483669843891,0.0,0.8125,0.9375
2769900,455.4492716148555,0.0,0.875,0.90625
2770000,455.4510217576292,0.0,0.9375,0.890625
2770100,455.4522516883758,0.0,1,0.90625
2770200,455.45627248731955,0.0,0.8125,0.890625
2770300,455.4589762587926,0.0,0.9375,0.921875
2770400,455.46281488227856,0.0,0.9375,0.9375
2770500,455.46581412838657,0.0,0.9375,0.953125
2770600,455.46710287390385,0.0,1,0.84375
2770700,455.47363034650454,0.0,0.8125,0.921875
2770800,455.4795917438755,0.0,0.9375,0.84375
2770900,455.48241603200313,0.0,0.9375,0.875
2771000,455.4847895818204,0.0,0.875,0.859375
2771100,455.4872290262085,0.0,0.8125,0.875
2771200,455.48898342790693,0.0,0.9375,0.84375
2771300,455.4949453408355,0.0,0.8125,0.859375
2771400,455.5079445507274,0.0,0.875,0.875
2771500,455.5106024876887,0.0,0.9375,0.921875
2771600,455.51521753398356,0.0,0.9375,0.90625
2771700,455.5208205404819,0.0,0.875,0.859375
2771800,455.52138985198206,0.0,0.9375,0.90625
2771900,455.5223863052307,0.0,1,0.875
2772000,455.5244761908439,0.0,0.875,0.796875
2772100,455.52975791037926,0.0,0.9375,0.90625
2772200,455.5311874928473,0.0,0.8125,0.890625
2772300,455.5321472146076,0.0,0.9375,0.875
2772400,455.53702468190954,0.0,0.8125,0.859375
2772500,455.53889622218253,0.0,0.75,0.84375
2772600,455.5449550816673,0.0,0.9375,0.90625
2772700,455.5456870450482,0.0,0.875,0.90625
2772800,455.5465108025499,0.0,0.8125,0.890625
2772900,455.5536012722795,0.0,0.9375,0.890625
2773000,455.55662947025445,0.0,0.8125,0.828125
2773100,455.5629541170559,0.0,0.9375,0.921875
2773200,455.56467268283404,0.0,0.875,0.9375
2773300,455.5674563734796,0.0,0.875,0.921875
2773400,455.571458009514,0.0,0.875,0.921875
2773500,455.57477639431585,0.0,1,0.859375
2773600,455.5762132458669,0.0,0.875,0.90625
2773700,455.57737801762,0.0,0.8125,0.90625
2773800,455.57931624710335,0.0,1,0.875
2773900,455.58011780103703,0.0,0.9375,0.890625
2774000,455.5811854576372,0.0,0.9375,0.859375
2774100,455.5820525345218,0.0,0.9375,0.875
2774200,455.5837393010269,0.0,0.8125,0.921875
2774300,455.58892736560176,0.0,1,0.921875
2774400,455.5913374707771,0.0,1,0.90625
2774500,455.5969788668336,0.0,0.875,0.875
2774600,455.6015406469208,0.0,0.8125,0.828125
2774700,455.60885064592145,0.0,0.8125,0.90625
2774800,455.61240105350896,0.0,0.875,0.921875
2774900,455.61361299491324,0.0,0.875,0.90625
2775000,315.2723297944086,0.0,0.9375,0.828125
2775100,323.14357732677246,0.0,0.8125,0.9375
2775200,326.7629776376901,0.0,1,0.90625
2775300,330.3129544767663,0.0,0.875,0.84375
2775400,332.3995867970881,0.0,0.9375,0.9375
2775500,334.18613133888323,0.0,0.9375,0.84375
2775600,335.9127105254449,0.0,0.9375,0.953125
2775700,337.5768164978833,0.0,0.9375,0.96875
2775800,339.17827376916074,0.0,0.875,0.921875
2775900,342.7901446537572,0.0,0.875,0.84375
2776000,378.72308875510413,0.0,0.875,0.9375
2776100,435.0535195027586,0.0,0.8125,0.875
2776200,437.6183835144094,0.0,0.9375,0.921875
2776300,439.00567941625724,0.0,0.875,0.90625
2776400,440.17840747593294,0.0,1,0.890625
2776500,440.9278112266951,0.0,0.9375,0.890625
2776600,442.2285260346369,0.0,0.9375,0.90625
2776700,442.79937527547827,0.0,0.8125,0.90625
2776800,443.46325654701053,0.0,0.8125,0.921875
2776900,444.21410944921126,0.0,1,0.90625
2777000,444.90875883086085,0.0,0.9375,0.875
2777100,445.60863642166316,0.0,0.875,0.921875
2777200,446.15844261194906,0.0,0.9375,0.9375
2777300,446.44733145692294,0.0,0.9375,0.9375
2777400,446.92461856054473,0.0,1,0.859375
2777500,447.3147555606406,0.0,1,0.828125
2777600,447.5764416531848,0.0,0.9375,0.953125
2777700,447.88814536912355,0.0,0.875,0.9375
2777800,448.4338683361592,0.0,1,0.890625
2777900,448.7967805375858,0.0,1,0.9375
2778000,449.1087269319901,0.0,0.875,0.90625
2778100,449.35801154358813,0.0,1,0.828125
2778200,449.65473215725217,0.0,0.9375,0.90625
2778300,449.99006165275017,0.0,1,0.953125
2778400,450.2600079586021,0.0,0.875,0.84375
2778500,450.56931127274163,0.0,0.875,0.890625
2778600,450.811247694546,0.0,0.9375,0.921875
2778700,451.07693908936,0.0,1,0.859375
2778800,451.2708230545193,0.0,1,0.890625
2778900,451.58953691883414,0.0,0.9375,0.96875
2779000,451.81174470321486,0.0,1,0.90625
2779100,451.96302134411144,0.0,0.9375,0.90625
2779200,452.14579661265486,0.0,0.875,0.890625
2779300,452.34778812813124,0.0,1,0.890625
2779400,452.59619400822606,0.0,0.75,0.875
2779500,452.877455785782,0.0,0.8125,0.890625
2779600,453.0645031842866,0.0,0.8125,0.890625
2779700,453.35284405528756,0.0,0.875,0.890625
2779800,453.55169393681194,0.0,0.875,0.9375
2779900,453.75433245088084,0.0,0.9375,0.859375
2780000,453.87883218568504,0.0,0.8125,0.875
2780100,454.10078225241034,0.0,0.8125,0.90625
2780200,454.2421442192521,0.0,0.875,0.890625
2780300,454.3759173793515,0.0,0.9375,0.9375
2780400,454.4994004036873,0.0,0.9375,0.90625
2780500,454.6480627597037,0.0,0.9375,0.875
2780600,454.74224243921896,0.0,0.875,0.921875
2780700,454.8656313473831,0.0,1,0.875
2780800,454.9036608983972,0.0,0.875,0.90625
2780900,454.9821471515089,0.0,0.9375,0.9375
2781000,455.0764319905952,0.0,0.875,0.921875
2781100,455.19019683170757,0.0,0.9375,0.9375
2781200,455.26364764026,0.0,0.875,0.921875
2781300,455.30614467829355,0.0,0.9375,0.859375
2781400,455.37499619337785,0.0,1,0.890625
2781500,455.3988307422701,0.0,1,0.890625
2781600,455.45860828289216,0.0,0.8125,0.953125
2781700,455.51063276023285,0.0,1,0.953125
2781800,455.54330230115676,0.0,1,0.921875
2781900,455.58967627167056,0.0,0.875,0.921875
2782000,455.62727050253847,0.0,0.875,0.953125
2782100,455.65280697746147,0.0,0.9375,0.890625
2782200,455.7464495562663,0.0,0.8125,0.890625
2782300,455.8079451919857,0.0,0.875,0.875
2782400,455.854747518648,0.0,1,0.875
2782500,455.90141538949956,0.0,1,0.921875
2782600,455.935794762187,0.0,0.875,0.84375
2782700,455.9896846448196,0.0,0.875,0.921875
2782800,456.0386660493333,0.0,1,0.921875
2782900,456.0512492273379,0.0,0.8125,0.890625
2783000,456.0945349137323,0.0,0.875,0.9375
2783100,456.1241176610501,0.0,0.8125,0.84375
2783200,456.1397058541995,0.0,0.8125,0.828125
2783300,456.14649566641236,0.0,1,0.90625
2783400,456.171303994547,0.0,0.875,0.921875
2783500,456.19259827437395,0.0,0.875,0.875
2783600,456.203733008396,0.0,0.875,0.90625
2783700,456.21038156019364,0.0,0.9375,0.90625
2783800,456.2251565386205,0.0,1,0.90625
2783900,456.22613230183646,0.0,0.875,0.875
2784000,456.24794944487263,0.0,0.875,0.953125
2784100,456.25797308589284,0.0,0.9375,0.90625
2784200,456.2628123786379,0.0,1,0.875
2784300,456.26329507288443,0.0,0.9375,0.90625
2784400,456.27207080555047,0.0,0.9375,0.90625
2784500,456.27381655247825,0.0,1,0.796875
2784600,456.2756044318416,0.0,1,0.890625
2784700,456.27693315361205,0.0,0.875,0.875
2784800,456.28227636571216,0.0,1,0.921875
2784900,456.2831796177405,0.0,0.9375,0.90625
2785000,456.2852240058275,0.0,1,0.890625
2785100,456.28589875382363,0.0,0.9375,0.90625
2785200,456.28633416983024,0.0,0.9375,0.921875
2785300,456.2879211331018,0.0,0.875,0.921875
2785400,456.2901164731753,0.0,0.9375,0.9375
2785500,456.2919968429801,0.0,1,0.875
2785600,456.29303928106333,0.0,1,0.8125
2785700,456.2946593000733,0.0,0.9375,0.953125
2785800,456.29523754474695,0.0,0.875,0.828125
2785900,456.29774792670304,0.0,0.875,0.890625
2786000,456.3000882678741,0.0,0.9375,0.828125
2786100,456.3020722434589,0.0,0.875,0.96875
2786200,456.3035705935176,0.0,0.875,0.78125
2786300,456.3042087375666,0.0,0.75,0.828125
2786400,456.3060922729193,0.0,0.875,0.890625
2786500,456.3071596089996,0.0,1,0.875
2786600,456.30771618871427,0.0,0.9375,0.90625
2786700,456.30843444236797,0.0,0.875,0.90625
2786800,456.31035824207515,0.0,0.875,0.875
2786900,456.31086184892365,0.0,0.75,0.921875
2787000,456.31158382267233,0.0,0.875,0.953125
2787100,456.313991353509,0.0,0.875,0.921875
2787200,456.3148319348143,0.0,0.9375,0.96875
2787300,456.3152042529387,0.0,0.9375,0.96875
2787400,456.3156338234846,0.0,1,0.90625
2787500,456.3168205836104,0.0,0.8125,0.9375
2787600,456.3194198687916,0.0,0.875,0.96875
2787700,456.320722436701,0.0,0.8125,0.84375
2787800,456.32245730249866,0.0,0.9375,0.890625
2787900,456.3280689631055,0.0,0.875,0.890625
2788000,456.3305859006545,0.0,1,0.90625
2788100,456.33160699966413,0.0,0.8125,1
2788200,456.3326708027147,0.0,0.9375,0.890625
2788300,456.33532430482666,0.0,0.875,0.859375
2788400,456.33606329484525,0.0,0.875,0.90625
2788500,456.33698019104924,0.0,0.875,0.875
2788600,456.3389341351419,0.0,0.8125,0.90625
2788700,456.34009550110284,0.0,0.875,0.9375
2788800,456.34080725536353,0.0,0.9375,0.859375
2788900,456.34233162025583,0.0,0.875,0.921875
2789000,456.34524913162073,0.0,0.9375,0.984375
2789100,456.34570062272724,0.0,0.8125,0.859375
2789200,456.3465533841972,0.0,0.875,0.90625
2789300,456.34706309563916,0.0,0.75,0.9375
2789400,456.34758561038194,0.0,0.8125,0.90625
2789500,456.3493628830887,0.0,0.875,0.90625
2789600,456.34979359490615,0.0,0.875,0.875
2789700,456.352022443131,0.0,1,0.921875
2789800,456.35255788584203,0.0,0.8125,0.90625
2789900,456.3547982727087,0.0,0.9375,0.859375
2790000,456.35642478641637,0.0,0.875,0.90625
2790100,456.3578955658016,0.0,0.8125,0.859375
2790200,456.35814051120764,0.0,0.9375,0.875
2790300,456.35921690859584,0.0,0.9375,0.890625
2790400,456.3606574797884,0.0,0.875,0.90625
2790500,456.36266034436846,0.0,0.875,0.875
2790600,456.36434897518774,0.0,0.9375,0.890625
2790700,456.36562635511285,0.0,0.8125,0.921875
2790800,456.366315780324,0.0,0.9375,0.90625
2790900,456.36788030165025,0.0,0.875,0.953125
2791000,456.36974661295517,0.0,0.875,0.859375
2791100,456.3711572621189,0.0,0.9375,0.890625
2791200,456.37137079156804,0.0,0.875,0.90625
2791300,456.37229381263046,0.0,0.9375,0.84375
2791400,456.37333010580085,0.0,0.875,0.921875
2791500,456.37439468769117,0.0,0.9375,0.953125
2791600,456.3755372302003,0.0,0.875,0.921875
2791700,456.3770013636005,0.0,0.9375,0.890625
2791800,456.37842434460055,0.0,0.9375,0.9375
2791900,456.37907885541824,0.0,1,0.90625
2792000,456.379887811564,0.0,0.875,0.9375
2792100,456.3807299440869,0.0,1,0.9375
2792200,456.3815047392442,0.0,0.875,0.84375
2792300,456.3841547118666,0.0,0.875,0.9375
2792400,456.3854808209984,0.0,0.9375,0.9375
2792500,456.38599814743156,0.0,0.9375,0.828125
2792600,456.3872585716112,0.0,0.9375,0.921875
2792700,456.38756260662734,0.0,0.875,0.921875
2792800,456.3893945350481,0.0,0.8125,0.875
2792900,456.3908477389347,0.0,0.8125,0.78125
2793000,456.3916600312678,0.0,0.9375,0.890625
2793100,456.39268334529874,0.0,0.875,0.90625
2793200,456.3936604764696,0.0,0.875,0.796875
2793300,456.39603471632904,0.0,1,0.859375
2793400,456.3961990005172,0.0,0.9375,0.921875
2793500,456.39653947868953,0.0,0.9375,0.90625
2793600,456.3979196739272,0.0,0.9375,0.90625
2793700,456.39902209812243,0.0,0.9375,0.921875
2793800,456.3994918413327,0.0,1,0.890625
2793900,456.4000373912666,0.0,0.9375,0.828125
2794000,456.4005471230108,0.0,0.9375,0.859375
2794100,456.40106132092524,0.0,0.8125,0.90625
2794200,456.4025179591888,0.0,0.9375,0.90625
2794300,456.40319979249034,0.0,1,0.890625
2794400,456.40397594848383,0.0,1,0.875
2794500,456.40508504934917,0.0,0.9375,0.890625
2794600,456.40604783143067,0.0,0.9375,0.859375
2794700,456.40645443072816,0.0,1,0.90625
2794800,456.4067222968027,0.0,0.8125,0.875
2794900,456.407369492899,0.0,0.9375,0.953125
2795000,456.4091753044669,0.0,0.875,0.9375
2795100,456.4095132780013,0.0,0.75,0.859375
2795200,456.41059052469086,0.0,0.8125,0.921875
2795300,456.41199184970577,0.0,0.875,0.875
2795400,456.41320620559657,0.0,0.9375,0.90625
2795500,456.4142844198422,0.0,0.9375,0.890625
2795600,456.4154072903319,0.0,0.9375,0.921875
2795700,456.41616064696774,0.0,0.875,0.921875
2795800,456.4171505770559,0.0,0.9375,0.875
2795900,456.4187972425572,0.0,0.9375,0.890625
2796000,456.4199005820349,0.0,0.875,0.921875
2796100,456.4208405241011,0.0,0.875,0.921875
2796200,456.42191725026186,0.0,0.9375,0.90625
2796300,456.4239829290952,0.0,0.875,0.84375
2796400,456.4242632058547,0.0,0.75,0.828125
2796500,456.42500756693744,0.0,0.875,0.875
2796600,456.4268727646573,0.0,0.9375,0.921875
2796700,456.42722962903326,0.0,1,0.921875
2796800,456.432238520396,0.0,0.8125,0.890625
2796900,456.4339083840699,0.0,0.8125,0.78125
2797000,456.43659579870825,0.0,1,0.890625
2797100,456.4388440326175,0.0,1,0.90625
2797200,456.44053848169597,0.0,0.9375,0.953125
2797300,456.4410186871405,0.0,1,0.859375
2797400,456.4417163322371,0.0,0.8125,0.90625
2797500,456.442624859985,0.0,0.9375,0.921875
2797600,456.4434558833947,0.0,0.8125,0.859375
2797700,456.444530645991,0.0,0.9375,0.859375
2797800,456.4461151737357,0.0,0.9375,0.9375
2797900,456.4482864345957,0.0,0.875,0.859375
2798000,456.44887680716664,0.0,0.875,0.859375
2798100,456.44941427804395,0.0,1,0.9375
2798200,456.4506440884814,0.0,0.875,0.890625
2798300,456.45177554854513,0.0,0.875,0.875
2798400,456.45250180364695,0.0,0.8125,0.875
2798500,456.4534136073143,0.0,0.8125,0.859375
2798600,456.4539044464634,0.0,0.875,0.953125
2798700,456.45573204510805,0.0,0.9375,0.828125
2798800,456.45702720770504,0.0,0.75,0.953125
2798900,456.4572854884578,0.0,0.8125,0.859375
2799000,456.45735807691375,0.0,0.875,0.921875
2799100,456.4584430868238,0.0,0.875,0.9375
2799200,456.4599174489556,0.0,0.8125,0.890625
2799300,456.4612100483238,0.0,1,0.953125
2799400,456.4618080794003,0.0,0.9375,0.90625
2799500,456.46271087227643,0.0,1,0.90625
2799600,456.463711896057,0.0,0.9375,0.921875
2799700,456.4648796284221,0.0,0.875,0.96875
2799800,456.46546231188796,0.0,0.9375,0.90625
2799900,456.46591422406453,0.0,0.875,0.90625
2800000,325.30518092334415,0.0,0.8125,0.9375
2800100,330.5359817635202,0.0,0.875,0.90625
2800200,331.80955116056526,0.0,0.875,0.875
2800300,333.2497541352746,0.0,0.9375,0.875
2800400,334.93939029841096,0.0,1,0.875
2800500,336.2218378633467,0.0,1,0.921875
2800600,337.1971499235086,0.0,0.875,0.90625
2800700,338.41817385300783,0.0,0.875,0.875
2800800,339.11352721988465,0.0,0.9375,0.90625
2800900,339.9088997814087,0.0,1,0.921875
2801000,341.0243584468468,0.0,0.875,0.9375
2801100,342.0981018813494,0.0,0.8125,0.90625
2801200,345.6526455172109,0.0,0.9375,0.890625
2801300,353.2929796768155,0.0,0.875,0.890625
2801400,423.2848337759983,0.0,0.8125,0.875
2801500,435.0894179735862,0.0,0.9375,0.875
2801600,436.73480994771097,0.0,0.875,0.90625
2801700,439.2904717787785,0.0,0.875,0.90625
2801800,440.50196480005184,0.0,0.9375,0.875
2801900,441.7766451900766,0.0,0.9375,0.859375
2802000,442.6492295408689,0.0,0.8125,0.890625
2802100,443.0199967413024,0.0,1,0.828125
2802200,443.9195033181588,0.0,0.9375,0.9375
2802300,444.5804825757611,0.0,1,0.953125
2802400,444.91101356363566,0.0,0.875,0.90625
2802500,445.5098144927245,0.0,0.875,0.9375
2802600,445.8926511792512,0.0,1,0.859375
2802700,446.36755616289474,0.0,0.9375,0.890625
2802800,446.74508083892124,0.0,0.875,0.921875
2802900,447.06366620513626,0.0,0.875,0.859375
2803000,447.35369633987267,0.0,0.9375,0.9375
2803100,447.77304887286016,0.0,0.9375,0.921875
2803200,448.15759387200023,0.0,0.875,0.890625
2803300,448.46040333678,0.0,0.9375,0.859375
2803400,448.6827564016663,0.0,0.9375,0.859375
2803500,449.02732750998877,0.0,0.9375,0.90625
2803600,449.2769368271223,0.0,0.875,0.875
2803700,449.56014335019904,0.0,0.9375,0.90625
2803800,449.9650059178154,0.0,0.875,0.96875
2803900,450.08927639749453,0.0,1,0.9375
2804000,450.28047651502595,0.0,0.9375,0.859375
2804100,450.58022400658757,0.0,0.875,0.875
2804200,450.8196233050888,0.0,0.875,0.875
2804300,451.00920506837025,0.0,0.8125,0.953125
2804400,451.1600011950466,0.0,0.8125,0.921875
2804500,451.30616206426345,0.0,0.875,0.921875
2804600,451.44235624361954,0.0,0.875,0.859375
2804700,451.6652316136843,0.0,1,0.90625
2804800,451.8412458413365,0.0,0.9375,0.90625
2804900,451.9973125749351,0.0,0.9375,0.859375
2805000,452.1606826522401,0.0,0.9375,0.890625
2805100,452.26627458223294,0.0,0.875,0.90625
2805200,452.38792770790167,0.0,0.75,0.875
2805300,452.6090169170502,0.0,0.9375,0.953125
2805400,452.7025889543148,0.0,0.9375,0.921875
2805500,452.838633054636,0.0,0.875,0.90625
2805600,452.9551744117135,0.0,0.875,0.96875
2805700,453.024153337816,0.0,0.9375,0.921875
2805800,453.0871422313315,0.0,1,0.890625
2805900,453.15943589055877,0.0,0.875,0.84375
2806000,453.32093994005635,0.0,0.875,0.90625
2806100,453.4257327456845,0.0,0.875,0.9375
2806200,453.52005068582343,0.0,1,0.90625
2806300,453.6176193000066,0.0,0.9375,0.96875
2806400,453.75112344275266,0.0,1,0.984375
2806500,453.82633385181026,0.0,0.9375,0.90625
2806600,453.9113011380468,0.0,0.875,0.90625
2806700,453.96870966387013,0.0,1,0.890625
2806800,453.98942171012266,0.0,0.875,0.9375
2806900,454.03603646156307,0.0,1,0.9375
2807000,454.08291865866573,0.0,0.8125,0.921875
2807100,454.16868818708764,0.0,0.9375,0.90625
2807200,454.275169756695,0.0,0.9375,0.921875
2807300,454.34111152589804,0.0,0.875,0.90625
2807400,454.37043293636106,0.0,0.9375,0.921875
2807500,454.39328228097395,0.0,1,0.875
2807600,454.4646026971682,0.0,1,0.96875
2807700,454.5107992654593,0.0,0.8125,0.890625
2807800,454.56570983178244,0.0,0.9375,0.921875
2807900,454.5709778275992,0.0,0.875,0.921875
2808000,454.59264980297996,0.0,0.9375,0.90625
2808100,454.62336198712353,0.0,1,0.921875
2808200,454.65544821362886,0.0,0.9375,0.9375
2808300,454.67330369323884,0.0,0.8125,0.9375
2808400,454.74289532692563,0.0,1,0.890625
2808500,454.77776156545485,0.0,0.9375,0.90625
2808600,454.80848297422915,0.0,0.75,0.90625
2808700,454.82640731836034,0.0,0.875,0.859375
2808800,454.84238929994575,0.0,0.9375,0.921875
2808900,454.8564911227368,0.0,0.9375,0.9375
2809000,454.9212196486359,0.0,0.75,0.921875
2809100,454.9433651963336,0.0,0.8125,0.90625
2809200,454.9603453465209,0.0,1,0.9375
2809300,454.9771731856555,0.0,0.9375,0.921875
2809400,454.989672174476,0.0,0.875,0.96875
2809500,455.0059915560195,0.0,0.8125,0.9375
2809600,455.0294123247011,0.0,0.875,0.890625
2809700,455.0468661704336,0.0,0.875,0.875
2809800,455.05167738753346,0.0,0.8125,0.921875
2809900,455.0592635705124,0.0,0.9375,0.96875
2810000,455.0627943224598,0.0,0.9375,0.890625
2810100,455.07369725019043,0.0,0.9375,0.890625
2810200,455.08270944098786,0.0,0.875,0.796875
2810300,455.08781272262786,0.0,0.875,0.921875
2810400,455.10163201821246,0.0,1,0.90625
2810500,455.11801983907685,0.0,0.9375,0.90625
2810600,455.1409815009491,0.0,0.8125,0.9375
2810700,455.14748246325,0.0,0.9375,0.90625
2810800,455.15472355847214,0.0,0.875,0.90625
2810900,455.1776986683604,0.0,1,0.90625
2811000,455.1795457033095,0.0,1,0.921875
2811100,455.18307014250973,0.0,0.875,0.875
2811200,455.1901743682658,0.0,0.9375,0.9375
2811300,455.19217649253505,0.0,0.9375,0.921875
2811400,455.2018630804774,0.0,0.9375,0.875
2811500,455.2168767896001,0.0,1,0.9375
2811600,455.21864297607544,0.0,0.875,0.84375
2811700,455.2214206497477,0.0,1,0.875
2811800,455.22280355514624,0.0,0.875,0.921875
2811900,455.2248167465122,0.0,0.9375,0.921875
2812000,455.23050670394844,0.0,0.875,0.9375
2812100,455.23840393471914,0.0,0.875,0.9375
2812200,455.2434951716692,0.0,0.875,0.90625
2812300,455.24835560679077,0.0,0.9375,0.90625
2812400,455.2502210449678,0.0,1,0.859375
2812500,455.253192881581,0.0,0.875,0.90625
2812600,455.2609122086441,0.0,0.9375,0.9375
2812700,455.26417029289513,0.0,1,0.859375
2812800,455.26761222327616,0.0,0.9375,0.875
2812900,455.27021467634995,0.0,1,0.90625
2813000,455.27500173191765,0.0,0.9375,0.828125
2813100,455.28542710338274,0.0,0.8125,0.921875
2813200,455.29494061174546,0.0,0.9375,0.9375
2813300,455.29711380456064,0.0,0.875,0.921875
2813400,455.3006807905934,0.0,0.875,0.90625
2813500,455.3059263495214,0.0,0.875,0.921875
2813600,455.30777575484416,0.0,0.875,0.90625
2813700,455.30941046908,0.0,0.875,0.890625
2813800,455.3176585541598,0.0,0.875,0.953125
2813900,455.32493389065763,0.0,0.875,0.84375
2814000,455.3287399277412,0.0,0.9375,0.90625
2814100,455.3350448878722,0.0,0.875,0.90625
2814200,455.3414526694137,0.0,0.8125,0.890625
2814300,455.3427699939579,0.0,0.875,0.90625
2814400,455.34801030200686,0.0,0.9375,0.875
2814500,455.3534362272697,0.0,0.875,0.90625
2814600,455.35611627181265,0.0,0.875,0.90625
2814700,455.35879407931105,0.0,0.9375,0.90625
2814800,455.3625663254267,0.0,0.875,0.890625
2814900,455.36392225565646,0.0,0.875,0.953125
2815000,455.3641404455918,0.0,0.8125,0.921875
2815100,455.3689271068839,0.0,0.875,0.90625
2815200,455.37152176167496,0.0,0.875,0.84375
2815300,455.37669549649144,0.0,1,0.921875
2815400,455.3787155173869,0.0,0.9375,0.90625
2815500,455.38049546204894,0.0,1,0.859375
2815600,455.3830333793324,0.0,0.9375,0.890625
2815700,455.3856790914085,0.0,0.9375,0.875
2815800,455.388587154081,0.0,0.875,0.859375
2815900,455.3973558598282,0.0,0.875,0.984375
2816000,455.4022715848926,0.0,1,0.9375
2816100,455.403748560212,0.0,0.8125,0.859375
2816200,455.4113281898305,0.0,1,0.84375
2816300,455.4143798942523,0.0,0.875,0.921875
2816400,455.41822539160535,0.0,0.9375,0.859375
2816500,455.41879223594685,0.0,0.8125,0.890625
2816600,455.42016728353326,0.0,0.875,0.921875
2816700,455.42175298330505,0.0,0.875,0.890625
2816800,455.4234529850994,0.0,0.9375,0.90625
2816900,455.42576645809123,0.0,1,0.84375
2817000,455.42884933987835,0.0,0.8125,0.875
2817100,455.4329926079369,0.0,0.875,0.9375
2817200,455.43583811873594,0.0,0.875,0.921875
2817300,455.4386771681711,0.0,0.9375,0.921875
2817400,455.44042328966196,0.0,0.875,0.921875
2817500,455.4439666952056,0.0,0.875,0.90625
2817600,455.4461218852098,0.0,0.875,0.890625
2817700,455.4495908054651,0.0,0.875,0.890625
2817800,455.45056037225004,0.0,0.9375,0.90625
2817900,455.457981393643,0.0,1,0.921875
2818000,455.4596952620315,0.0,0.875,0.921875
2818100,455.46192432102634,0.0,0.875,0.890625
2818200,455.4642955422027,0.0,0.9375,0.921875
2818300,455.46638898766196,0.0,0.9375,0.9375
2818400,455.4695035124819,0.0,0.875,0.84375
2818500,455.47131740828905,0.0,0.9375,0.875
2818600,455.47297856279766,0.0,0.9375,0.90625
2818700,455.47739033460493,0.0,0.9375,0.859375
2818800,455.48292041333934,0.0,0.9375,0.875
2818900,455.48588088936526,0.0,0.875,0.875
2819000,455.48795493893886,0.0,1,0.90625
2819100,455.488908038336,0.0,0.875,0.90625
2819200,455.5043083941099,0.0,0.875,0.890625
2819300,455.5052549626767,0.0,0.75,0.859375
2819400,455.5087616691537,0.0,0.8125,0.90625
2819500,455.5174681236928,0.0,0.9375,0.828125
2819600,455.5221975552381,0.0,0.8125,0.859375
2819700,455.5257021517705,0.0,0.9375,0.9375
2819800,455.5298439261205,0.0,0.9375,0.953125
2819900,455.53161815783153,0.0,0.9375,0.953125
2820000,455.5326150317334,0.0,0.875,0.9375
2820100,455.5383186798409,0.0,0.8125,0.921875
2820200,455.53995488269777,0.0,0.875,0.9375
2820300,455.5407063962395,0.0,0.8125,0.9375
2820400,455.54575847967396,0.0,0.9375,0.84375
2820500,455.5541705854865,0.0,0.9375,0.875
2820600,455.560355246526,0.0,0.9375,0.9375
2820700,455.5639647638014,0.0,0.9375,0.953125
2820800,455.56653206884454,0.0,0.9375,0.90625
2820900,455.5711380684619,0.0,0.8125,0.96875
2821000,455.57309583052137,0.0,0.875,0.828125
2821100,455.57562259539816,0.0,0.9375,0.859375
2821200,455.5770572554642,0.0,0.875,0.8125
2821300,455.578134785683,0.0,0.875,0.875
2821400,455.5809633866711,0.0,0.875,0.90625
2821500,455.5834836469051,0.0,0.875,0.96875
2821600,455.58489239718153,0.0,0.875,0.90625
2821700,455.58773688643896,0.0,0.9375,0.9375
2821800,455.58843698070274,0.0,0.875,0.921875
2821900,455.59254549239193,0.0,0.9375,0.890625
2822000,455.5936323153465,0.0,1,0.9375
2822100,455.59471972574545,0.0,0.6875,0.890625
2822200,455.5959664506935,0.0,0.875,0.921875
2822300,455.5976430388524,0.0,0.875,0.9375
2822400,455.5985516710933,0.0,1,0.953125
2822500,455.60035535067436,0.0,1,0.90625
2822600,455.6032751872753,0.0,0.9375,0.921875
2822700,455.60516926753496,0.0,0.9375,0.875
2822800,455.6066338720243,0.0,0.875,0.84375
2822900,455.6105383240315,0.0,0.9375,0.9375
2823000,455.6138568428533,0.0,0.875,0.921875
2823100,455.6147302489271,0.0,0.875,0.90625
2823200,455.620319525233,0.0,0.9375,0.875
2823300,455.6227472544408,0.0,0.9375,0.890625
2823400,455.6247586035627,0.0,1,0.859375
2823500,455.62832290460483,0.0,0.875,0.90625
2823600,455.6318131545407,0.0,1,0.84375
2823700,455.63574258435074,0.0,1,0.859375
2823800,455.6405558522021,0.0,0.9375,0.875
2823900,455.6423968052547,0.0,1,0.953125
2824000,455.64987904291127,0.0,0.875,0.875
2824100,455.6520698678008,0.0,0.875,0.984375
2824200,455.65330582720844,0.0,0.875,0.984375
2824300,455.6566612836407,0.0,0.75,0.859375
2824400,455.65885484646236,0.0,0.875,0.875
2824500,455.66129846805933,0.0,0.9375,0.8125
2824600,455.66750463958186,0.0,0.8125,0.96875
2824700,455.67031806659435,0.0,1,0.953125
2824800,455.67116741573125,0.0,0.9375,0.890625
2824900,455.672148142941,0.0,0.875,0.921875
2825000,238.52212660815613,0.0,0.875,0.9375
2825100,238.60329253907588,0.0,1,0.890625
2825200,238.67778648513988,0.0,0.9375,0.9375
2825300,238.77328846992245,0.0,0.8125,0.875
2825400,238.9685120865247,0.0,0.875,0.9375
2825500,239.03812273690437,0.0,0.9375,0.921875
2825600,239.2326042500935,0.0,0.9375,0.828125
2825700,239.36884978368585,0.0,0.9375,0.9375
2825800,239.56496136562606,0.0,0.75,0.890625
2825900,239.75239660377218,0.0,0.875,0.953125
2826000,239.99302241437505,0.0,0.875,0.9375
2826100,240.2598863213399,0.0,0.8125,0.921875
2826200,240.52844909739622,0.0,0.9375,0.9375
2826300,240.7886957901021,0.0,0.9375,0.921875
2826400,241.20578829540383,0.0,0.875,0.921875
2826500,241.73221699692675,0.0,0.9375,0.921875
2826600,242.3555498039089,0.0,0.875,0.921875
2826700,245.38975329103877,0.0,0.875,0.921875
2826800,309.5724046056187,0.0,0.8125,0.90625
2826900,331.8639277564723,0.0,1,0.9375
2827000,337.01695609896825,0.0,0.875,0.890625
2827100,338.76218178667983,0.0,0.9375,0.890625
2827200,340.1072546991987,0.0,0.9375,0.875
2827300,340.8496643020392,0.0,0.875,0.90625
2827400,341.43433051451194,0.0,0.9375,0.828125
2827500,341.88242029182015,0.0,0.8125,0.953125
2827600,342.1270010110098,0.0,0.875,0.9375
2827700,342.7516427472046,0.0,0.9375,0.953125
2827800,343.03346873480444,0.0,1,0.921875
2827900,343.43837917671556,0.0,0.9375,0.890625
2828000,343.6805603200872,0.0,1,0.9375
2828100,343.9531867368754,0.0,0.8125,0.90625
2828200,344.11178500366117,0.0,0.9375,0.890625
2828300,344.3686875194087,0.0,0.875,0.9375
2828400,344.61856581416487,0.0,0.9375,0.890625
2828500,344.77136656838616,0.0,0.875,0.859375
2828600,345.04455279352294,0.0,0.9375,0.984375
2828700,345.2481373587483,0.0,0.9375,0.859375
2828800,345.4264952085762,0.0,0.9375,0.9375
2828900,345.5531682772753,0.0,0.875,0.9375
2829000,345.6360242297018,0.0,0.875,0.921875
2829100,345.75845011111227,0.0,0.875,0.859375
2829200,345.8340345732455,0.0,0.875,0.859375
2829300,345.97638320096945,0.0,1,0.9375
2829400,346.12543186408215,0.0,0.9375,0.9375
2829500,346.32733078634,0.0,0.9375,0.953125
2829600,346.4042358718932,0.0,0.9375,0.875
2829700,346.4729289588664,0.0,1,0.890625
2829800,346.61149427409885,0.0,0.9375,0.84375
2829900,346.67686859444564,0.0,0.9375,0.828125
2830000,346.79824315797856,0.0,0.9375,0.921875
2830100,347.01398346009665,0.0,0.875,0.90625
2830200,347.18145615041254,0.0,0.875,0.953125
2830300,347.2998660535333,0.0,1,0.90625
2830400,347.47542886912356,0.0,0.875,0.84375
2830500,347.7393640717754,0.0,0.8125,0.953125
2830600,347.9778994601948,0.0,0.9375,0.890625
2830700,348.1155972970214,0.0,0.9375,0.90625
2830800,348.40796284796954,0.0,1,0.90625
2830900,348.6700894743475,0.0,0.875,0.9375
2831000,348.86258804243045,0.0,0.9375,0.890625
2831100,348.997162429986,0.0,0.9375,0.96875
2831200,349.2465306292893,0.0,0.875,0.921875
2831300,349.4745318698309,0.0,0.9375,0.96875
2831400,349.69820807005976,0.0,0.9375,0.9375
2831500,350.224525609728,0.0,0.875,0.9375
2831600,350.57491227928443,0.0,0.8125,0.828125
2831700,350.7976420784257,0.0,0.9375,0.859375
2831800,351.2741077030283,0.0,0.875,0.90625
2831900,352.22351399575126,0.0,1,0.84375
2832000,352.63872691139875,0.0,0.9375,0.875
2832100,353.3023974412529,0.0,0.9375,0.90625
2832200,354.5898602428456,0.0,1,0.859375
2832300,356.4996317939187,0.0,0.875,0.90625
2832400,358.4536526009862,0.0,0.9375,0.859375
2832500,368.6112900914305,0.0,0.875,0.875
2832600,439.7947496067669,0.0,0.875,0.96875
2832700,446.8613970394773,0.0,0.875,0.875
2832800,448.6986812703163,0.0,0.875,0.921875
2832900,449.432278638508,0.0,0.8125,0.9375
2833000,449.8595336777472,0.0,1,0.921875
2833100,450.1207370244491,0.0,0.9375,0.9375
2833200,450.7186425539903,0.0,0.9375,0.921875
2833300,450.9304481276189,0.0,0.8125,0.90625
2833400,451.13747146111825,0.0,0.875,0.9375
2833500,451.2977559427345,0.0,0.875,0.921875
2833600,451.5506279210731,0.0,0.8125,0.875
2833700,451.92175876846244,0.0,0.875,0.796875
2833800,452.0978274229302,0.0,1,0.921875
2833900,452.31300361062506,0.0,1,0.90625
2834000,452.8022879756751,0.0,0.9375,0.90625
2834100,452.9332184126244,0.0,0.9375,0.8125
2834200,453.2747589661827,0.0,0.875,0.953125
2834300,453.4711853758928,0.0,0.9375,0.875
2834400,453.6734346716266,0.0,0.75,0.890625
2834500,453.8227179694342,0.0,0.875,0.875
2834600,453.92156042965826,0.0,0.875,0.90625
2834700,454.02630102809115,0.0,1,0.890625
2834800,454.17333129576076,0.0,0.9375,0.875
2834900,454.322522874535,0.0,1,0.890625
2835000,454.4854030212481,0.0,0.8125,0.921875
2835100,454.5592001539694,0.0,0.875,0.90625
2835200,454.6430132342118,0.0,0.9375,0.890625
2835300,454.70727864532256,0.0,0.8125,0.8125
2835400,454.7935449607028,0.0,0.875,0.90625
2835500,454.8456021475386,0.0,0.9375,0.859375
2835600,454.9606589630604,0.0,0.9375,0.90625
2835700,455.0398777282461,0.0,1,0.921875
2835800,455.11742626997346,0.0,0.875,0.890625
2835900,455.16587876768057,0.0,0.75,0.90625
2836000,455.2438941941847,0.0,0.9375,0.90625
2836100,455.2543475431343,0.0,0.875,0.953125
2836200,455.2962370179804,0.0,0.875,0.90625
2836300,455.3256204839514,0.0,0.9375,0.953125
2836400,455.36185500452376,0.0,0.875,0.890625
2836500,455.3930100841817,0.0,0.9375,0.984375
2836600,455.45406477554025,0.0,0.875,0.859375
2836700,455.4875177413956,0.0,0.9375,0.875
2836800,455.584535417537,0.0,0.9375,0.859375
2836900,455.6071963726575,0.0,0.9375,0.890625
2837000,455.62286329489916,0.0,0.8125,0.9375
2837100,455.6280913977816,0.0,1,0.96875
2837200,455.6580633410773,0.0,0.9375,0.890625
2837300,455.68725302227494,0.0,0.875,0.921875
2837400,455.6887229929129,0.0,0.875,0.875
2837500,455.7005863176191,0.0,0.9375,0.921875
2837600,455.72004445986715,0.0,0.8125,0.921875
2837700,455.7434646366124,0.0,0.8125,0.921875
2837800,455.76538308565773,0.0,0.9375,0.96875
2837900,455.7864055614265,0.0,0.9375,0.953125
2838000,455.8060963724665,0.0,1,0.875
2838100,455.8265294261589,0.0,0.875,0.90625
2838200,455.8283197712185,0.0,0.9375,0.921875
2838300,455.8579830816917,0.0,0.9375,0.90625
2838400,455.85958839425047,0.0,1,0.890625
2838500,455.8617406414176,0.0,0.8125,0.890625
2838600,455.87059831405423,0.0,0.9375,0.9375
2838700,455.8818621397803,0.0,0.9375,0.9375
2838800,455.8867343179893,0.0,0.9375,0.90625
2838900,455.8988322199239,0.0,1,0.90625
2839000,455.9015325049256,0.0,0.875,0.9375
2839100,455.9142412748161,0.0,0.9375,0.90625
2839200,455.91698546633006,0.0,1,0.828125
2839300,455.92052344358575,0.0,0.9375,0.953125
2839400,455.9239276084037,0.0,0.9375,0.90625
2839500,455.9249852397453,0.0,0.875,0.828125
2839600,455.93819565661806,0.0,0.9375,0.890625
2839700,455.94853788602825,0.0,0.8125,0.90625
2839800,455.95043200815184,0.0,1,0.890625
2839900,455.95223119910133,0.0,0.9375,0.921875
2840000,455.9615056351851,0.0,0.875,0.921875
2840100,455.96254736716884,0.0,1,0.9375
2840200,455.9647912653149,0.0,0.9375,0.921875
2840300,455.9675391857311,0.0,0.875,0.953125
2840400,455.97050869544967,0.0,1,0.90625
2840500,455.97208317217417,0.0,0.75,0.890625
2840600,455.9746721319672,0.0,0.9375,0.984375
2840700,455.9759120910309,0.0,0.9375,0.9375
2840800,455.9766440211482,0.0,0.9375,0.96875
2840900,455.9790375181284,0.0,1,0.828125
2841000,455.9793496650712,0.0,0.875,0.921875
2841100,455.98092753013236,0.0,1,0.9375
2841200,455.9843155638814,0.0,0.9375,0.96875
2841300,455.9870468368814,0.0,0.875,0.921875
2841400,455.98859032946285,0.0,0.9375,0.96875
2841500,455.9902873399185,0.0,0.9375,0.875
2841600,455.991450739293,0.0,1,0.796875
2841700,455.99262443481535,0.0,1,0.953125
2841800,455.9960266982694,0.0,0.9375,0.84375
2841900,455.99903789971535,0.0,0.8125,0.890625
2842000,456.0006784076211,0.0,0.9375,0.921875
2842100,456.00180207508555,0.0,0.9375,0.890625
2842200,456.00374319107556,0.0,0.9375,0.953125
2842300,456.00823219273053,0.0,0.8125,0.90625
2842400,456.0111984143083,0.0,0.875,0.953125
2842500,456.0141717492421,0.0,0.9375,0.96875
2842600,456.0157531761709,0.0,0.875,0.84375
2842700,456.0186400155128,0.0,0.9375,0.875
2842800,456.0195508876435,0.0,0.8125,0.8125
2842900,456.0219342755098,0.0,0.9375,0.859375
2843000,456.02689652234636,0.0,0.9375,0.90625
2843100,456.0302286178214,0.0,0.9375,0.984375
2843200,456.0317964363911,0.0,0.9375,0.828125
2843300,456.0339434805988,0.0,0.9375,0.875
2843400,456.0355139895102,0.0,0.875,0.828125
2843500,456.03659083175654,0.0,0.875,0.921875
2843600,456.03782708690005,0.0,0.9375,0.828125
2843700,456.0403965588397,0.0,0.875,0.9375
2843800,456.042102457422,0.0,0.9375,0.90625
2843900,456.0431178909901,0.0,0.9375,0.890625
2844000,456.0444058182869,0.0,0.9375,0.921875
2844100,456.0576543288616,0.0,0.9375,0.890625
2844200,456.05936087911044,0.0,0.9375,0.953125
2844300,456.06052399647905,0.0,1,0.921875
2844400,456.0617466225888,0.0,0.875,0.875
2844500,456.06257869783616,0.0,1,0.921875
2844600,456.0652253995876,0.0,0.9375,0.921875
2844700,456.066424683949,0.0,0.875,0.953125
2844800,456.06759867472454,0.0,0.9375,0.921875
2844900,456.06894697979396,0.0,1,0.96875
2845000,456.0702538840235,0.0,1,0.90625
2845100,456.0713964333311,0.0,0.9375,0.921875
2845200,456.07308428052437,0.0,1,0.9375
2845300,456.0739965370554,0.0,0.875,0.90625
2845400,456.0756205544495,0.0,0.9375,0.953125
2845500,456.0759373368358,0.0,0.9375,0.921875
2845600,456.0774525117967,0.0,0.9375,0.890625
2845700,456.07868623228245,0.0,0.9375,0.890625
2845800,456.0807822080149,0.0,0.9375,0.9375
2845900,456.0821923427351,0.0,1,0.953125
2846000,456.08749888617,0.0,1,0.9375
2846100,456.0879090549015,0.0,1,0.890625
2846200,456.0888549947277,0.0,0.875,0.90625
2846300,456.09127152285225,0.0,0.8125,0.90625
2846400,456.0938174011658,0.0,0.9375,0.890625
2846500,456.09488444279305,0.0,0.875,0.921875
2846600,456.0973460979458,0.0,0.875,0.828125
2846700,456.09925431631206,0.0,1,0.90625
2846800,456.1030402377911,0.0,0.9375,0.859375
2846900,456.1036712399088,0.0,1,0.90625
2847000,456.1065707935388,0.0,0.9375,0.90625
2847100,456.1081850798588,0.0,1,0.9375
2847200,456.1092916080511,0.0,0.8125,0.875
2847300,456.1101060424027,0.0,0.9375,0.9375
2847400,456.1118138272862,0.0,0.875,0.96875
2847500,456.11313673522517,0.0,0.875,0.90625
2847600,456.11558456953134,0.0,0.9375,0.90625
2847700,456.11623874215024,0.0,0.875,0.875
2847800,456.1181048213579,0.0,0.9375,0.859375
2847900,456.11834164939637,0.0,1,0.890625
2848000,456.1210822623171,0.0,0.9375,0.921875
2848100,456.12359974780156,0.0,0.875,0.828125
2848200,456.12655162441376,0.0,0.875,0.921875
2848300,456.1282645667204,0.0,1,0.953125
2848400,456.1285411056112,0.0,0.75,0.828125
2848500,456.13073200844246,0.0,0.9375,0.84375
2848600,456.13210317426865,0.0,0.8125,0.9375
2848700,456.1335947938968,0.0,1,0.921875
2848800,456.13478282167426,0.0,0.875,0.890625
2848900,456.13565490529686,0.0,0.9375,0.953125
2849000,456.1371339866803,0.0,0.8125,0.9375
2849100,456.13994124653715,0.0,0.9375,0.90625
2849200,456.140941245172,0.0,0.9375,0.9375
2849300,456.14238732510137,0.0,0.9375,0.953125
2849400,456.14379765329426,0.0,0.875,0.953125
2849500,456.14427269572303,0.0,0.9375,0.890625
2849600,456.14498784570515,0.0,0.9375,0.9375
2849700,456.14546683823437,0.0,1,0.90625
2849800,456.14657669239216,0.0,0.875,0.953125
2849900,456.14811076793575,0.0,0.875,0.921875
2850000,237.5732286268841,0.0,0.8125,0.9375
2850100,237.67755077654616,0.0,0.875,0.78125
2850200,237.7400280151696,0.0,1,0.90625
2850300,237.82388850072897,0.0,0.9375,0.8125
2850400,237.89650735553897,0.0,0.9375,0.921875
2850500,237.97141308540105,0.0,0.9375,0.859375
2850600,238.02386810920495,0.0,1,0.875
2850700,238.1015009256771,0.0,0.75,0.78125
2850800,238.18187151692086,0.0,1,0.953125
2850900,238.31389005779693,0.0,0.875,0.921875
2851000,238.41995861491574,0.0,1,0.90625
2851100,238.53315606154584,0.0,1,0.9375
2851200,238.59686894221198,0.0,0.9375,0.9375
2851300,238.81371018345646,0.0,0.875,0.90625
2851400,238.94412290797976,0.0,0.9375,0.921875
2851500,239.19716193586493,0.0,0.875,0.953125
2851600,239.33347039906835,0.0,1,0.90625
2851700,239.55548091726627,0.0,1,0.953125
2851800,239.7223179629873,0.0,0.875,0.828125
2851900,239.93909101790487,0.0,1,0.90625
2852000,240.25141515132697,0.0,0.875,0.875
2852100,240.45862194007415,0.0,0.9375,0.9375
2852200,240.77705113000883,0.0,0.875,0.9375
2852300,241.09512773820717,0.0,0.9375,0.921875
2852400,241.50527271106412,0.0,0.8125,0.890625
2852500,242.01242832630157,0.0,0.875,0.90625
2852600,242.38393836469294,0.0,0.9375,0.90625
2852700,242.9818085875559,0.0,0.875,0.90625
2852800,243.8018582376934,0.0,0.9375,0.828125
2852900,245.22553439478477,0.0,0.875,0.921875
2853000,247.2665794274182,0.0,0.875,0.84375
2853100,252.81890129485856,0.0,0.8125,0.921875
2853200,325.1278768334096,0.0,1,0.921875
2853300,340.53248948365126,0.0,0.8125,0.90625
2853400,343.3260176832677,0.0,0.875,0.921875
2853500,343.9227931722166,0.0,0.9375,0.921875
2853600,344.7947240485578,0.0,1,0.90625
2853700,345.54850020651855,0.0,1,0.84375
2853800,346.4318159910631,0.0,1,0.859375
2853900,347.15220801930354,0.0,0.9375,0.890625
2854000,347.88010835605206,0.0,0.875,0.9375
2854100,348.6774229105257,0.0,0.875,0.9375
2854200,349.54513168603984,0.0,0.8125,0.9375
2854300,350.6161072582719,0.0,0.9375,0.90625
2854400,363.919554223289,0.0,0.9375,0.875
2854500,444.9944981028123,0.0,0.875,0.84375
2854600,446.45064289256874,0.0,1,0.9375
2854700,447.678791307088,0.0,0.875,0.9375
2854800,448.24605647793766,0.0,0.8125,0.90625
2854900,448.9710226718966,0.0,0.9375,0.921875
2855000,449.27028406450466,0.0,1,0.9375
2855100,449.56168458639394,0.0,0.8125,0.9375
2855200,450.00955641471234,0.0,0.9375,0.953125
2855300,450.20685420400997,0.0,0.9375,0.921875
2855400,450.6123320818339,0.0,0.875,0.828125
2855500,450.8500886162553,0.0,1,0.890625
2855600,451.124025010755,0.0,0.9375,0.953125
2855700,451.4082519117609,0.0,0.9375,0.90625
2855800,451.63303629496824,0.0,0.875,0.84375
2855900,451.8305907820213,0.0,1,0.921875
2856000,452.029456509781,0.0,0.9375,0.90625
2856100,452.3822502469308,0.0,0.9375,0.9375
2856200,452.5778956421699,0.0,1,0.921875
2856300,452.84236477629617,0.0,0.75,0.890625
2856400,453.14179959349366,0.0,0.9375,0.9375
2856500,453.18193225790117,0.0,1,0.921875
2856600,453.25605311425863,0.0,1,0.890625
2856700,453.3516327269577,0.0,0.875,0.90625
2856800,453.4220451816673,0.0,0.9375,0.90625
2856900,453.6281206453394,0.0,0.9375,0.9375
2857000,453.82969612852105,0.0,0.9375,0.9375
2857100,454.01092154698387,0.0,0.8125,0.90625
2857200,454.16043042750107,0.0,0.9375,0.875
2857300,454.4387511321049,0.0,0.9375,0.90625
2857400,454.65891077541056,0.0,1,0.890625
2857500,454.8190749201458,0.0,0.875,0.875
2857600,454.9588283797471,0.0,0.875,0.859375
2857700,455.02928213636375,0.0,0.9375,0.9375
2857800,455.08356001677345,0.0,0.875,0.9375
2857900,455.19177826680834,0.0,0.9375,0.890625
2858000,455.3180008948826,0.0,0.9375,0.90625
2858100,455.3538019159745,0.0,0.9375,0.90625
2858200,455.46475184024445,0.0,0.875,0.921875
2858300,455.485679678452,0.0,0.875,0.890625
2858400,455.6395562374143,0.0,0.875,0.84375
2858500,455.7072566881379,0.0,0.9375,0.953125
2858600,455.7179367428509,0.0,0.8125,0.875
2858700,455.7375892293344,0.0,0.75,0.90625
2858800,455.8098348161108,0.0,0.9375,0.90625
2858900,455.83739527960455,0.0,0.875,0.890625
2859000,455.87602725703783,0.0,0.8125,0.9375
2859100,455.94535037240115,0.0,0.9375,0.859375
2859200,456.0171516740266,0.0,0.9375,0.890625
2859300,456.0485615620034,0.0,0.9375,0.96875
2859400,456.0908072823689,0.0,1,0.875
2859500,456.1246880140748,0.0,0.9375,0.890625
2859600,456.14714513673874,0.0,0.75,0.890625
2859700,456.17986751980675,0.0,1,0.890625
2859800,456.1984630337402,0.0,0.875,0.875
2859900,456.2208294498208,0.0,0.8125,0.875
2860000,456.2493036936402,0.0,1,0.890625
2860100,456.2607745850422,0.0,0.875,0.96875
2860200,456.26320299745703,0.0,1,0.921875
2860300,456.26442021564037,0.0,0.875,0.875
2860400,456.26812608021794,0.0,0.875,0.921875
2860500,456.2831030404457,0.0,1,0.96875
2860600,456.2851943734459,0.0,0.875,0.828125
2860700,456.2868033902043,0.0,0.9375,0.96875
2860800,456.3148926429111,0.0,0.875,0.984375
2860900,456.3165045050809,0.0,1,0.921875
2861000,456.31754975579287,0.0,0.875,0.84375
2861100,456.32438724930967,0.0,0.9375,0.921875
2861200,456.3264920612067,0.0,1,0.921875
2861300,456.3267355873795,0.0,0.9375,0.921875
2861400,456.3277051398116,0.0,0.9375,0.921875
2861500,456.33052433584834,0.0,0.875,0.875
2861600,456.3316147294213,0.0,0.875,0.921875
2861700,456.3325046600111,0.0,1,0.890625
2861800,456.33368630663836,0.0,0.8125,0.84375
2861900,456.3345672795815,0.0,0.875,0.890625
2862000,456.33553928133085,0.0,0.875,0.890625
2862100,456.33704678662957,0.0,0.8125,0.84375
2862200,456.3388217520892,0.0,1,0.96875
2862300,456.34000986985916,0.0,0.9375,0.921875
2862400,456.34189774070217,0.0,0.9375,0.875
2862500,456.342927845528,0.0,0.9375,0.875
2862600,456.34432740663806,0.0,0.9375,0.890625
2862700,456.3456385286501,0.0,1,0.96875
2862800,456.34705953103844,0.0,0.8125,0.90625
2862900,456.34862598961735,0.0,0.875,0.90625
2863000,456.3497776755046,0.0,0.9375,0.90625
2863100,456.351719568658,0.0,0.875,0.859375
2863200,456.3538248586445,0.0,0.9375,0.96875
2863300,456.3551659139459,0.0,0.875,0.9375
2863400,456.3562590269574,0.0,0.875,0.953125
2863500,456.357268551843,0.0,0.9375,0.921875
2863600,456.358660739864,0.0,0.9375,0.9375
2863700,456.3602013040905,0.0,1,0.9375
2863800,456.36108700031076,0.0,0.8125,0.828125
2863900,456.3620086878362,0.0,0.875,0.9375
2864000,456.3628459992677,0.0,0.9375,0.828125
2864100,456.36434712007286,0.0,0.9375,0.890625
2864200,456.36553436800835,0.0,0.9375,0.921875
2864300,456.3662178222316,0.0,0.9375,0.921875
2864400,456.3667125492474,0.0,0.8125,0.921875
2864500,456.36823593126655,0.0,0.875,0.875
2864600,456.3685037534152,0.0,0.875,0.890625
2864700,456.3691582181606,0.0,1,0.90625
2864800,456.37000592531564,0.0,0.8125,0.921875
2864900,456.3720681884485,0.0,0.875,0.9375
2865000,456.37468332602174,0.0,0.9375,0.9375
2865100,456.3763131352173,0.0,0.9375,0.875
2865200,456.37683030889093,0.0,0.9375,0.921875
2865300,456.37809055673387,0.0,0.9375,0.921875
2865400,456.3788956727418,0.0,0.9375,0.984375
2865500,456.3804173847942,0.0,0.875,0.828125
2865600,456.3808990381322,0.0,0.9375,0.890625
2865700,456.382243261134,0.0,0.875,0.921875
2865800,456.3836530972868,0.0,0.875,0.9375
2865900,456.3842786936522,0.0,0.875,0.890625
2866000,456.38478632619564,0.0,0.9375,0.953125
2866100,456.3860772048543,0.0,0.875,0.90625
2866200,456.3874867726822,0.0,0.9375,0.96875
2866300,456.38911107600893,0.0,0.9375,0.9375
2866400,456.390474216366,0.0,0.9375,0.875
2866500,456.39237864550023,0.0,0.8125,0.875
2866600,456.3969056227511,0.0,0.875,0.921875
2866700,456.3982822450292,0.0,0.9375,0.90625
2866800,456.3991777616195,0.0,1,0.890625
2866900,456.40039217983224,0.0,0.9375,0.890625
2867000,456.4010110040295,0.0,1,0.90625
2867100,456.4025881854006,0.0,0.9375,0.875
2867200,456.4033120288644,0.0,0.9375,0.875
2867300,456.4058229558959,0.0,0.875,0.90625
2867400,456.40721925227984,0.0,1,0.890625
2867500,456.4076635677783,0.0,1,0.890625
2867600,456.40792968851304,0.0,0.9375,0.890625
2867700,456.40951431916,0.0,1,0.984375
2867800,456.41083416176497,0.0,0.8125,0.953125
2867900,456.41140981955704,0.0,0.9375,0.9375
2868000,456.4130375922183,0.0,1,0.90625
2868100,456.4137642626907,0.0,1,0.921875
2868200,456.4148365296037,0.0,0.875,0.890625
2868300,456.41698182949875,0.0,1,0.921875
2868400,456.4189579777584,0.0,0.875,0.90625
2868500,456.4192684406784,0.0,0.9375,0.9375
2868600,456.4207887580561,0.0,0.9375,0.921875
2868700,456.4213051727992,0.0,0.9375,0.859375
2868800,456.4226507261673,0.0,0.8125,0.90625
2868900,456.4240984039932,0.0,0.875,0.9375
2869000,456.4250156990252,0.0,1,0.859375
2869100,456.42590535076596,0.0,0.9375,0.90625
2869200,456.42682040053353,0.0,0.8125,0.90625
2869300,456.4278533234523,0.0,0.875,0.890625
2869400,456.4296396068768,0.0,0.875,0.921875
2869500,456.43007240690486,0.0,1,0.890625
2869600,456.43118089127483,0.0,0.9375,0.921875
2869700,456.4319622368763,0.0,0.9375,0.953125
2869800,456.4330615672673,0.0,1,0.96875
2869900,456.4342577674236,0.0,1,0.9375
2870000,456.43539784070265,0.0,0.875,0.921875
2870100,456.4372499353295,0.0,0.9375,0.890625
2870200,456.43893086996536,0.0,0.875,0.890625
2870300,456.4392059185891,0.0,0.875,0.96875
2870400,456.44065836538493,0.0,1,0.90625
2870500,456.4413338738443,0.0,1,0.984375
2870600,456.44285733443473,0.0,0.9375,0.96875
2870700,456.4441138567006,0.0,0.875,0.890625
2870800,456.44514388110684,0.0,0.875,0.90625
2870900,456.446458249322,0.0,0.9375,0.90625
2871000,456.4475727839493,0.0,0.8125,0.890625
2871100,456.44826960837094,0.0,0.9375,0.859375
2871200,456.4490997294772,0.0,0.9375,0.890625
2871300,456.44984357911267,0.0,0.875,0.90625
2871400,456.4509893374932,0.0,0.8125,0.859375
2871500,456.4523755837848,0.0,0.875,0.921875
2871600,456.45359821048623,0.0,0.875,0.890625
2871700,456.4546430862798,0.0,0.9375,0.9375
2871800,456.455590891883,0.0,0.8125,0.90625
2871900,456.4561313421173,0.0,0.9375,0.9375
2872000,456.4570818608609,0.0,0.8125,0.890625
2872100,456.4580010339952,0.0,0.875,0.875
2872200,456.4587617130322,0.0,0.9375,0.984375
2872300,456.45990847811066,0.0,0.9375,0.890625
2872400,456.46043700605435,0.0,0.8125,0.921875
2872500,456.46096205984816,0.0,0.875,0.890625
2872600,456.4616513609635,0.0,1,0.90625
2872700,456.4624400037916,0.0,0.875,0.9375
2872800,456.4637361180928,0.0,0.875,0.96875
2872900,456.4643729003386,0.0,0.8125,0.921875
2873000,456.4655346266707,0.0,0.875,0.875
2873100,456.46622312595633,0.0,0.8125,0.953125
2873200,456.467576735683,0.0,0.9375,0.890625
2873300,456.4680876819733,0.0,1,0.90625
2873400,456.4694773349999,0.0,1,0.890625
2873500,456.4710204926191,0.0,0.875,0.828125
2873600,456.4724000374812,0.0,0.9375,0.9375
2873700,456.47309037975384,0.0,0.6875,0.859375
2873800,456.4734343605003,0.0,0.8125,0.890625
2873900,456.47498024385175,0.0,0.9375,0.890625
2874000,456.475448198479,0.0,0.9375,0.984375
2874100,456.47647112919253,0.0,0.75,0.890625
2874200,456.4767857165048,0.0,0.875,0.90625
2874300,456.4773630232016,0.0,0.875,0.9375
2874400,456.47825578528534,0.0,0.8125,0.90625
2874500,456.47874552582863,0.0,0.875,0.953125
2874600,456.4794266267893,0.0,0.875,0.875
2874700,456.48068903524023,0.0,0.9375,0.875
2874800,456.48120040609894,0.0,0.9375,0.875
2874900,456.48217438489235,0.0,0.9375,0.9375
2875000,31.916487444285536,0.0,0.9375,0.890625
2875100,119.84253353079302,0.0,0.9375,0.953125
2875200,122.51361102041544,0.0,0.875,0.859375
2875300,125.15921269566168,0.0,1,0.875
2875400,128.28400924528856,0.0,0.9375,0.921875
2875500,130.89484938189906,0.0,0.9375,0.859375
2875600,133.1358233850959,0.0,0.875,0.875
2875700,137.04557112965819,0.0,0.9375,0.9375
2875800,226.2509435705045,0.0,1,0.9375
2875900,228.43556095462043,0.0,0.9375,0.890625
2876000,230.5272852973776,0.0,0.875,0.921875
2876100,235.0373825174891,0.0,1,0.9375
2876200,238.391635704111,0.0,0.9375,0.921875
2876300,331.82614623442413,0.0,1,0.90625
2876400,422.6286671647639,0.0,0.9375,0.875
2876500,432.0294280235487,0.0,1,0.90625
2876600,434.5240329766476,0.0,0.9375,0.90625
2876700,436.56163855909205,0.0,0.875,0.828125
2876800,438.3782094858152,0.0,0.8125,0.921875
2876900,439.513986927381,0.0,0.875,0.875
2877000,440.4243183311479,0.0,0.9375,0.9375
2877100,441.4192739786717,0.0,0.875,0.9375
2877200,442.82675861967635,0.0,0.875,0.953125
2877300,443.78361346609483,0.0,0.9375,0.875
2877400,444.46040369409104,0.0,0.75,0.9375
2877500,445.0527674718788,0.0,0.9375,0.890625
2877600,445.47618256754055,0.0,0.8125,0.890625
2877700,446.03763198593737,0.0,1,0.921875
2877800,446.29068356320914,0.0,0.9375,0.96875
2877900,446.7563480386034,0.0,1,0.921875
2878000,447.1438205979289,0.0,0.9375,0.953125
2878100,447.4485214053868,0.0,0.9375,0.84375
2878200,447.78708587203465,0.0,0.9375,0.953125
2878300,448.0825625469364,0.0,0.9375,0.875
2878400,448.43303291739716,0.0,0.9375,0.828125
2878500,448.71365885805034,0.0,0.9375,0.96875
2878600,449.021996201103,0.0,1,0.9375
2878700,449.34915772739805,0.0,0.9375,0.984375
2878800,449.63571548437466,0.0,0.9375,0.953125
2878900,450.0143912364833,0.0,0.875,0.96875
2879000,450.37731269698094,0.0,0.9375,0.859375
2879100,450.76154431526635,0.0,0.6875,0.890625
2879200,450.96780787558697,0.0,0.875,0.9375
2879300,451.1860515734518,0.0,0.9375,0.9375
2879400,451.4950475250631,0.0,0.9375,0.90625
2879500,451.7578113363886,0.0,0.875,0.921875
2879600,451.8907660979736,0.0,0.875,0.890625
2879700,452.15756729752246,0.0,0.9375,0.921875
2879800,452.4117230948135,0.0,0.9375,0.859375
2879900,452.5963234594118,0.0,1,0.9375
2880000,452.74177531894566,0.0,0.9375,0.953125
2880100,452.9099823364308,0.0,1,0.890625
2880200,453.0066313601804,0.0,0.8125,0.875
2880300,453.1919422093795,0.0,0.9375,0.9375
2880400,453.32815771191866,0.0,0.9375,0.921875
2880500,453.4891844631971,0.0,0.875,0.890625
2880600,453.65802103951296,0.0,0.9375,0.890625
2880700,453.8074856736849,0.0,0.9375,0.921875
2880800,453.9820590553017,0.0,0.8125,0.875
2880900,454.0940242672275,0.0,0.9375,0.890625
2881000,454.2649402055353,0.0,1,0.96875
2881100,454.3266280025488,0.0,0.8125,0.90625
2881200,454.45664801188184,0.0,0.9375,0.9375
2881300,454.5141995899376,0.0,0.875,0.90625
2881400,454.6313581758613,0.0,0.8125,0.875
2881500,454.75028036123433,0.0,0.9375,0.96875
2881600,454.83393786390656,0.0,0.875,0.953125
2881700,454.88688618175115,0.0,0.875,0.90625
2881800,454.9479534262954,0.0,1,0.9375
2881900,455.01880645777874,0.0,0.9375,0.96875
2882000,455.12210845463215,0.0,1,0.921875
2882100,455.20033488191893,0.0,0.875,0.9375
2882200,455.2708065268656,0.0,0.9375,0.921875
2882300,455.3816683267947,0.0,1,0.859375
2882400,455.44330773560296,0.0,1,0.90625
2882500,455.51146954765,0.0,0.875,0.875
2882600,455.54668508823517,0.0,0.875,0.90625
2882700,455.63003376405493,0.0,0.875,0.96875
2882800,455.6898833780635,0.0,0.9375,0.90625
2882900,455.77002216186514,0.0,0.9375,0.859375
2883000,455.8095537453375,0.0,0.9375,0.875
2883100,455.84728470705176,0.0,0.8125,0.9375
2883200,455.9054261333048,0.0,0.875,0.921875
2883300,455.93424449013196,0.0,0.875,0.953125
2883400,455.96186772137065,0.0,0.875,0.9375
2883500,456.00670533009287,0.0,0.8125,0.921875
2883600,456.0356591841373,0.0,1,0.953125
2883700,456.0629220319338,0.0,0.9375,0.953125
2883800,456.0875370369105,0.0,0.8125,0.921875
2883900,456.1171521803333,0.0,0.9375,0.9375
2884000,456.1827554651357,0.0,1,0.890625
2884100,456.21367514832906,0.0,0.9375,0.890625
2884200,456.23229418912535,0.0,0.875,0.828125
2884300,456.24844141154415,0.0,0.9375,0.9375
2884400,456.2731646826621,0.0,0.9375,0.953125
2884500,456.29978715432543,0.0,0.75,0.953125
2884600,456.31530248604764,0.0,0.875,0.890625
2884700,456.32375069401314,0.0,0.875,0.90625
2884800,456.32743988240895,0.0,1,0.96875
2884900,456.328789230894,0.0,0.9375,0.921875
2885000,456.3372535246895,0.0,0.875,0.875
2885100,456.349004031079,0.0,0.875,0.9375
2885200,456.35834201738965,0.0,1,0.90625
2885300,456.3607859960175,0.0,1,0.9375
2885400,456.3666268511542,0.0,0.875,0.921875
2885500,456.36761244987775,0.0,0.875,0.953125
2885600,456.36791447227955,0.0,0.9375,0.921875
2885700,456.3689373276071,0.0,0.9375,0.84375
2885800,456.3695747212179,0.0,0.9375,0.953125
2885900,456.3699223602807,0.0,0.9375,0.921875
2886000,456.37151722418673,0.0,0.9375,0.96875
2886100,456.3727229142161,0.0,0.875,0.890625
2886200,456.37452581066725,0.0,0.75,0.8125
2886300,456.3753072422462,0.0,0.9375,0.90625
2886400,456.3772400842366,0.0,0.9375,0.953125
2886500,456.3781335190465,0.0,0.9375,0.953125
2886600,456.37964797163824,0.0,0.9375,0.859375
2886700,456.381022506273,0.0,0.8125,0.9375
2886800,456.3819412292247,0.0,0.8125,0.921875
2886900,456.3836375165204,0.0,1,0.96875
2887000,456.3854861701516,0.0,0.875,0.9375
2887100,456.38606568124777,0.0,0.75,0.921875
2887200,456.38786148725166,0.0,0.875,0.921875
2887300,456.3887872528411,0.0,0.875,0.9375
2887400,456.39036955187066,0.0,0.875,0.890625
2887500,456.39168771867804,0.0,0.9375,0.921875
2887600,456.3926264167794,0.0,1,0.90625
2887700,456.3935658175209,0.0,0.875,0.921875
2887800,456.39477367912974,0.0,0.875,1
2887900,456.3960368116301,0.0,0.875,0.921875
2888000,456.39738787904633,0.0,0.8125,0.875
2888100,456.3985849811389,0.0,0.9375,0.9375
2888200,456.39950392645176,0.0,0.875,0.90625
2888300,456.4007301861857,0.0,0.875,0.9375
2888400,456.4017686470933,0.0,0.9375,0.90625
2888500,456.4026691497665,0.0,0.875,0.859375
2888600,456.4036143096892,0.0,1,0.921875
2888700,456.40413871212286,0.0,0.875,0.921875
2888800,456.40501897816625,0.0,0.8125,0.96875
2888900,456.4056241245968,0.0,0.9375,0.9375
2889000,456.4069975148891,0.0,0.875,0.921875
2889100,456.40824864700505,0.0,0.9375,0.890625
2889200,456.408802046369,0.0,0.9375,0.90625
2889300,456.4100324174523,0.0,0.875,0.9375
2889400,456.41100874911314,0.0,1,0.875
2889500,456.41200481869754,0.0,0.875,0.890625
2889600,456.41254526967333,0.0,1,0.953125
2889700,456.41312627894257,0.0,0.8125,0.921875
2889800,456.41391542925294,0.0,0.875,0.9375
2889900,456.415425699748,0.0,0.8125,0.90625
2890000,456.4165105747218,0.0,1,0.875
2890100,456.417400717686,0.0,0.9375,0.9375
2890200,456.41802610547046,0.0,0.875,0.984375
2890300,456.41887771002763,0.0,0.9375,0.953125
2890400,456.41930989929693,0.0,0.9375,0.90625
2890500,456.42044008886467,0.0,0.875,0.875
2890600,456.4209942252976,0.0,0.875,0.859375
2890700,456.4220119868106,0.0,0.8125,0.90625
2890800,456.4236429202919,0.0,1,0.90625
2890900,456.42435632827204,0.0,0.75,0.875
2891000,456.4254069240017,0.0,0.9375,0.828125
2891100,456.426493745569,0.0,1,0.9375
2891200,456.42728813930773,0.0,1,0.9375
2891300,456.4275511643718,0.0,0.8125,0.859375
2891400,456.4282256650376,0.0,0.875,0.890625
2891500,456.42896556301514,0.0,0.9375,0.890625
2891600,456.4298340710943,0.0,0.9375,0.90625
2891700,456.4305601892543,0.0,0.8125,0.875
2891800,456.4317614416807,0.0,0.875,0.875
2891900,456.43289283235174,0.0,0.8125,0.953125
2892000,456.433562122561,0.0,0.875,0.9375
2892100,456.434352606757,0.0,1,0.953125
2892200,456.43528076542003,0.0,0.9375,0.984375
2892300,456.4355299701657,0.0,0.875,0.9375
2892400,456.4364642858581,0.0,0.8125,0.9375
2892500,456.4376646466738,0.0,0.8125,0.84375
2892600,456.438405893238,0.0,1,0.921875
2892700,456.4393933068479,0.0,0.875,0.953125
2892800,456.44021963559607,0.0,1,0.9375
2892900,456.44079219300136,0.0,1,0.96875
2893000,456.4417398148337,0.0,0.8125,0.875
2893100,456.443203046783,0.0,0.9375,0.890625
2893200,456.44454883549645,0.0,1,0.984375
2893300,456.4455457735591,0.0,0.9375,0.9375
2893400,456.446230947442,0.0,1,0.921875
2893500,456.4476209267186,0.0,0.875,0.90625
2893600,456.4482003193169,0.0,1,0.890625
2893700,456.4490103669757,0.0,0.875,0.890625
2893800,456.44987806144985,0.0,0.9375,0.921875
2893900,456.4507238842228,0.0,0.875,0.9375
2894000,456.4519648879051,0.0,0.875,0.90625
2894100,456.4532107683516,0.0,0.875,0.90625
2894200,456.4542336742985,0.0,1,0.921875
2894300,456.45481118631466,0.0,0.875,0.875
2894400,456.4561241372154,0.0,0.875,0.890625
2894500,456.4575229033677,0.0,0.75,0.90625
2894600,456.4580383282528,0.0,1,0.9375
2894700,456.4587670908225,0.0,0.9375,0.875
2894800,456.459586493327,0.0,0.875,0.875
2894900,456.45997221489,0.0,0.9375,0.953125
2895000,456.46103605725875,0.0,0.9375,0.90625
2895100,456.46245357688093,0.0,0.9375,0.875
2895200,456.46321794254607,0.0,0.875,0.96875
2895300,456.46379553124444,0.0,1,0.921875
2895400,456.4652145785388,0.0,0.9375,0.921875
2895500,456.46572111645673,0.0,0.9375,0.953125
2895600,456.46631105609345,0.0,0.875,0.890625
2895700,456.4666928389148,0.0,1,0.953125
2895800,456.4677416582744,0.0,0.9375,0.921875
2895900,456.46940583301875,0.0,0.8125,0.921875
2896000,456.47043011292834,0.0,0.875,0.890625
2896100,456.4708373890223,0.0,0.8125,0.90625
2896200,456.4710629914756,0.0,0.9375,0.890625
2896300,456.47118777523076,0.0,0.8125,0.9375
2896400,456.4721204927953,0.0,1,0.875
2896500,456.47819223153743,0.0,0.875,0.90625
2896600,456.4789276021783,0.0,1,0.875
2896700,456.4798906465537,0.0,0.875,1
2896800,456.4812951051071,0.0,1,0.953125
2896900,456.48208092983845,0.0,0.9375,0.890625
2897000,456.48415985407973,0.0,0.875,0.9375
2897100,456.48614792675073,0.0,0.875,0.9375
2897200,456.4865829476662,0.0,0.9375,0.9375
2897300,456.4872365855854,0.0,0.875,0.9375
2897400,456.4885489031555,0.0,0.9375,0.9375
2897500,456.4899345883036,0.0,0.875,0.921875
2897600,456.4907746148975,0.0,0.875,0.9375
2897700,456.49125843174704,0.0,1,0.90625
2897800,456.4918198315975,0.0,1,0.90625
2897900,456.49272052495144,0.0,0.875,0.921875
2898000,456.49333416511513,0.0,1,0.890625
2898100,456.4944403574552,0.0,0.8125,0.9375
2898200,456.4949886909992,0.0,1,0.921875
2898300,456.49644846739625,0.0,0.875,0.875
2898400,456.4969640781412,0.0,0.8125,0.90625
2898500,456.49754725138314,0.0,0.9375,0.96875
2898600,456.49859621856206,0.0,0.9375,0.96875
2898700,456.4998122858975,0.0,0.9375,0.9375
2898800,456.5001816852761,0.0,0.9375,0.921875
2898900,456.5011429057378,0.0,0.75,0.953125
2899000,456.5024630118003,0.0,0.9375,0.90625
2899100,456.5027381947428,0.0,0.8125,0.875
2899200,456.5035004480506,0.0,0.8125,0.953125
2899300,456.50403231619407,0.0,0.875,0.875
2899400,456.50456140874763,0.0,1,0.921875
2899500,456.5062309430581,0.0,0.75,0.890625
2899600,456.50704061627266,0.0,0.9375,0.890625
2899700,456.50864752496744,0.0,0.75,0.90625
2899800,456.50875228643184,0.0,0.9375,0.953125
2899900,456.50982502299433,0.0,0.875,0.90625
2900000,291.9014226979758,0.0,0.9375,0.890625
2900100,323.65968369625534,0.0,0.9375,0.921875
2900200,328.1067541843339,0.0,0.875,0.90625
2900300,330.4579309693436,0.0,0.875,0.9375
2900400,331.9982015820191,0.0,0.875,0.921875
2900500,333.9763830763695,0.0,1,0.9375
2900600,335.5928502044349,0.0,1,0.9375
2900700,336.58095737507495,0.0,0.875,0.921875
2900800,337.7119407474231,0.0,0.8125,0.90625
2900900,338.61139752535337,0.0,0.875,0.921875
2901000,339.8495536470815,0.0,0.9375,0.875
2901100,340.8709347759942,0.0,1,0.953125
2901200,342.6715655484305,0.0,0.875,0.90625
2901300,345.08760794382783,0.0,0.9375,0.953125
2901400,351.09634316281546,0.0,1,0.90625
2901500,439.0686390025136,0.0,0.8125,0.921875
2901600,441.1717532293051,0.0,0.8125,0.90625
2901700,442.4819712605555,0.0,0.9375,0.921875
2901800,443.5663402766729,0.0,0.875,0.90625
2901900,444.2017474008562,0.0,0.875,0.9375
2902000,444.7923208253407,0.0,1,0.890625
2902100,445.25636812564363,0.0,0.9375,0.90625
2902200,445.6899310413084,0.0,0.9375,0.9375
2902300,446.0254536586383,0.0,0.8125,0.984375
2902400,446.2760759266041,0.0,0.9375,0.984375
2902500,446.6354040130728,0.0,0.875,0.890625
2902600,447.1223220198462,0.0,0.9375,0.96875
2902700,447.64741926748496,0.0,0.875,0.96875
2902800,448.07047135376877,0.0,0.875,0.9375
2902900,448.3925725670632,0.0,0.9375,0.84375
2903000,448.66057523869324,0.0,0.875,0.90625
2903100,448.883508415982,0.0,0.875,0.953125
2903200,449.30913201913893,0.0,0.9375,0.921875
2903300,449.6178304730087,0.0,0.9375,0.953125
2903400,450.0057055303743,0.0,0.9375,0.9375
2903500,450.24201193014545,0.0,0.9375,0.9375
2903600,450.5357148786639,0.0,1,0.96875
2903700,450.87434299977093,0.0,0.9375,0.90625
2903800,451.0797038732479,0.0,0.9375,0.90625
2903900,451.29718575868947,0.0,0.9375,0.921875
2904000,451.49418839319003,0.0,0.875,0.921875
2904100,451.6875097244991,0.0,0.8125,0.9375
2904200,451.8363208208355,0.0,0.9375,0.984375
2904300,452.0231307161708,0.0,1,0.96875
2904400,452.1765763904935,0.0,0.9375,0.921875
2904500,452.31709019076294,0.0,0.9375,0.90625
2904600,452.5141512947596,0.0,0.875,0.90625
2904700,452.65139109500376,0.0,0.8125,0.96875
2904800,452.77283525995693,0.0,0.9375,0.9375
2904900,452.9568111863798,0.0,0.9375,0.9375
2905000,453.0891036752829,0.0,0.9375,0.890625
2905100,453.1910482852361,0.0,0.9375,0.90625
2905200,453.34791398252565,0.0,0.9375,0.953125
2905300,453.55733751264967,0.0,1,0.90625
2905400,453.6356582275702,0.0,1,0.890625
2905500,453.80714125121955,0.0,1,0.984375
2905600,453.9425997669263,0.0,0.875,0.875
2905700,454.077442558645,0.0,0.875,0.921875
2905800,454.16831785748127,0.0,0.8125,0.859375
2905900,454.3155627810005,0.0,0.9375,0.9375
2906000,454.42049593552184,0.0,0.8125,0.9375
2906100,454.49827661952105,0.0,0.9375,0.96875
2906200,454.6123127015066,0.0,1,0.953125
2906300,454.6686015564928,0.0,1,0.90625
2906400,454.7937323695766,0.0,0.9375,0.921875
2906500,454.8719394154505,0.0,0.9375,0.921875
2906600,454.93950115192024,0.0,0.9375,0.9375
2906700,455.0072071452665,0.0,0.9375,0.9375
2906800,455.10358536425485,0.0,1,0.9375
2906900,455.1580732415862,0.0,0.875,0.96875
2907000,455.219453004638,0.0,1,0.953125
2907100,455.25474667959156,0.0,0.8125,0.953125
2907200,455.295273471997,0.0,0.9375,0.9375
2907300,455.37045981938894,0.0,1,0.921875
2907400,455.45646360216455,0.0,0.9375,0.921875
2907500,455.52799271193953,0.0,0.9375,0.9375
2907600,455.55853438342893,0.0,0.9375,0.953125
2907700,455.6459773261437,0.0,0.8125,0.921875
2907800,455.6764490117068,0.0,1,0.96875
2907900,455.7592780884562,0.0,1,0.921875
2908000,455.8205888754764,0.0,0.875,0.859375
2908100,455.87788590490413,0.0,0.875,0.875
2908200,455.95084580783396,0.0,0.9375,0.921875
2908300,456.03678447886864,0.0,0.9375,0.96875
2908400,456.0604757592006,0.0,0.9375,0.953125
2908500,456.09978837557924,0.0,0.9375,0.953125
2908600,456.1334630798403,0.0,0.875,0.9375
2908700,456.1574604809366,0.0,0.875,0.9375
2908800,456.16764283605875,0.0,0.875,0.9375
2908900,456.19222585710514,0.0,1,0.890625
2909000,456.2347666957807,0.0,1,0.890625
2909100,456.24781269837354,0.0,1,0.921875
2909200,456.2548714395812,0.0,1,0.90625
2909300,456.27069269320356,0.0,1,0.890625
2909400,456.27134855499577,0.0,0.8125,0.9375
2909500,456.28322352287796,0.0,0.9375,0.921875
2909600,456.2968376582233,0.0,0.9375,0.9375
2909700,456.30463032555144,0.0,0.875,0.9375
2909800,456.31831131928783,0.0,0.9375,0.9375
2909900,456.331194739384,0.0,0.875,0.90625
2910000,456.3348064103178,0.0,1,0.90625
2910100,456.3379709262469,0.0,0.9375,0.90625
2910200,456.3586628467096,0.0,0.9375,0.921875
2910300,456.3601030035402,0.0,0.875,0.984375
2910400,456.36102317157935,0.0,1,0.921875
2910500,456.3708694199081,0.0,0.8125,0.921875
2910600,456.38078504397134,0.0,0.8125,0.921875
2910700,456.38940711272016,0.0,0.9375,0.890625
2910800,456.389739387173,0.0,0.75,0.90625
2910900,456.40112630803924,0.0,0.9375,0.9375
2911000,456.40937594763915,0.0,0.875,0.9375
2911100,456.410238116286,0.0,0.75,0.84375
2911200,456.4284110311753,0.0,0.75,0.875
2911300,456.4293525281724,0.0,1,0.9375
2911400,456.43016340689326,0.0,0.875,0.953125
2911500,456.43122834513184,0.0,0.9375,0.9375
2911600,456.432943734057,0.0,0.9375,0.921875
2911700,456.4334312556596,0.0,0.875,0.921875
2911800,456.4351149770066,0.0,0.875,0.875
2911900,456.4385190993468,0.0,0.8125,0.953125
2912000,456.43945583194915,0.0,0.9375,0.96875
2912100,456.44001498666086,0.0,0.9375,0.984375
2912200,456.4411330717978,0.0,0.9375,0.953125
2912300,456.4415416019442,0.0,0.875,0.84375
2912400,456.44208271401214,0.0,0.875,0.890625
2912500,456.44309718684553,0.0,0.9375,1
2912600,456.4447829374998,0.0,0.75,0.859375
2912700,456.44617934244786,0.0,1,0.9375
2912800,456.44674369669,0.0,0.9375,0.921875
2912900,456.44771494236596,0.0,0.75,0.921875
2913000,456.4487833535659,0.0,0.875,0.921875
2913100,456.4501070927426,0.0,1,0.890625
2913200,456.4512821960876,0.0,0.9375,0.90625
2913300,456.4518999935757,0.0,0.9375,0.875
2913400,456.45278817471564,0.0,1,1
2913500,456.4530911010221,0.0,0.875,0.90625
2913600,456.45380502582026,0.0,0.9375,0.9375
2913700,456.4550430504266,0.0,1,0.9375
2913800,456.45534257172295,0.0,0.8125,0.90625
2913900,456.45636486597374,0.0,0.9375,0.921875
2914000,456.4582844002314,0.0,0.9375,0.921875
2914100,456.4590756812816,0.0,0.9375,0.921875
2914200,456.45982229464005,0.0,0.9375,0.96875
2914300,456.46131383420624,0.0,0.875,0.8125
2914400,456.46172205749104,0.0,0.875,0.9375
2914500,456.4618540306893,0.0,0.9375,0.890625
2914600,456.46284638776365,0.0,0.875,0.9375
2914700,456.463530827192,0.0,0.9375,0.9375
2914800,456.46484500223875,0.0,0.875,0.96875
2914900,456.46524393008036,0.0,1,0.9375
2915000,456.4659045387724,0.0,0.9375,0.921875
2915100,456.4666167163792,0.0,1,0.96875
2915200,456.4681110421215,0.0,0.875,0.875
2915300,456.46939384212567,0.0,0.8125,0.9375
2915400,456.47045061071765,0.0,1,0.921875
2915500,456.4714986738849,0.0,0.875,0.921875
2915600,456.4737620954326,0.0,0.9375,0.96875
2915700,456.4755446409947,0.0,0.8125,0.90625
2915800,456.47608256337463,0.0,0.875,0.90625
2915900,456.4765025524879,0.0,0.9375,0.96875
2916000,456.47732886394755,0.0,0.875,0.921875
2916100,456.47805434481404,0.0,1,0.921875
2916200,456.4793136331948,0.0,0.8125,0.984375
2916300,456.4794120950438,0.0,0.875,0.9375
2916400,456.4810313259533,0.0,0.875,0.90625
2916500,456.4815310380821,0.0,0.9375,0.90625
2916600,456.4822529031854,0.0,0.9375,0.890625
2916700,456.48297821216215,0.0,0.9375,0.921875
2916800,456.4833508953236,0.0,0.875,0.953125
2916900,456.4840446596707,0.0,0.9375,0.921875
2917000,456.4849523621945,0.0,0.875,0.921875
2917100,456.4854302070587,0.0,0.8125,0.921875
2917200,456.4863032774418,0.0,0.875,0.875
2917300,456.48710914291894,0.0,0.75,0.90625
2917400,456.4882345531498,0.0,0.875,0.984375
2917500,456.48891199466726,0.0,0.9375,0.875
2917600,456.49219645614045,0.0,1,0.953125
2917700,456.4930621499615,0.0,0.875,0.96875
2917800,456.4936290722512,0.0,0.875,0.953125
2917900,456.49481762260973,0.0,0.8125,0.9375
2918000,456.4959649737743,0.0,0.9375,0.984375
2918100,456.49709267061036,0.0,0.875,0.9375
2918200,456.49753357738365,0.0,0.8125,0.9375
2918300,456.4989998847359,0.0,0.9375,0.9375
2918400,456.4999818324674,0.0,0.9375,0.890625
2918500,456.5003518084945,0.0,0.875,0.9375
2918600,456.50096158614576,0.0,0.8125,0.9375
2918700,456.5017045625934,0.0,1,0.921875
2918800,456.5028291486313,0.0,0.875,0.953125
2918900,456.5036507875188,0.0,1,0.8125
2919000,456.50438987254824,0.0,0.875,0.921875
2919100,456.5047196458207,0.0,0.9375,0.859375
2919200,456.50658129950887,0.0,0.9375,0.875
2919300,456.507468314542,0.0,0.875,0.953125
2919400,456.50916141005075,0.0,0.875,0.921875
2919500,456.5100882350188,0.0,0.9375,0.890625
2919600,456.5103855065729,0.0,0.9375,0.875
2919700,456.5107730002489,0.0,0.9375,0.9375
2919800,456.5115939825729,0.0,0.9375,0.90625
2919900,456.51237278427715,0.0,0.8125,0.953125
2920000,456.5133944131529,0.0,0.9375,0.90625
2920100,456.5137160343585,0.0,0.875,0.90625
2920200,456.5143039166958,0.0,0.8125,0.890625
2920300,456.5146356296078,0.0,0.75,0.953125
2920400,456.51589651500933,0.0,1,0.90625
2920500,456.5168150751203,0.0,0.75,0.90625
2920600,456.51779759388666,0.0,0.9375,0.9375
2920700,456.5184987487887,0.0,0.875,0.921875
2920800,456.51896125642367,0.0,0.875,0.953125
2920900,456.51928505647226,0.0,0.875,0.921875
2921000,456.52007406237317,0.0,0.9375,0.953125
2921100,456.5206732576129,0.0,0.9375,0.90625
2921200,456.52266078937043,0.0,0.875,0.828125
2921300,456.5238469737714,0.0,1,0.9375
2921400,456.52558333915067,0.0,0.875,0.921875
2921500,456.5261005642411,0.0,1,0.90625
2921600,456.52682631108837,0.0,0.8125,0.90625
2921700,456.5272091144699,0.0,0.875,0.859375
2921800,456.52770250541374,0.0,0.875,0.9375
2921900,456.52850356726026,0.0,0.875,0.90625
2922000,456.52893133196784,0.0,0.875,0.984375
2922100,456.5297263241473,0.0,0.9375,0.9375
2922200,456.53051081872053,0.0,0.875,0.921875
2922300,456.53126114555744,0.0,0.9375,0.859375
2922400,456.531697298999,0.0,0.875,0.9375
2922500,456.5321904430993,0.0,0.875,0.875
2922600,456.5326793568281,0.0,1,0.984375
2922700,456.53400232373417,0.0,0.875,0.875
2922800,456.5350905663394,0.0,0.8125,0.890625
2922900,456.5365060701073,0.0,0.875,0.9375
2923000,456.5366720505188,0.0,0.9375,0.96875
2923100,456.5374205338578,0.0,0.875,0.921875
2923200,456.53822440411847,0.0,0.9375,0.96875
2923300,456.5385173000206,0.0,0.875,0.9375
2923400,456.5394073421263,0.0,1,0.9375
2923500,456.54092499074835,0.0,0.875,1
2923600,456.54184223479257,0.0,0.875,0.890625
2923700,456.5423450074069,0.0,0.8125,0.921875
2923800,456.5431263711657,0.0,0.9375,0.859375
2923900,456.54397853409915,0.0,0.9375,0.859375
2924000,456.54425969218516,0.0,0.8125,0.96875
2924100,456.5448527193575,0.0,0.875,0.921875
2924200,456.5453317980946,0.0,0.6875,0.9375
2924300,456.54574825444195,0.0,0.875,0.921875
2924400,456.54596733470345,0.0,0.8125,0.875
2924500,456.54723572027285,0.0,1,0.984375
2924600,456.54791436217545,0.0,0.9375,0.921875
2924700,456.548766208883,0.0,0.8125,0.84375
2924800,456.5497903258768,0.0,0.9375,0.9375
2924900,456.55288064778085,0.0,0.9375,0.921875
2925000,333.8871818232301,0.0,0.9375,0.90625
2925100,335.55919289325533,0.0,0.9375,0.953125
2925200,336.54116882638306,0.0,1,0.953125
2925300,338.1373479277383,0.0,1,0.875
2925400,339.25938565700676,0.0,0.875,0.90625
2925500,340.7840769030187,0.0,0.875,0.953125
2925600,343.0861171979066,0.0,1,0.953125
2925700,344.94135582695844,0.0,0.875,0.84375
2925800,356.4066062104841,0.0,0.875,0.90625
2925900,435.697805650425,0.0,0.875,0.921875
2926000,439.1206213389085,0.0,0.8125,0.921875
2926100,440.5482383617949,0.0,1,0.921875
2926200,441.6958106199574,0.0,1,0.9375
2926300,442.65832568135227,0.0,0.875,0.921875
2926400,443.84434316029365,0.0,0.875,0.9375
2926500,444.65749490676507,0.0,0.9375,0.9375
2926600,445.2614553732297,0.0,0.875,0.921875
2926700,445.79586785443337,0.0,0.875,0.90625
2926800,446.15840922290494,0.0,0.875,0.921875
2926900,446.57430933650465,0.0,0.875,0.9375
2927000,447.01053477455605,0.0,0.9375,0.953125
2927100,447.41817243668226,0.0,0.8125,0.859375
2927200,447.735605061744,0.0,0.875,0.921875
2927300,448.098018725818,0.0,0.875,0.9375
2927400,448.3745438912134,0.0,0.8125,0.84375
2927500,448.7747562257147,0.0,0.9375,0.921875
2927600,449.13593601386054,0.0,0.875,0.921875
2927700,449.35336443965195,0.0,1,0.953125
2927800,449.6988533730819,0.0,0.9375,1
2927900,449.914051047818,0.0,0.9375,0.921875
2928000,450.2298394902552,0.0,0.9375,0.90625
2928100,450.4920523641101,0.0,0.9375,0.84375
2928200,450.74897508716265,0.0,1,0.90625
2928300,451.00907248114584,0.0,0.875,0.9375
2928400,451.23352034539613,0.0,0.8125,0.921875
2928500,451.4905672280135,0.0,1,0.953125
2928600,451.629522071228,0.0,0.9375,0.875
2928700,451.8652482563002,0.0,1,0.921875
2928800,452.02051081941573,0.0,0.875,0.984375
2928900,452.19317255384897,0.0,0.8125,0.890625
2929000,452.3615965375702,0.0,0.8125,0.921875
2929100,452.5114394428044,0.0,1,0.96875
2929200,452.74170767650435,0.0,0.6875,0.921875
2929300,452.8645623186221,0.0,0.875,0.96875
2929400,452.9535951563813,0.0,0.875,0.890625
2929500,453.11043342172724,0.0,0.8125,0.953125
2929600,453.2909882809541,0.0,1,0.921875
2929700,453.5227777444093,0.0,0.9375,0.953125
2929800,453.60660220572964,0.0,0.9375,0.9375
2929900,453.70780299636255,0.0,0.75,0.875
2930000,453.8503723931312,0.0,0.875,0.953125
2930100,453.9570274158057,0.0,0.9375,0.890625
2930200,454.10383691465216,0.0,0.9375,0.890625
2930300,454.23600649188177,0.0,0.875,0.953125
2930400,454.38230209493383,0.0,0.9375,0.90625
2930500,454.4889389995649,0.0,0.9375,0.921875
2930600,454.5899854347105,0.0,0.9375,0.96875
2930700,454.6682925358505,0.0,1,0.859375
2930800,454.7151077653655,0.0,1,0.953125
2930900,454.8294023990449,0.0,0.9375,0.90625
2931000,454.93599322467355,0.0,0.9375,0.921875
2931100,454.997784552479,0.0,1,0.9375
2931200,455.0669313140144,0.0,1,0.90625
2931300,455.11602558777076,0.0,0.8125,0.859375
2931400,455.15525893687806,0.0,0.75,0.828125
2931500,455.1631707117609,0.0,0.9375,0.953125
2931600,455.2145612100943,0.0,0.9375,0.9375
2931700,455.25412751585856,0.0,0.875,0.921875
2931800,455.27480588555414,0.0,0.875,0.90625
2931900,455.3192643851367,0.0,0.9375,0.90625
2932000,455.3720337177267,0.0,0.6875,0.921875
2932100,455.4119845238135,0.0,1,0.9375
2932200,455.44610960074243,0.0,0.9375,0.90625
2932300,455.4846145635111,0.0,1,0.953125
2932400,455.53562471116976,0.0,1,0.96875
2932500,455.55854526960735,0.0,0.8125,0.90625
2932600,455.58395459624785,0.0,0.875,0.890625
2932700,455.5947340180254,0.0,0.875,0.90625
2932800,455.62269319717547,0.0,0.875,0.96875
2932900,455.63172069406494,0.0,0.8125,0.890625
2933000,455.6391665885635,0.0,0.9375,0.921875
2933100,455.6416675774258,0.0,0.9375,0.890625
2933200,455.65414987207186,0.0,0.875,0.953125
2933300,455.6814943401618,0.0,0.875,0.9375
2933400,455.68363810225094,0.0,0.875,0.828125
2933500,455.7206535365071,0.0,0.9375,0.90625
2933600,455.7276336554414,0.0,0.8125,0.890625
2933700,455.74506651726296,0.0,0.875,0.890625
2933800,455.77621970263385,0.0,0.9375,0.953125
2933900,455.78617102693323,0.0,0.875,0.953125
2934000,455.79631125236614,0.0,0.9375,0.953125
2934100,455.81834023835944,0.0,0.75,0.890625
2934200,455.8207620594304,0.0,0.875,0.984375
2934300,455.8384900219543,0.0,0.875,0.90625
2934400,455.850332825643,0.0,0.9375,0.953125
2934500,455.8550598715936,0.0,0.875,0.96875
2934600,455.8983253126413,0.0,0.9375,0.921875
2934700,455.91759649039864,0.0,0.8125,0.859375
2934800,455.9190222017339,0.0,1,0.90625
2934900,455.9445680354519,0.0,0.9375,0.90625
2935000,455.9530578204305,0.0,1,0.90625
2935100,455.9551045762119,0.0,0.9375,0.875
2935200,455.9610025633002,0.0,0.9375,0.90625
2935300,455.96476072692604,0.0,0.9375,0.9375
2935400,455.97175715616686,0.0,0.9375,0.984375
2935500,455.97449945231364,0.0,0.9375,0.875
2935600,455.97825455726843,0.0,0.9375,0.96875
2935700,455.9801800484514,0.0,0.8125,0.859375
2935800,455.9835760898934,0.0,0.9375,0.953125
2935900,455.98414174179794,0.0,0.9375,0.96875
2936000,455.9856470524804,0.0,1,0.9375
2936100,455.98816688561755,0.0,0.9375,0.96875
2936200,455.9904931004974,0.0,1,0.953125
2936300,455.9916319815323,0.0,0.875,0.890625
2936400,455.9939542789107,0.0,0.9375,0.890625
2936500,456.00197040203307,0.0,0.9375,0.90625
2936600,456.00695486306455,0.0,0.875,0.90625
2936700,456.0142075855209,0.0,0.9375,0.84375
2936800,456.0152365224088,0.0,0.875,0.953125
2936900,456.019643365299,0.0,0.9375,1
2937000,456.02324633633646,0.0,0.9375,0.9375
2937100,456.0239834637228,0.0,0.9375,0.921875
2937200,456.02527814379556,0.0,0.875,0.953125
2937300,456.03543638192,0.0,0.8125,0.953125
2937400,456.03771361577344,0.0,0.9375,0.921875
2937500,456.0441170570066,0.0,0.9375,0.90625
2937600,456.04531036093135,0.0,1,0.90625
2937700,456.04616308791583,0.0,1,0.984375
2937800,456.0470898472857,0.0,1,0.96875
2937900,456.0494189852161,0.0,0.9375,0.953125
2938000,456.0508772867205,0.0,0.9375,0.9375
2938100,456.05299632727025,0.0,1,0.953125
2938200,456.05482267631317,0.0,0.9375,0.96875
2938300,456.0576369407838,0.0,1,0.875
2938400,456.06060434974853,0.0,0.8125,1
2938500,456.06230332295013,0.0,0.9375,0.921875
2938600,456.0637851373493,0.0,0.75,0.875
2938700,456.06549138937726,0.0,0.9375,0.890625
2938800,456.06635648688706,0.0,0.9375,0.953125
2938900,456.0682461720732,0.0,1,0.921875
2939000,456.06942377876675,0.0,0.875,0.890625
2939100,456.07013653728376,0.0,1,0.90625
2939200,456.0718680258441,0.0,0.8125,0.875
2939300,456.0722840969225,0.0,0.9375,0.9375
2939400,456.0746289155326,0.0,0.9375,0.953125
2939500,456.07579939090067,0.0,0.9375,0.9375
2939600,456.07658281317475,0.0,0.9375,0.9375
2939700,456.0804830618546,0.0,0.875,0.9375
2939800,456.08151256369024,0.0,0.9375,0.953125
2939900,456.0832710794216,0.0,0.875,0.921875
2940000,456.08547559714805,0.0,0.8125,0.921875
2940100,456.0875527727167,0.0,0.875,0.953125
2940200,456.08882358204295,0.0,0.9375,0.890625
2940300,456.09004143565056,0.0,0.875,0.921875
2940400,456.09104616535353,0.0,0.9375,0.953125
2940500,456.09253782973303,0.0,0.875,0.90625
2940600,456.094457725787,0.0,0.9375,0.921875
2940700,456.09679082359577,0.0,0.8125,0.90625
2940800,456.0989194518275,0.0,0.875,0.921875
2940900,456.1000704221296,0.0,0.75,0.875
2941000,456.10175130484294,0.0,0.9375,0.9375
2941100,456.1030749146884,0.0,1,0.90625
2941200,456.1041662049288,0.0,0.9375,0.9375
2941300,456.10720589452217,0.0,0.875,0.921875
2941400,456.11025585506445,0.0,0.9375,0.9375
2941500,456.11102598383144,0.0,0.9375,0.96875
2941600,456.11198104713714,0.0,0.8125,0.984375
2941700,456.11301538912636,0.0,1,0.953125
2941800,456.1134837431834,0.0,0.9375,0.890625
2941900,456.113789696866,0.0,0.9375,0.953125
2942000,456.115573000936,0.0,0.9375,0.890625
2942100,456.1168358137216,0.0,0.9375,0.875
2942200,456.119307452006,0.0,0.9375,0.984375
2942300,456.12030186456263,0.0,0.8125,0.921875
2942400,456.1222162445814,0.0,0.9375,0.828125
2942500,456.12365801251053,0.0,1,0.953125
2942600,456.1276237599454,0.0,0.875,0.875
2942700,456.1312641195462,0.0,0.875,0.890625
2942800,456.1334353005765,0.0,0.9375,0.875
2942900,456.1350642090671,0.0,0.875,0.90625
2943000,456.13779155924385,0.0,0.875,0.953125
2943100,456.13877117637946,0.0,0.875,0.96875
2943200,456.1401912450295,0.0,0.9375,0.890625
2943300,456.14141661361583,0.0,0.9375,0.953125
2943400,456.14301161009195,0.0,0.9375,0.890625
2943500,456.1449566791706,0.0,0.875,0.90625
2943600,456.14767846451923,0.0,0.8125,0.921875
2943700,456.1498602003926,0.0,1,0.90625
2943800,456.15061744352096,0.0,0.8125,0.890625
2943900,456.1532620619406,0.0,0.875,0.8125
2944000,456.15375796830165,0.0,0.875,0.921875
2944100,456.1567144803905,0.0,1,0.890625
2944200,456.16009030479603,0.0,0.75,0.984375
2944300,456.1618956475814,0.0,0.875,0.90625
2944400,456.16365356941753,0.0,0.875,0.859375
2944500,456.16545747312625,0.0,0.875,0.921875
2944600,456.1660934935565,0.0,0.875,0.921875
2944700,456.1674770879311,0.0,1,0.953125
2944800,456.16826261966423,0.0,0.8125,0.921875
2944900,456.1693285598827,0.0,0.75,0.890625
2945000,456.17446715348603,0.0,0.9375,0.953125
2945100,456.17499294632904,0.0,0.875,0.9375
2945200,456.1768962111728,0.0,0.9375,0.859375
2945300,456.1786749807337,0.0,0.9375,0.890625
2945400,456.17961305762,0.0,0.9375,0.9375
2945500,456.18026726368424,0.0,1,0.90625
2945600,456.18174109359984,0.0,0.875,0.953125
2945700,456.1851859631889,0.0,0.8125,0.859375
2945800,456.1872967734032,0.0,0.875,0.921875
2945900,456.18882705350677,0.0,1,0.921875
2946000,456.1901664109013,0.0,1,0.90625
2946100,456.1911057914006,0.0,0.875,0.953125
2946200,456.1922113566406,0.0,0.875,0.875
2946300,456.19256805995536,0.0,0.9375,0.90625
2946400,456.19374468315624,0.0,0.8125,0.90625
2946500,456.1960005655901,0.0,0.9375,0.921875
2946600,456.1968943647701,0.0,0.875,0.96875
2946700,456.1975141375041,0.0,1,0.921875
2946800,456.1986653933402,0.0,0.9375,0.96875
2946900,456.1999145280516,0.0,0.75,0.9375
2947000,456.20183668433066,0.0,0.875,0.9375
2947100,456.2023051631151,0.0,0.9375,0.953125
2947200,456.2028633904732,0.0,0.875,0.90625
2947300,456.2044164005334,0.0,0.8125,0.875
2947400,456.20622109886546,0.0,0.875,0.9375
2947500,456.208150097686,0.0,0.875,0.96875
2947600,456.2094490322195,0.0,0.9375,0.984375
2947700,456.21057990030516,0.0,1,0.890625
2947800,456.2114109767882,0.0,1,0.921875
2947900,456.2122045409823,0.0,1,0.9375
2948000,456.213055214897,0.0,1,0.875
2948100,456.2154202564998,0.0,0.875,0.859375
2948200,456.2169785693876,0.0,0.875,0.953125
2948300,456.21802286927885,0.0,1,0.921875
2948400,456.21953218387847,0.0,0.875,0.953125
2948500,456.22086657045395,0.0,0.875,0.9375
2948600,456.2221518973046,0.0,0.75,0.953125
2948700,456.2234327948185,0.0,0.9375,0.890625
2948800,456.224257474183,0.0,0.8125,0.90625
2948900,456.2253135389311,0.0,0.9375,0.9375
2949000,456.22705728444015,0.0,1,0.921875
2949100,456.2297956447221,0.0,0.875,0.984375
2949200,456.23086680561454,0.0,0.9375,0.96875
2949300,456.23279741505837,0.0,0.9375,0.9375
2949400,456.23545967971984,0.0,0.75,0.875
2949500,456.23688579626577,0.0,0.9375,0.984375
2949600,456.23740931073155,0.0,0.9375,0.90625
2949700,456.2385024417024,0.0,0.875,0.953125
2949800,456.23941719497765,0.0,1,0.96875
2949900,456.24056371102483,0.0,0.8125,0.921875
2950000,238.03451160800822,0.0,0.9375,0.96875
2950100,238.10695116087254,0.0,1,0.921875
2950200,238.19632191788338,0.0,1,0.9375
2950300,238.27889341509666,0.0,0.875,0.96875
2950400,238.38779836518063,0.0,0.9375,1
2950500,238.59930211361495,0.0,0.9375,0.96875
2950600,238.64252773482974,0.0,0.875,0.921875
2950700,238.77589734307605,0.0,0.875,0.921875
2950800,239.01237947853642,0.0,0.875,0.953125
2950900,239.1662383028988,0.0,1,0.890625
2951000,239.3145274223093,0.0,0.9375,0.921875
2951100,239.4222211840755,0.0,0.875,0.875
2951200,239.57099166973344,0.0,0.875,0.921875
2951300,239.76606144141448,0.0,1,0.890625
2951400,239.9011415180668,0.0,0.9375,0.890625
2951500,240.0869137657764,0.0,0.9375,0.921875
2951600,240.20912051134013,0.0,0.9375,0.90625
2951700,240.4542902231091,0.0,0.9375,0.90625
2951800,240.5798672903046,0.0,0.75,0.890625
2951900,240.94679552011235,0.0,1,0.921875
2952000,241.28569756627965,0.0,0.8125,0.96875
2952100,241.4736402285838,0.0,1,0.921875
2952200,242.11100539720667,0.0,0.875,0.9375
2952300,242.65991444222965,0.0,1,0.984375
2952400,243.45440113316462,0.0,0.9375,0.890625
2952500,246.71804875654536,0.0,1,0.90625
2952600,294.3029463586139,0.0,1,0.984375
2952700,332.5750084195693,0.0,0.9375,0.84375
2952800,338.66999657381143,0.0,0.9375,0.90625
2952900,340.36524312768245,0.0,0.9375,0.9375
2953000,341.51366754310885,0.0,0.875,0.859375
2953100,342.2510432725651,0.0,0.9375,0.9375
2953200,342.54185800363774,0.0,0.875,0.890625
2953300,343.3096078049654,0.0,0.9375,0.953125
2953400,343.4839856388706,0.0,0.875,0.875
2953500,343.91283633389287,0.0,0.8125,0.875
2953600,344.4719418532894,0.0,0.8125,0.96875
2953700,344.78231086809654,0.0,0.875,0.828125
2953800,344.96509478757406,0.0,0.875,0.90625
2953900,345.1615880897168,0.0,0.875,0.953125
2954000,345.4180425785835,0.0,0.8125,0.953125
2954100,345.54429486038885,0.0,0.875,0.890625
2954200,345.7390284377577,0.0,0.9375,0.875
2954300,345.9950169963139,0.0,1,0.90625
2954400,346.17300023760794,0.0,0.9375,0.90625
2954500,346.45180328979217,0.0,1,0.9375
2954600,346.69477078145906,0.0,0.9375,0.953125
2954700,346.9303382265779,0.0,0.875,0.875
2954800,347.0623578149759,0.0,0.8125,0.859375
2954900,347.27313218831307,0.0,0.8125,0.90625
2955000,347.44442051136673,0.0,0.9375,0.90625
2955100,347.87212554051683,0.0,0.875,0.9375
2955200,348.37352672555323,0.0,1,0.90625
2955300,348.5348667450095,0.0,0.9375,0.921875
2955400,348.8787444302399,0.0,0.9375,0.953125
2955500,349.1241876113765,0.0,0.9375,0.90625
2955600,349.3966519659207,0.0,1,0.953125
2955700,349.43669070920635,0.0,0.9375,0.90625
2955800,350.04980881452803,0.0,0.9375,0.9375
2955900,350.3875066336758,0.0,0.875,0.90625
2956000,351.4612855697166,0.0,1,0.96875
2956100,352.7078251487925,0.0,0.9375,0.90625
2956200,355.2869386938511,0.0,0.875,0.90625
2956300,357.1865601176051,0.0,0.8125,0.9375
2956400,364.9334391529983,0.0,0.9375,0.921875
2956500,415.5575514230803,0.0,0.9375,0.953125
2956600,444.69971824872897,0.0,0.9375,0.875
2956700,447.4310806605408,0.0,1,0.9375
2956800,448.6840552057576,0.0,0.9375,0.9375
2956900,448.9508374546681,0.0,1,0.84375
2957000,449.5227193110311,0.0,0.875,0.90625
2957100,450.00368305417277,0.0,1,0.90625
2957200,450.33957768861916,0.0,0.875,0.9375
2957300,450.5706684644501,0.0,0.875,0.921875
2957400,450.9448430360012,0.0,0.9375,0.921875
2957500,451.36368516281993,0.0,0.9375,0.890625
2957600,451.64910534012824,0.0,0.9375,0.953125
2957700,451.84254636882997,0.0,0.875,0.953125
2957800,452.1234215344489,0.0,1,0.921875
2957900,452.4201915976246,0.0,0.875,0.9375
2958000,452.6508161369245,0.0,0.875,0.953125
2958100,452.8184136469987,0.0,1,0.953125
2958200,453.02539684810364,0.0,0.9375,0.875
2958300,453.22629657027016,0.0,0.875,0.984375
2958400,453.40895959867356,0.0,0.9375,0.90625
2958500,453.53327546258424,0.0,0.875,0.953125
2958600,453.62402764612324,0.0,0.8125,0.890625
2958700,453.8321082720573,0.0,0.9375,0.890625
2958800,453.9623668853252,0.0,0.9375,0.953125
2958900,454.07519293170606,0.0,0.9375,0.90625
2959000,454.13673344331323,0.0,0.875,0.921875
2959100,454.29177541702524,0.0,0.9375,0.921875
2959200,454.425002192272,0.0,1,0.890625
2959300,454.49824813744374,0.0,1,0.921875
2959400,454.58938381994324,0.0,0.9375,0.921875
2959500,454.70383966000355,0.0,0.9375,0.9375
2959600,454.72907901877795,0.0,1,0.890625
2959700,454.79181122481504,0.0,0.875,0.921875
2959800,454.8544086434599,0.0,0.9375,0.953125
2959900,454.91553713879154,0.0,0.9375,0.953125
2960000,454.9823331902785,0.0,1,0.9375
2960100,455.0592431847764,0.0,0.875,0.90625
2960200,455.0679254134252,0.0,0.9375,0.921875
2960300,455.08096431691945,0.0,0.9375,0.90625
2960400,455.1183184255106,0.0,0.875,0.9375
2960500,455.14826786951477,0.0,0.875,0.9375
2960600,455.19971747534163,0.0,0.8125,0.953125
2960700,455.2246908968546,0.0,0.9375,0.859375
2960800,455.2621894610393,0.0,0.8125,0.9375
2960900,455.2965160690282,0.0,0.9375,0.9375
2961000,455.3235083063554,0.0,1,0.921875
2961100,455.3728408188477,0.0,1,0.828125
2961200,455.3794381498699,0.0,0.875,0.890625
2961300,455.3974408451205,0.0,0.875,0.90625
2961400,455.4233213334899,0.0,0.9375,0.890625
2961500,455.4467982628226,0.0,0.875,0.921875
2961600,455.45113539293845,0.0,0.9375,0.921875
2961700,455.4527988442116,0.0,0.8125,0.90625
2961800,455.46014234636743,0.0,0.875,0.96875
2961900,455.4659206932465,0.0,1,0.9375
2962000,455.4787370378271,0.0,0.875,0.90625
2962100,455.48500319758085,0.0,0.9375,0.890625
2962200,455.4868933416236,0.0,0.9375,0.96875
2962300,455.4998291209297,0.0,0.9375,0.921875
2962400,455.5012937431882,0.0,0.9375,0.9375
2962500,455.50430371279987,0.0,0.9375,0.9375
2962600,455.50506834709796,0.0,0.9375,0.875
2962700,455.50841984993497,0.0,1,0.9375
2962800,455.5207615758538,0.0,0.9375,0.921875
2962900,455.53120315523745,0.0,0.9375,0.921875
2963000,455.5344302809997,0.0,0.875,0.9375
2963100,455.53491822080264,0.0,0.9375,0.90625
2963200,455.53796522629,0.0,0.75,0.890625
2963300,455.54437750256176,0.0,0.875,0.953125
2963400,455.5462603230877,0.0,0.875,0.984375
2963500,455.5500901013625,0.0,1,0.953125
2963600,455.563744534706,0.0,1,0.96875
2963700,455.5765648730354,0.0,0.875,0.921875
2963800,455.58224797189564,0.0,0.9375,0.921875
2963900,455.58248184244883,0.0,1,0.90625
2964000,455.59096052349764,0.0,1,0.90625
2964100,455.5930580711812,0.0,0.9375,0.90625
2964200,455.6003523215079,0.0,0.875,0.90625
2964300,455.60500432600355,0.0,1,0.859375
2964400,455.6063163926022,0.0,0.9375,0.953125
2964500,455.61099497325034,0.0,0.875,0.9375
2964600,455.6135709556419,0.0,0.9375,0.890625
2964700,455.6165403358159,0.0,1,0.890625
2964800,455.6217303162136,0.0,0.875,0.84375
2964900,455.62600406411366,0.0,1,0.9375
2965000,455.6278790186335,0.0,0.9375,0.96875
2965100,455.63319736664465,0.0,1,0.9375
2965200,455.63834519631513,0.0,1,0.96875
2965300,455.63926007673655,0.0,0.875,0.921875
2965400,455.6422534240965,0.0,0.875,0.984375
2965500,455.6477110465046,0.0,0.9375,0.9375
2965600,455.64809032600425,0.0,0.9375,0.921875
2965700,455.650527876869,0.0,0.9375,0.90625
2965800,455.6565680260242,0.0,1,1
2965900,455.6622884778259,0.0,1,0.921875
2966000,455.6708080285447,0.0,0.875,0.921875
2966100,455.67757544550443,0.0,0.875,0.921875
2966200,455.6780361823197,0.0,1,0.953125
2966300,455.6855664539618,0.0,0.9375,0.9375
2966400,455.689713646746,0.0,0.875,0.90625
2966500,455.6907789206081,0.0,0.8125,0.921875
2966600,455.6949316927479,0.0,0.9375,0.921875
2966700,455.69774818418847,0.0,0.9375,0.921875
2966800,455.7035422355001,0.0,0.75,0.84375
2966900,455.7056577431103,0.0,0.875,0.921875
2967000,455.70806002377896,0.0,0.9375,0.890625
2967100,455.70911220455,0.0,0.875,0.90625
2967200,455.71108395283926,0.0,1,0.9375
2967300,455.7173763558457,0.0,0.8125,0.953125
2967400,455.71841548923413,0.0,0.75,0.875
2967500,455.7241326727513,0.0,0.9375,0.9375
2967600,455.72918141718327,0.0,0.9375,0.875
2967700,455.7332167154467,0.0,0.9375,0.859375
2967800,455.7374253323921,0.0,0.8125,0.9375
2967900,455.74082544966325,0.0,1,0.84375
2968000,455.74655314885416,0.0,0.9375,0.859375
2968100,455.74822191231397,0.0,0.9375,0.9375
2968200,455.74855767451805,0.0,0.9375,0.953125
2968300,455.75145280309505,0.0,0.9375,0.953125
2968400,455.75879623554306,0.0,0.875,0.921875
2968500,455.76027329858795,0.0,0.875,0.84375
2968600,455.7616970145608,0.0,0.875,0.890625
2968700,455.76462036358544,0.0,0.9375,0.96875
2968800,455.7664121461201,0.0,1,0.9375
2968900,455.76735228758315,0.0,0.9375,0.96875
2969000,455.7706732937638,0.0,0.9375,0.9375
2969100,455.771738695389,0.0,0.9375,0.890625
2969200,455.7728002006276,0.0,0.9375,0.953125
2969300,455.77373890798276,0.0,0.9375,0.953125
2969400,455.7768376385814,0.0,1,0.859375
2969500,455.77999836610985,0.0,1,0.9375
2969600,455.7819406113149,0.0,0.9375,0.90625
2969700,455.7871996345644,0.0,0.9375,0.90625
2969800,455.78914823846696,0.0,0.9375,0.9375
2969900,455.7904818178447,0.0,0.8125,0.953125
2970000,455.79078481002324,0.0,0.9375,0.90625
2970100,455.79334067207225,0.0,0.875,0.9375
2970200,455.7978049451879,0.0,0.9375,0.875
2970300,455.80111601631154,0.0,0.9375,0.953125
2970400,455.802234322113,0.0,0.875,0.953125
2970500,455.80746684831263,0.0,0.8125,0.921875
2970600,455.8165288125799,0.0,0.875,0.921875
2970700,455.818001504341,0.0,0.875,0.90625
2970800,455.8182181234869,0.0,0.875,0.796875
2970900,455.8240584190428,0.0,1,0.953125
2971000,455.8247242507888,0.0,1,0.953125
2971100,455.82638539058644,0.0,0.9375,0.953125
2971200,455.8280463487472,0.0,1,0.890625
2971300,455.82951399835304,0.0,0.9375,0.921875
2971400,455.83247560450235,0.0,1,0.921875
2971500,455.84081579121806,0.0,1,0.953125
2971600,455.8447040963044,0.0,0.9375,0.9375
2971700,455.8454152754329,0.0,0.9375,0.921875
2971800,455.8501783086501,0.0,0.9375,0.96875
2971900,455.8517687782753,0.0,0.875,0.90625
2972000,455.85609854439963,0.0,0.8125,0.890625
2972100,455.8615408808873,0.0,0.9375,0.890625
2972200,455.86676154992796,0.0,0.875,0.90625
2972300,455.86713009777753,0.0,0.9375,0.921875
2972400,455.8674844968498,0.0,0.9375,0.953125
2972500,455.8724921785384,0.0,1,0.90625
2972600,455.87704214519295,0.0,1,0.875
2972700,455.8776106042315,0.0,0.8125,0.9375
2972800,455.8798254678974,0.0,0.875,0.921875
2972900,455.88441998870115,0.0,1,0.953125
2973000,455.8864590011188,0.0,0.875,0.953125
2973100,455.8881358110022,0.0,0.875,0.9375
2973200,455.8890682284855,0.0,0.875,0.90625
2973300,455.89098022226545,0.0,1,0.921875
2973400,455.89665250762795,0.0,0.875,0.90625
2973500,455.89739022928916,0.0,0.9375,0.90625
2973600,455.89839050438286,0.0,0.875,0.859375
2973700,455.9019848861009,0.0,0.875,0.90625
2973800,455.9024259405811,0.0,0.875,0.921875
2973900,455.90258336341697,0.0,0.875,0.921875
2974000,455.90348435899267,0.0,0.9375,0.96875
2974100,455.9053985154097,0.0,1,0.984375
2974200,455.90671808561314,0.0,0.9375,0.9375
2974300,455.91108754739037,0.0,1,0.9375
2974400,455.9130133704129,0.0,0.9375,0.921875
2974500,455.918271671885,0.0,0.875,0.96875
2974600,455.9193548221741,0.0,0.875,0.890625
2974700,455.92083999098867,0.0,0.875,0.953125
2974800,455.92638868366464,0.0,0.9375,0.921875
2974900,455.927861342455,0.0,0.875,0.890625
2975000,237.83575164139393,0.0,0.9375,0.921875
2975100,238.02546607114192,0.0,0.8125,0.90625
2975200,238.11104920455915,0.0,1,0.890625
2975300,238.28047836438688,0.0,1,0.984375
2975400,238.43291802970515,0.0,1,0.9375
2975500,238.59801289517924,0.0,0.875,0.90625
2975600,238.77092435535317,0.0,0.875,0.953125
2975700,238.9695281919752,0.0,0.8125,0.90625
2975800,239.14340042068665,0.0,0.9375,0.890625
2975900,239.37202402339412,0.0,1,0.9375
2976000,239.67123555559735,0.0,1,0.9375
2976100,239.9239117824399,0.0,0.9375,0.890625
2976200,240.07981723917732,0.0,1,0.953125
2976300,240.6905562464862,0.0,0.875,0.921875
2976400,241.5715866785535,0.0,1,0.953125
2976500,243.81564396514995,0.0,0.9375,0.875
2976600,270.6240611171974,0.0,0.8125,0.921875
2976700,320.3574479187597,0.0,1,0.9375
2976800,330.4711982066027,0.0,0.9375,0.875
2976900,335.3383462290148,0.0,0.875,0.90625
2977000,337.3549329904665,0.0,1,0.921875
2977100,339.0692016940019,0.0,0.9375,0.96875
2977200,339.9339554231508,0.0,0.75,0.9375
2977300,340.7932156448029,0.0,0.9375,0.9375
2977400,341.4117766752779,0.0,0.875,0.9375
2977500,341.82542613994076,0.0,1,0.921875
2977600,342.05044649042884,0.0,1,0.875
2977700,342.3262459126061,0.0,0.75,0.921875
2977800,342.4651876178955,0.0,0.875,0.9375
2977900,342.68047226298575,0.0,0.875,0.953125
2978000,342.9133349006524,0.0,1,0.96875
2978100,343.3481531322953,0.0,0.9375,0.921875
2978200,343.6148905009136,0.0,0.875,0.953125
2978300,343.87304962542817,0.0,0.875,0.890625
2978400,344.1898160905341,0.0,0.9375,0.890625
2978500,344.65503267753826,0.0,1,0.96875
2978600,344.9483010853444,0.0,1,0.953125
2978700,345.12893110289286,0.0,0.9375,0.9375
2978800,345.4259171727863,0.0,0.9375,0.9375
2978900,345.9019387711337,0.0,1,0.921875
2979000,346.5475613087697,0.0,1,0.953125
2979100,347.09974847456857,0.0,0.8125,0.90625
2979200,347.6875987700191,0.0,0.8125,0.84375
2979300,349.19286891317694,0.0,1,0.890625
2979400,350.4877919144512,0.0,0.8125,0.953125
2979500,432.16676598653754,0.0,0.9375,0.953125
2979600,445.5445419926711,0.0,0.9375,0.90625
2979700,448.50759132433024,0.0,1,0.96875
2979800,449.24123217371977,0.0,0.9375,0.921875
2979900,449.72170411810663,0.0,0.9375,0.953125
2980000,450.2485234561965,0.0,0.9375,0.90625
2980100,450.78049646243034,0.0,1,0.96875
2980200,450.8872226106724,0.0,0.875,0.953125
2980300,451.3047331604125,0.0,1,0.921875
2980400,451.6152893183986,0.0,1,0.953125
2980500,451.9106237167988,0.0,0.9375,0.921875
2980600,452.236733539078,0.0,0.9375,0.9375
2980700,452.61639783144386,0.0,0.9375,0.9375
2980800,452.8271835415395,0.0,0.875,0.921875
2980900,452.9710403480344,0.0,0.9375,0.859375
2981000,453.2567901402267,0.0,0.8125,0.921875
2981100,453.47048498279787,0.0,0.9375,0.953125
2981200,453.68670361069366,0.0,1,0.96875
2981300,453.8225920927144,0.0,1,0.875
2981400,453.9489730549536,0.0,0.875,0.9375
2981500,454.0613808470048,0.0,1,0.953125
2981600,454.2775547438901,0.0,1,0.890625
2981700,454.39882558541996,0.0,0.8125,0.921875
2981800,454.4929299607043,0.0,0.8125,0.90625
2981900,454.59783618006566,0.0,0.875,0.96875
2982000,454.69574214358886,0.0,0.8125,0.90625
2982100,454.7662434001903,0.0,0.875,0.9375
2982200,454.8242410838839,0.0,0.9375,0.984375
2982300,454.89972357886177,0.0,0.9375,0.90625
2982400,454.99883695168165,0.0,0.9375,0.921875
2982500,455.06125060461517,0.0,0.875,0.9375
2982600,455.17297032185326,0.0,0.875,0.921875
2982700,455.20700112421343,0.0,1,0.921875
2982800,455.2313533998489,0.0,0.9375,0.9375
2982900,455.3004436220236,0.0,0.875,0.96875
2983000,455.40384863782447,0.0,0.8125,0.90625
2983100,455.4461607342463,0.0,0.9375,0.921875
2983200,455.49203921770425,0.0,0.9375,0.90625
2983300,455.5317539688974,0.0,1,0.90625
2983400,455.56765669576544,0.0,0.9375,0.9375
2983500,455.63687163612616,0.0,1,0.953125
2983600,455.6906341836612,0.0,0.9375,0.90625
2983700,455.7032125047383,0.0,0.9375,0.953125
2983800,455.7376210140965,0.0,0.875,0.953125
2983900,455.77623770769105,0.0,0.9375,0.9375
2984000,455.80989278867975,0.0,0.9375,0.921875
2984100,455.8460919683845,0.0,0.875,0.984375
2984200,455.8967274077155,0.0,1,0.953125
2984300,455.9442252199073,0.0,1,0.90625
2984400,455.9735546463961,0.0,1,0.9375
2984500,455.9831104029687,0.0,1,0.9375
2984600,456.00476195969827,0.0,0.9375,0.9375
2984700,456.02319023682594,0.0,1,0.90625
2984800,456.0428412947965,0.0,1,0.9375
2984900,456.06344697410435,0.0,0.9375,0.96875
2985000,456.1050045231366,0.0,0.8125,0.9375
2985100,456.1365005198354,0.0,0.875,0.921875
2985200,456.1375978264511,0.0,0.9375,0.921875
2985300,456.16326813478116,0.0,0.875,0.921875
2985400,456.16618438416924,0.0,0.9375,0.953125
2985500,456.18886146931635,0.0,1,0.890625
2985600,456.2192383626287,0.0,0.9375,0.921875
2985700,456.2208993672721,0.0,1,0.921875
2985800,456.2437513287405,0.0,0.9375,0.90625
2985900,456.2611818486913,0.0,1,0.953125
2986000,456.2728402723757,0.0,0.9375,0.953125
2986100,456.27994972782614,0.0,0.875,0.953125
2986200,456.29250663484197,0.0,0.9375,0.921875
2986300,456.30710241904075,0.0,0.8125,0.875
2986400,456.30867330388315,0.0,0.875,0.953125
2986500,456.32679275902564,0.0,0.9375,0.921875
2986600,456.33214000346777,0.0,0.9375,0.921875
2986700,456.3383738111762,0.0,0.9375,0.9375
2986800,456.35314725091945,0.0,1,0.96875
2986900,456.36368152787867,0.0,0.9375,0.953125
2987000,456.3643392876693,0.0,0.9375,0.90625
2987100,456.3646005875143,0.0,1,0.953125
2987200,456.3663333550725,0.0,1,0.90625
2987300,456.3670332779897,0.0,1,0.96875
2987400,456.3691383900685,0.0,1,0.890625
2987500,456.3697306525733,0.0,0.875,0.921875
2987600,456.3704708307187,0.0,0.9375,0.953125
2987700,456.3745172720056,0.0,1,0.96875
2987800,456.3750006128365,0.0,0.875,0.921875
2987900,456.3772893253792,0.0,0.875,0.90625
2988000,456.37751607107424,0.0,0.9375,0.859375
2988100,456.3804302305955,0.0,0.9375,0.96875
2988200,456.3808636462083,0.0,0.875,0.921875
2988300,456.382116465346,0.0,0.9375,0.921875
2988400,456.38231388318394,0.0,0.9375,0.921875
2988500,456.38385572374074,0.0,0.875,0.9375
2988600,456.3847328706077,0.0,0.8125,0.984375
2988700,456.3863498217951,0.0,0.875,0.90625
2988800,456.38802898701124,0.0,0.875,0.859375
2988900,456.38859757017957,0.0,0.9375,0.859375
2989000,456.38934797544476,0.0,0.9375,0.9375
2989100,456.3905396770377,0.0,0.9375,0.921875
2989200,456.39205902861465,0.0,0.875,0.921875
2989300,456.39319459139676,0.0,0.9375,0.921875
2989400,456.39439915503215,0.0,0.875,0.96875
2989500,456.3947645366066,0.0,0.8125,0.953125
2989600,456.3959451919896,0.0,0.9375,0.9375
2989700,456.3963934132571,0.0,0.9375,0.875
2989800,456.3975197982586,0.0,1,0.9375
2989900,456.39824548572955,0.0,0.9375,0.96875
2990000,456.3996914956008,0.0,0.875,0.96875
2990100,456.40027084956273,0.0,0.875,0.890625
2990200,456.40142716162467,0.0,0.8125,0.921875
2990300,456.403398533414,0.0,0.75,0.875
2990400,456.405047260661,0.0,0.9375,0.9375
2990500,456.40557846928016,0.0,0.8125,0.921875
2990600,456.406841870371,0.0,0.875,0.9375
2990700,456.4080199969392,0.0,0.875,0.921875
2990800,456.41059386444806,0.0,1,0.953125
2990900,456.41107167323236,0.0,0.9375,0.96875
2991000,456.4127216603618,0.0,0.9375,0.953125
2991100,456.41309073998633,0.0,0.875,0.9375
2991200,456.41410564313196,0.0,0.875,0.984375
2991300,456.4160263518022,0.0,0.875,0.890625
2991400,456.4205687266564,0.0,0.8125,0.921875
2991500,456.42186495905145,0.0,0.875,0.890625
2991600,456.42217436939717,0.0,0.9375,0.921875
2991700,456.4228719872999,0.0,1,0.953125
2991800,456.42407454949085,0.0,0.8125,0.953125
2991900,456.42528459369686,0.0,1,0.921875
2992000,456.42644767217234,0.0,0.9375,0.890625
2992100,456.4278982804236,0.0,0.9375,0.890625
2992200,456.4285801472737,0.0,0.9375,0.96875
2992300,456.42964947066486,0.0,1,0.9375
2992400,456.4319623133052,0.0,0.9375,0.9375
2992500,456.433316703238,0.0,0.8125,0.90625
2992600,456.4344690102702,0.0,1,0.9375
2992700,456.4354251964037,0.0,1,0.921875
2992800,456.435638614773,0.0,0.9375,0.96875
2992900,456.4363693043202,0.0,0.875,0.890625
2993000,456.4385665749548,0.0,0.875,0.890625
2993100,456.440661061003,0.0,0.9375,0.921875
2993200,456.4415980989858,0.0,0.9375,0.9375
2993300,456.44336997656046,0.0,0.9375,0.9375
2993400,456.44436790613975,0.0,0.9375,0.90625
2993500,456.44478375135174,0.0,0.9375,0.9375
2993600,456.4452872066372,0.0,0.9375,0.9375
2993700,456.4460210939067,0.0,0.9375,0.921875
2993800,456.4474483629493,0.0,0.875,0.921875
2993900,456.4499502398465,0.0,1,0.921875
2994000,456.45271459605823,0.0,0.9375,0.921875
2994100,456.4530821677295,0.0,0.8125,0.921875
2994200,456.4543297146319,0.0,0.875,0.90625
2994300,456.4552108344753,0.0,0.6875,0.953125
2994400,456.4576992813552,0.0,0.9375,0.953125
2994500,456.45926569160883,0.0,0.8125,0.921875
2994600,456.45956885940456,0.0,0.875,0.953125
2994700,456.4616345150891,0.0,0.875,0.921875
2994800,456.463708948826,0.0,0.875,0.953125
2994900,456.4653483080082,0.0,0.8125,0.9375
2995000,456.46619505455715,0.0,0.875,0.9375
2995100,456.46655689696314,0.0,0.9375,0.9375
2995200,456.4681210603466,0.0,0.8125,0.96875
2995300,456.468599337515,0.0,0.875,0.875
2995400,456.46964895849857,0.0,1,0.890625
2995500,456.47291938863106,0.0,1,0.9375
2995600,456.474280879427,0.0,0.8125,0.921875
2995700,456.47573978248863,0.0,0.875,0.9375
2995800,456.47759529182326,0.0,0.8125,0.921875
2995900,456.4781330364965,0.0,0.9375,0.890625
2996000,456.48017471590407,0.0,0.8125,0.984375
2996100,456.4823350053883,0.0,0.875,0.953125
2996200,456.48320266623676,0.0,0.9375,0.921875
2996300,456.4865604671316,0.0,0.875,0.96875
2996400,456.4877774241523,0.0,1,0.921875
2996500,456.48858568547956,0.0,1,0.9375
2996600,456.4888248384557,0.0,0.875,0.890625
2996700,456.4895373956779,0.0,0.9375,0.953125
2996800,456.4909918100042,0.0,1,0.9375
2996900,456.49255055868775,0.0,1,0.9375
2997000,456.4934570797619,0.0,0.9375,0.953125
2997100,456.4938537221125,0.0,0.9375,0.953125
2997200,456.4958033052954,0.0,1,0.921875
2997300,456.49797181302205,0.0,0.875,0.921875
2997400,456.49935461424263,0.0,0.875,0.9375
2997500,456.50190406375157,0.0,1,0.953125
2997600,456.50242099831195,0.0,0.875,0.9375
2997700,456.5026547384773,0.0,0.9375,0.90625
2997800,456.50303962350745,0.0,0.9375,0.9375
2997900,456.50378810579815,0.0,0.9375,0.953125
2998000,456.50543540474104,0.0,0.8125,0.890625
2998100,456.505857132859,0.0,0.9375,0.953125
2998200,456.507566653306,0.0,1,0.9375
2998300,456.50799851604273,0.0,0.9375,0.953125
2998400,456.50942923846094,0.0,0.9375,0.96875
2998500,456.50994015464823,0.0,1,0.953125
2998600,456.51259506228706,0.0,0.875,0.9375
2998700,456.51323074888364,0.0,1,1
2998800,456.5142475692724,0.0,0.9375,0.96875
2998900,456.5168364615567,0.0,0.875,0.890625
2999000,456.51825668584667,0.0,0.875,0.96875
2999100,456.5188533746523,0.0,1,0.921875
2999200,456.51997754927663,0.0,0.875,0.9375
2999300,456.52053554265643,0.0,0.875,0.9375
2999400,456.5215179423071,0.0,0.9375,0.953125
2999500,456.52284902420064,0.0,0.9375,0.984375
2999600,456.5236589025548,0.0,1,0.921875
2999700,456.52394428701444,0.0,0.9375,0.96875
2999800,456.52483476420394,0.0,0.875,0.921875
2999900,456.52529974133085,0.0,0.875,0.890625
3000000,237.9970093558054,0.0,0.9375,0.953125
3000100,238.05828040749316,0.0,0.875,0.875
3000200,238.17507759481518,0.0,0.9375,0.921875
3000300,238.3174761207017,0.0,0.9375,0.90625
3000400,238.4378059488136,0.0,0.9375,0.84375
3000500,238.5268403369105,0.0,0.9375,0.921875
3000600,238.6543920273434,0.0,0.8125,0.921875
3000700,238.73445684464528,0.0,0.9375,0.9375
3000800,238.83281838089883,0.0,1,0.953125
3000900,238.91957103379815,0.0,1,0.9375
3001000,238.99353011403605,0.0,1,0.9375
3001100,239.10754232547845,0.0,0.9375,0.953125
3001200,239.31355781323265,0.0,0.9375,0.96875
3001300,239.56448564231897,0.0,1,0.90625
3001400,239.75142528605056,0.0,1,0.96875
3001500,239.94517227123043,0.0,0.9375,0.921875
3001600,240.0695805269299,0.0,1,0.921875
3001700,240.38287873783844,0.0,0.9375,0.9375
3001800,240.6630053930258,0.0,0.9375,0.96875
3001900,240.94134312280644,0.0,0.9375,0.921875
3002000,241.0608857034631,0.0,0.9375,0.90625
3002100,241.23294741757587,0.0,1,0.921875
3002200,241.58203640801574,0.0,0.9375,0.9375
3002300,241.83173640071882,0.0,0.9375,0.96875
3002400,242.07322865785028,0.0,0.875,0.96875
3002500,242.26900683239694,0.0,0.875,0.953125
3002600,242.54873494510713,0.0,0.9375,0.921875
3002700,243.33104886067122,0.0,0.875,0.859375
3002800,243.896486962121,0.0,0.9375,0.890625
3002900,244.4189796235521,0.0,0.8125,0.953125
3003000,245.63599021027636,0.0,1,0.921875
3003100,246.32989988892854,0.0,1,0.953125
3003200,248.64650516186913,0.0,1,0.96875
3003300,250.47822593366467,0.0,0.75,0.890625
3003400,254.28243276378242,0.0,1,0.890625
3003500,284.8210640901017,0.0,1,0.96875
3003600,336.4883820119155,0.0,0.9375,0.953125
3003700,342.79966646255735,0.0,0.875,0.921875
3003800,343.76804353460335,0.0,0.875,0.9375
3003900,345.10859126320963,0.0,0.9375,0.9375
3004000,346.6929569142174,0.0,0.8125,0.921875
3004100,348.04301846420117,0.0,0.9375,0.90625
3004200,353.67646482233465,0.0,1,0.96875
3004300,401.6134044065237,0.0,1,0.9375
3004400,433.17661255012644,0.0,0.875,0.96875
3004500,442.1570722729247,0.0,0.875,0.921875
3004600,445.8152160331336,0.0,0.875,0.9375
3004700,447.02607691479056,0.0,1,0.96875
3004800,447.7909650592305,0.0,0.875,0.953125
3004900,448.2554568587219,0.0,0.875,0.96875
3005000,448.92601313004207,0.0,0.9375,0.890625
3005100,449.30130693565894,0.0,0.9375,0.953125
3005200,449.8071683969479,0.0,1,0.921875
3005300,450.1612800948359,0.0,1,0.953125
3005400,450.5286967650857,0.0,0.9375,0.9375
3005500,450.8314954543967,0.0,0.9375,0.90625
3005600,451.1405629305602,0.0,0.9375,0.90625
3005700,451.2605016546597,0.0,1,0.953125
3005800,451.65003188313466,0.0,1,0.921875
3005900,451.86473964555813,0.0,1,0.953125
3006000,452.2479490387413,0.0,1,0.96875
3006100,452.50668742172275,0.0,1,0.890625
3006200,452.6464409581567,0.0,0.9375,0.953125
3006300,452.8167841175553,0.0,0.9375,1
3006400,452.86930629119547,0.0,0.875,0.921875
3006500,453.05178485801014,0.0,1,0.953125
3006600,453.2167531359382,0.0,1,0.9375
3006700,453.48729492477855,0.0,0.8125,0.953125
3006800,453.6003892365239,0.0,0.9375,0.90625
3006900,453.7712203628527,0.0,0.875,0.921875
3007000,453.9036749395285,0.0,0.9375,0.96875
3007100,454.0522571034322,0.0,0.875,0.859375
3007200,454.13126527606113,0.0,1,0.90625
3007300,454.25818138782637,0.0,1,0.984375
3007400,454.2931446934009,0.0,1,0.9375
3007500,454.44167910071053,0.0,0.9375,0.9375
3007600,454.53441158409544,0.0,0.875,0.90625
3007700,454.5807092149647,0.0,0.9375,0.953125
3007800,454.6824814605251,0.0,0.9375,0.953125
3007900,454.7544767407924,0.0,0.8125,0.921875
3008000,454.86380178099193,0.0,0.8125,0.84375
3008100,454.92571846166,0.0,0.875,0.875
3008200,454.983534174883,0.0,0.8125,0.9375
3008300,455.0155143283028,0.0,0.875,0.890625
3008400,455.112847100848,0.0,0.9375,0.953125
3008500,455.15590476660867,0.0,0.875,0.921875
3008600,455.19520567928373,0.0,0.875,0.890625
3008700,455.2409799919068,0.0,0.9375,0.953125
3008800,455.2604655711449,0.0,0.875,0.875
3008900,455.3203622923933,0.0,0.875,0.953125
3009000,455.3521674315496,0.0,1,0.921875
3009100,455.3786778197469,0.0,0.9375,0.953125
3009200,455.4174965844972,0.0,0.875,0.984375
3009300,455.45274444838105,0.0,1,0.90625
3009400,455.4732756601575,0.0,0.9375,0.9375
3009500,455.5217800691602,0.0,0.9375,0.90625
3009600,455.5310898999071,0.0,0.9375,0.96875
3009700,455.57250602911165,0.0,0.875,0.90625
3009800,455.629526646534,0.0,0.875,0.96875
3009900,455.63991234890875,0.0,1,1
3010000,455.6616778942668,0.0,1,0.890625
3010100,455.6900766376764,0.0,1,0.953125
3010200,455.70187273999426,0.0,0.9375,0.953125
3010300,455.71358749942107,0.0,0.875,0.921875
3010400,455.73027521937513,0.0,0.875,0.90625
3010500,455.7334580271705,0.0,0.9375,0.984375
3010600,455.7360245180816,0.0,0.9375,0.9375
3010700,455.752409424574,0.0,0.875,0.90625
3010800,455.7586881804696,0.0,1,0.921875
3010900,455.76158278687467,0.0,0.8125,0.953125
3011000,455.76278058503317,0.0,0.875,0.90625
3011100,455.78081671646027,0.0,0.9375,0.890625
3011200,455.7901005974409,0.0,1,0.921875
3011300,455.80632171849896,0.0,0.9375,0.921875
3011400,455.8183409780368,0.0,1,0.96875
3011500,455.84031618612335,0.0,0.9375,0.984375
3011600,455.84339799087684,0.0,1,0.984375
3011700,455.8560286620752,0.0,0.9375,0.9375
3011800,455.857170346516,0.0,0.9375,0.890625
3011900,455.858693758695,0.0,0.9375,0.9375
3012000,455.8730840792982,0.0,0.9375,0.921875
3012100,455.8874418742111,0.0,0.8125,0.921875
3012200,455.8933612034555,0.0,0.875,1
3012300,455.9007272329987,0.0,0.8125,0.921875
3012400,455.9191741945862,0.0,0.875,0.921875
3012500,455.92263795548075,0.0,0.9375,0.921875
3012600,455.9254177715658,0.0,1,0.921875
3012700,455.92793926306547,0.0,0.9375,0.9375
3012800,455.9304856381862,0.0,0.875,0.90625
3012900,455.93251532556707,0.0,0.875,0.921875
3013000,455.9357960606588,0.0,0.9375,1
3013100,455.9383476111295,0.0,1,0.96875
3013200,455.9389494616649,0.0,0.875,0.921875
3013300,455.9423363604656,0.0,1,0.921875
3013400,455.94376883717234,0.0,0.9375,0.90625
3013500,455.94734788130006,0.0,0.875,0.9375
3013600,455.9491441396995,0.0,0.875,0.90625
3013700,455.95061143011384,0.0,0.9375,0.921875
3013800,455.9529941793637,0.0,1,0.921875
3013900,455.95652265478657,0.0,0.875,0.90625
3014000,455.95789684975466,0.0,0.9375,0.9375
3014100,455.9597964487585,0.0,0.875,0.90625
3014200,455.9631311223201,0.0,1,0.921875
3014300,455.96637152335063,0.0,1,0.96875
3014400,455.967801558897,0.0,0.8125,0.90625
3014500,455.9720316710411,0.0,0.875,0.90625
3014600,455.97319830417854,0.0,0.875,0.953125
3014700,455.97502186857656,0.0,0.875,0.9375
3014800,455.97607449891274,0.0,1,0.90625
3014900,455.9783790995879,0.0,1,0.921875
3015000,455.97855660090755,0.0,1,0.984375
3015100,455.9811733392905,0.0,1,0.96875
3015200,455.98298111783527,0.0,0.9375,0.953125
3015300,455.98534184191993,0.0,1,0.9375
3015400,455.98841765862255,0.0,0.9375,0.953125
3015500,455.98914905726895,0.0,0.9375,0.9375
3015600,455.99094401229064,0.0,1,0.921875
3015700,455.99254107221293,0.0,0.9375,0.96875
3015800,455.99341214278525,0.0,0.9375,0.9375
3015900,455.99579381010983,0.0,1,0.90625
3016000,455.99925269064266,0.0,0.9375,0.953125
3016100,456.0007399263275,0.0,0.9375,0.921875
3016200,456.00497420272586,0.0,0.9375,0.84375
3016300,456.0075964580264,0.0,0.875,0.953125
3016400,456.00816683625396,0.0,0.9375,0.921875
3016500,456.0084539292222,0.0,0.8125,0.984375
3016600,456.009203948602,0.0,1,0.9375
3016700,456.01002793342684,0.0,0.875,0.96875
3016800,456.0119459631076,0.0,0.9375,0.921875
3016900,456.014258330659,0.0,0.875,0.96875
3017000,456.01633243735233,0.0,0.9375,0.96875
3017100,456.0193055749152,0.0,0.8125,0.96875
3017200,456.0208251991306,0.0,0.9375,0.9375
3017300,456.02296197670273,0.0,0.875,0.90625
3017400,456.02456012533304,0.0,0.8125,0.953125
3017500,456.0256593570714,0.0,0.9375,0.9375
3017600,456.0268503898274,0.0,0.9375,0.96875
3017700,456.02790338177584,0.0,1,0.890625
3017800,456.02967464795057,0.0,0.875,0.953125
3017900,456.0299345715931,0.0,0.8125,0.953125
3018000,456.03138761480375,0.0,0.9375,0.953125
3018100,456.0321764574801,0.0,1,0.90625
3018200,456.03347894030793,0.0,0.9375,0.890625
3018300,456.0382688984086,0.0,0.9375,0.921875
3018400,456.03936830081454,0.0,0.9375,0.90625
3018500,456.04182681830696,0.0,1,0.984375
3018600,456.0424454931155,0.0,1,0.9375
3018700,456.0449692773604,0.0,1,0.84375
3018800,456.04920716289826,0.0,0.875,0.953125
3018900,456.0512987235662,0.0,0.9375,0.890625
3019000,456.0521661596974,0.0,0.875,0.8125
3019100,456.0540351606267,0.0,0.875,0.953125
3019200,456.0558165620515,0.0,0.9375,0.90625
3019300,456.0590650315256,0.0,0.875,0.953125
3019400,456.0596746461347,0.0,0.875,0.921875
3019500,456.06384944300316,0.0,0.9375,0.921875
3019600,456.06516806209316,0.0,0.9375,0.953125
3019700,456.06631564204156,0.0,1,0.890625
3019800,456.06687510212174,0.0,0.875,0.921875
3019900,456.06800729200995,0.0,0.9375,0.875
3020000,456.06951901944745,0.0,0.9375,0.953125
3020100,456.070577469156,0.0,0.875,0.9375
3020200,456.07735393080236,0.0,0.875,0.953125
3020300,456.0780808270492,0.0,1,0.875
3020400,456.0792420338162,0.0,0.9375,0.96875
3020500,456.0820281166359,0.0,1,0.921875
3020600,456.0828201076274,0.0,1,0.90625
3020700,456.0846102583974,0.0,0.9375,0.96875
3020800,456.08557132960317,0.0,0.9375,0.96875
3020900,456.0874676754138,0.0,1,0.953125
3021000,456.08833938560844,0.0,0.9375,0.890625
3021100,456.0901018509584,0.0,1,0.875
3021200,456.0926610779297,0.0,1,0.9375
3021300,456.0940313284934,0.0,0.875,0.96875
3021400,456.0963117749186,0.0,0.9375,0.90625
3021500,456.09767160160794,0.0,0.875,0.921875
3021600,456.1039795278598,0.0,0.875,0.921875
3021700,456.1068107068991,0.0,0.9375,0.953125
3021800,456.10723632820674,0.0,0.9375,0.953125
3021900,456.1093030909699,0.0,0.8125,0.890625
3022000,456.11026713748095,0.0,1,0.96875
3022100,456.11293236010573,0.0,0.875,0.953125
3022200,456.11379305756105,0.0,0.875,0.9375
3022300,456.11614633701737,0.0,0.9375,0.9375
3022400,456.1174270800169,0.0,0.9375,0.921875
3022500,456.1218249345629,0.0,0.8125,0.90625
3022600,456.12474340576773,0.0,0.9375,0.90625
3022700,456.1268247685959,0.0,0.8125,0.875
3022800,456.13005545638987,0.0,0.875,0.984375
3022900,456.1308206611053,0.0,0.875,0.875
3023000,456.1323331122896,0.0,1,0.953125
3023100,456.1338962941189,0.0,0.875,0.953125
3023200,456.1382759007108,0.0,0.9375,0.953125
3023300,456.1399955124664,0.0,0.875,0.96875
3023400,456.1412848131651,0.0,0.875,0.875
3023500,456.14353337501626,0.0,0.9375,0.96875
3023600,456.1452016991148,0.0,0.9375,0.90625
3023700,456.1476714830648,0.0,0.9375,0.859375
3023800,456.14875147776905,0.0,0.875,0.875
3023900,456.1508233933358,0.0,1,0.890625
3024000,456.15202681077255,0.0,0.9375,0.875
3024100,456.1535044397496,0.0,0.875,0.9375
3024200,456.15556916599445,0.0,1,0.9375
3024300,456.1570719462308,0.0,1,0.9375
3024400,456.15794300909545,0.0,1,0.9375
3024500,456.15945874136037,0.0,0.9375,0.984375
3024600,456.1610387380938,0.0,1,0.859375
3024700,456.16218782853355,0.0,1,0.96875
3024800,456.1626581348538,0.0,0.875,0.90625
3024900,456.1652828759126,0.0,0.9375,0.953125
3025000,331.721852163628,0.0,0.875,0.953125
3025100,334.3406694609535,0.0,1,0.96875
3025200,336.57081576419637,0.0,0.8125,0.890625
3025300,338.74170602877365,0.0,0.875,0.921875
3025400,341.6968396748234,0.0,0.875,0.890625
3025500,401.97325550859847,0.0,0.9375,0.890625
3025600,431.96210939066816,0.0,0.9375,0.9375
3025700,434.5392608612082,0.0,0.8125,0.875
3025800,435.9363670948789,0.0,0.875,0.96875
3025900,437.8281762540216,0.0,0.8125,0.953125
3026000,438.95394348248846,0.0,0.875,0.96875
3026100,439.8824944394515,0.0,0.9375,0.875
3026200,440.8506077033416,0.0,0.875,0.96875
3026300,441.7161133403352,0.0,0.9375,0.984375
3026400,442.56515710520875,0.0,0.875,0.9375
3026500,443.18309685690895,0.0,0.875,0.9375
3026600,443.81136440733655,0.0,0.875,0.859375
3026700,444.5645898194415,0.0,0.8125,0.921875
3026800,444.988009609661,0.0,0.9375,0.953125
3026900,445.6329780793994,0.0,1,0.953125
3027000,446.08869178443297,0.0,1,0.96875
3027100,446.67181137610606,0.0,0.8125,0.953125
3027200,447.1329471139114,0.0,0.9375,0.90625
3027300,447.6017916714169,0.0,1,0.921875
3027400,447.98854835719516,0.0,0.875,0.96875
3027500,448.2157398008519,0.0,0.9375,0.890625
3027600,448.5333127098947,0.0,0.9375,0.890625
3027700,448.94930786807,0.0,0.8125,0.96875
3027800,449.2931661330962,0.0,0.875,0.921875
3027900,449.61697619651693,0.0,0.9375,0.921875
3028000,449.9489520802839,0.0,0.9375,0.875
3028100,450.27999888548584,0.0,1,0.9375
3028200,450.4947997447917,0.0,0.8125,0.9375
3028300,450.6530388486902,0.0,0.9375,0.984375
3028400,450.86873531045444,0.0,0.875,0.9375
3028500,451.05566020067533,0.0,0.9375,0.90625
3028600,451.33404187269036,0.0,0.8125,0.90625
3028700,451.544877021403,0.0,1,0.9375
3028800,451.81810652088967,0.0,0.9375,1
3028900,452.0814527157522,0.0,0.875,0.984375
3029000,452.30844877451153,0.0,0.9375,0.921875
3029100,452.45130431744633,0.0,1,0.921875
3029200,452.66986576380793,0.0,0.9375,0.921875
3029300,452.86552484552664,0.0,0.875,0.9375
3029400,453.0306510066708,0.0,0.9375,0.921875
3029500,453.27209396309615,0.0,0.9375,0.921875
3029600,453.3897850970702,0.0,0.9375,0.875
3029700,453.58060016652814,0.0,0.875,0.9375
3029800,453.76356093229316,0.0,0.875,0.953125
3029900,453.8646611976601,0.0,1,0.9375
3030000,454.00514322075037,0.0,1,1
3030100,454.09466375437677,0.0,0.9375,0.953125
3030200,454.2113982785168,0.0,0.8125,0.984375
3030300,454.3224410239184,0.0,0.9375,0.984375
3030400,454.4530733602815,0.0,1,0.9375
3030500,454.5453145224851,0.0,0.8125,0.921875
3030600,454.69760980782695,0.0,1,0.9375
3030700,454.81996782728106,0.0,0.9375,0.953125
3030800,454.92622436854606,0.0,0.875,0.9375
3030900,455.0040271251644,0.0,0.9375,0.953125
3031000,455.05673371918016,0.0,1,0.953125
3031100,455.1085944624197,0.0,0.9375,0.9375
3031200,455.1456053282186,0.0,1,0.96875
3031300,455.16785790592166,0.0,1,0.953125
3031400,455.196669592808,0.0,0.8125,0.96875
3031500,455.246037278288,0.0,0.9375,0.984375
3031600,455.28124305343295,0.0,0.8125,0.921875
3031700,455.32050007266,0.0,0.875,0.953125
3031800,455.35620610411206,0.0,0.9375,0.984375
3031900,455.42217455433746,0.0,1,0.9375
3032000,455.45503663942833,0.0,0.8125,0.9375
3032100,455.52853104494704,0.0,0.9375,0.890625
3032200,455.5684724490009,0.0,0.875,0.953125
3032300,455.60206208646065,0.0,1,0.890625
3032400,455.64606039467975,0.0,0.875,0.921875
3032500,455.7004668853224,0.0,1,0.9375
3032600,455.7161843527359,0.0,0.9375,0.9375
3032700,455.76902970344577,0.0,1,0.96875
3032800,455.80035510748246,0.0,0.9375,0.953125
3032900,455.8234311296389,0.0,1,0.96875
3033000,455.83346335747694,0.0,0.875,0.953125
3033100,455.8548456168254,0.0,0.9375,0.90625
3033200,455.8714669307211,0.0,0.9375,0.984375
3033300,455.87331229165346,0.0,1,0.953125
3033400,455.8973015899036,0.0,0.9375,0.984375
3033500,455.9259944423967,0.0,0.9375,0.9375
3033600,455.9452585901766,0.0,0.875,0.9375
3033700,455.9476672215954,0.0,0.9375,0.953125
3033800,455.9721539366006,0.0,1,0.890625
3033900,455.9749111835831,0.0,1,0.859375
3034000,455.9885071191228,0.0,0.9375,0.96875
3034100,456.0115406473801,0.0,1,0.953125
3034200,456.0202651565125,0.0,0.9375,0.921875
3034300,456.0221611801484,0.0,0.9375,0.90625
3034400,456.0342256760623,0.0,1,0.9375
3034500,456.0424489714421,0.0,0.875,0.921875
3034600,456.0453891041899,0.0,1,0.953125
3034700,456.05605921982163,0.0,0.9375,0.859375
3034800,456.0598510577989,0.0,1,0.875
3034900,456.07865081764334,0.0,1,0.96875
3035000,456.0796857667314,0.0,1,0.890625
3035100,456.08819952834017,0.0,0.9375,0.9375
3035200,456.08874832089396,0.0,0.875,0.96875
3035300,456.1034941203621,0.0,0.9375,0.921875
3035400,456.1063188040321,0.0,1,0.96875
3035500,456.10820008729866,0.0,0.8125,0.9375
3035600,456.11772725654424,0.0,0.9375,0.90625
3035700,456.1211143397623,0.0,0.875,0.9375
3035800,456.12503586075303,0.0,1,0.96875
3035900,456.1286700781538,0.0,0.875,0.953125
3036000,456.13021292483506,0.0,0.875,0.953125
3036100,456.13182488666314,0.0,0.875,0.921875
3036200,456.1337188043341,0.0,0.9375,0.953125
3036300,456.13589664362246,0.0,1,0.875
3036400,456.13757674872403,0.0,0.9375,0.96875
3036500,456.13953243874255,0.0,1,0.90625
3036600,456.14152679133423,0.0,0.9375,0.953125
3036700,456.1425448612191,0.0,0.9375,0.984375
3036800,456.144049121793,0.0,0.9375,0.90625
3036900,456.1450664761956,0.0,0.8125,0.953125
3037000,456.1461398634414,0.0,0.9375,0.921875
3037100,456.14856072935373,0.0,0.8125,0.890625
3037200,456.1492478922478,0.0,0.8125,0.890625
3037300,456.1556321440799,0.0,0.9375,0.953125
3037400,456.1563503421147,0.0,0.9375,0.96875
3037500,456.1615132766276,0.0,0.8125,0.875
3037600,456.16300157298684,0.0,0.875,0.9375
3037700,456.1654759763987,0.0,1,0.953125
3037800,456.16778085813513,0.0,0.875,0.921875
3037900,456.16869436989197,0.0,1,0.953125
3038000,456.17086830021424,0.0,0.9375,0.9375
3038100,456.17146842988507,0.0,1,0.953125
3038200,456.1749447557394,0.0,0.9375,0.96875
3038300,456.1758676473999,0.0,0.8125,0.90625
3038400,456.1790678675707,0.0,1,0.953125
3038500,456.1796455362972,0.0,0.9375,0.921875
3038600,456.1829253217918,0.0,0.875,0.90625
3038700,456.1847868231834,0.0,0.9375,0.9375
3038800,456.1854308743431,0.0,0.9375,0.90625
3038900,456.1874191174741,0.0,0.9375,1
3039000,456.18926195425917,0.0,0.9375,0.96875
3039100,456.1912286881004,0.0,1,0.96875
3039200,456.1930709597465,0.0,0.9375,0.890625
3039300,456.1950805332748,0.0,0.875,0.96875
3039400,456.1965473692986,0.0,0.9375,0.96875
3039500,456.1977303040801,0.0,0.875,0.90625
3039600,456.19847129832954,0.0,0.9375,0.953125
3039700,456.2032161955186,0.0,0.9375,0.875
3039800,456.2041226087337,0.0,0.875,0.890625
3039900,456.20563931191987,0.0,0.9375,0.953125
3040000,456.2071097274826,0.0,0.875,0.90625
3040100,456.2092119121544,0.0,0.875,0.921875
3040200,456.2117221202792,0.0,0.9375,0.890625
3040300,456.2127746218839,0.0,0.875,0.90625
3040400,456.21512600075414,0.0,0.9375,0.953125
3040500,456.2158883351867,0.0,0.9375,0.921875
3040600,456.2188998856664,0.0,0.875,0.921875
3040700,456.2206721469959,0.0,0.9375,0.984375
3040800,456.2216378652725,0.0,0.9375,0.921875
3040900,456.2247937107803,0.0,0.9375,0.96875
3041000,456.2264964964239,0.0,1,0.875
3041100,456.22708235744125,0.0,0.9375,0.953125
3041200,456.22899190481405,0.0,1,0.9375
3041300,456.2301603416807,0.0,0.875,0.875
3041400,456.23237629769403,0.0,0.9375,0.921875
3041500,456.23276375469766,0.0,0.9375,0.921875
3041600,456.2350919320513,0.0,1,0.984375
3041700,456.23724732090193,0.0,0.875,0.921875
3041800,456.23883705633165,0.0,0.875,0.90625
3041900,456.2413469285149,0.0,0.8125,0.9375
3042000,456.24183572162076,0.0,0.9375,0.96875
3042100,456.2427073200695,0.0,0.875,0.9375
3042200,456.24368870184907,0.0,0.875,0.9375
3042300,456.2454784709257,0.0,0.875,0.90625
3042400,456.24676469344547,0.0,1,0.96875
3042500,456.2486350347216,0.0,1,0.890625
3042600,456.249451828063,0.0,0.9375,0.921875
3042700,456.25046110724134,0.0,0.875,0.9375
3042800,456.25134830618964,0.0,0.875,0.953125
3042900,456.2523725950528,0.0,0.875,0.953125
3043000,456.25491380246785,0.0,0.875,0.890625
3043100,456.2565563759332,0.0,0.9375,0.953125
3043200,456.25845148896695,0.0,0.875,0.921875
3043300,456.2610813672645,0.0,0.9375,0.890625
3043400,456.26163075577693,0.0,0.875,0.953125
3043500,456.2636090734791,0.0,0.9375,0.921875
3043600,456.26407937838025,0.0,1,0.890625
3043700,456.2652847054672,0.0,0.9375,0.921875
3043800,456.2666603822692,0.0,1,0.9375
3043900,456.26783719547467,0.0,0.9375,0.921875
3044000,456.2689476385624,0.0,0.9375,0.9375
3044100,456.2719632102134,0.0,0.875,0.953125
3044200,456.27338869102863,0.0,0.9375,0.96875
3044300,456.27421437466336,0.0,0.875,0.953125
3044400,456.2771536551956,0.0,0.9375,0.96875
3044500,456.2785387301912,0.0,0.9375,0.953125
3044600,456.2794896459247,0.0,0.9375,0.921875
3044700,456.28156710444335,0.0,0.9375,0.890625
3044800,456.2826084010054,0.0,1,0.953125
3044900,456.2837764555817,0.0,0.875,0.953125
3045000,456.2851221914515,0.0,1,0.9375
3045100,456.2872399665523,0.0,0.9375,0.953125
3045200,456.28809736650766,0.0,1,0.9375
3045300,456.28937052605323,0.0,0.875,0.890625
3045400,456.2900214094162,0.0,0.875,0.921875
3045500,456.2907708362079,0.0,0.9375,0.984375
3045600,456.2916637933223,0.0,0.9375,0.921875
3045700,456.29236156502117,0.0,1,0.96875
3045800,456.293962607364,0.0,0.9375,0.9375
3045900,456.2945966491292,0.0,1,0.953125
3046000,456.2955951585634,0.0,1,0.96875
3046100,456.29795473766467,0.0,0.875,0.96875
3046200,456.29891639409425,0.0,0.875,0.921875
3046300,456.30093041587605,0.0,0.875,0.96875
3046400,456.30198762738956,0.0,0.9375,0.984375
3046500,456.30251035807333,0.0,1,0.921875
3046600,456.302736410402,0.0,0.9375,0.953125
3046700,456.30354004300176,0.0,0.9375,0.96875
3046800,456.30437081776944,0.0,0.9375,0.921875
3046900,456.30600800243064,0.0,0.8125,0.96875
3047000,456.3067902217008,0.0,0.9375,1
3047100,456.30729991023253,0.0,0.9375,0.984375
3047200,456.3097450281393,0.0,1,0.96875
3047300,456.3106125930364,0.0,0.9375,0.96875
3047400,456.3127333218554,0.0,1,0.921875
3047500,456.31341628043265,0.0,0.875,0.875
3047600,456.3159155515518,0.0,0.9375,0.984375
3047700,456.31744499490964,0.0,0.9375,0.9375
3047800,456.3185787833289,0.0,0.875,0.953125
3047900,456.3198597258213,0.0,1,0.984375
3048000,456.3219321733619,0.0,0.9375,0.890625
3048100,456.3226863983546,0.0,0.9375,0.953125
3048200,456.3247512839241,0.0,0.875,0.921875
3048300,456.3257479833271,0.0,0.875,0.90625
3048400,456.327179107099,0.0,1,0.953125
3048500,456.32909257637556,0.0,1,0.953125
3048600,456.3292490937551,0.0,1,0.953125
3048700,456.33007588024344,0.0,1,0.890625
3048800,456.3320572399708,0.0,0.9375,0.953125
3048900,456.33374725991507,0.0,1,0.90625
3049000,456.334613965097,0.0,0.875,0.953125
3049100,456.33654670366764,0.0,0.9375,0.953125
3049200,456.3374741290438,0.0,0.9375,0.953125
3049300,456.33884306680727,0.0,0.875,0.9375
3049400,456.3391616989512,0.0,1,0.984375
3049500,456.34077875354217,0.0,1,0.921875
3049600,456.3421672802148,0.0,1,0.9375
3049700,456.3439731031486,0.0,1,0.90625
3049800,456.34500168147594,0.0,0.9375,0.875
3049900,456.34584703805524,0.0,0.8125,0.8125
3050000,237.62605022619965,0.0,0.9375,0.921875
3050100,237.73229785693417,0.0,0.875,0.921875
3050200,237.80416033105718,0.0,0.9375,0.921875
3050300,237.895850070977,0.0,0.9375,0.921875
3050400,238.07495981990297,0.0,0.9375,0.90625
3050500,238.12651477031852,0.0,0.9375,0.96875
3050600,238.23756032244407,0.0,0.9375,0.921875
3050700,238.36878117088534,0.0,0.9375,0.921875
3050800,238.49958484985783,0.0,1,0.859375
3050900,238.59044028093095,0.0,0.9375,0.9375
3051000,238.70460484887167,0.0,0.9375,0.9375
3051100,238.78089837568652,0.0,0.9375,0.984375
3051200,238.97277485173112,0.0,1,0.953125
3051300,239.16252616954648,0.0,0.875,0.96875
3051400,239.34880444334155,0.0,1,0.953125
3051500,239.40144269876114,0.0,1,0.953125
3051600,239.5906069920571,0.0,0.9375,0.953125
3051700,239.84373609457995,0.0,0.9375,0.90625
3051800,240.07144461744213,0.0,0.9375,0.921875
3051900,240.30618405515926,0.0,0.875,0.953125
3052000,240.51486649391194,0.0,0.9375,0.890625
3052100,240.64086021237293,0.0,1,0.953125
3052200,240.75194830366854,0.0,0.875,0.84375
3052300,240.98239480838657,0.0,1,0.9375
3052400,241.32414865381813,0.0,0.9375,0.96875
3052500,241.87108559938594,0.0,1,0.953125
3052600,242.04750146912028,0.0,1,0.90625
3052700,242.3942136943858,0.0,1,0.859375
3052800,242.6421476450333,0.0,1,0.9375
3052900,243.63128495032896,0.0,0.875,0.921875
3053000,244.3183918408199,0.0,0.9375,0.96875
3053100,245.49467853336563,0.0,0.8125,0.859375
3053200,247.54215839709173,0.0,0.875,0.953125
3053300,253.63929341939215,0.0,0.875,0.921875
3053400,338.2543702068293,0.0,0.9375,0.984375
3053500,342.2622906334203,0.0,0.875,0.953125
3053600,343.8695638355685,0.0,1,0.890625
3053700,344.5993520600147,0.0,0.9375,0.890625
3053800,345.5068040797616,0.0,1,0.96875
3053900,346.0122171879945,0.0,0.9375,0.953125
3054000,346.44259744271125,0.0,0.875,0.890625
3054100,347.0108373592801,0.0,0.9375,0.9375
3054200,347.60868588862445,0.0,1,0.96875
3054300,348.45669765556477,0.0,1,0.875
3054400,349.0945200970607,0.0,0.9375,0.96875
3054500,351.1179147796686,0.0,1,0.90625
3054600,439.7311198453127,0.0,0.9375,0.984375
3054700,445.34095614571623,0.0,0.9375,0.96875
3054800,447.2110381487177,0.0,1,0.875
3054900,447.89108091547445,0.0,0.9375,0.921875
3055000,448.76491066977064,0.0,1,0.9375
3055100,449.5265134101309,0.0,0.9375,0.921875
3055200,449.9048975295026,0.0,0.875,0.9375
3055300,450.884706020409,0.0,0.9375,0.953125
3055400,451.47556408423907,0.0,0.9375,0.84375
3055500,451.76803380411064,0.0,0.9375,0.90625
3055600,452.0768539737111,0.0,0.9375,0.921875
3055700,452.43044701871116,0.0,0.9375,0.921875
3055800,452.6423591108543,0.0,0.9375,0.9375
3055900,452.97835602872533,0.0,0.9375,0.890625
3056000,453.2075940708769,0.0,0.875,0.9375
3056100,453.4494244776556,0.0,0.9375,0.875
3056200,453.7817494737964,0.0,0.875,0.890625
3056300,453.97588862358526,0.0,0.9375,0.890625
3056400,454.0935835504785,0.0,0.9375,0.9375
3056500,454.266298449346,0.0,0.875,0.90625
3056600,454.45534455246826,0.0,0.8125,0.9375
3056700,454.63414639289465,0.0,0.9375,0.90625
3056800,454.70886894793694,0.0,0.9375,0.921875
3056900,454.8559997780118,0.0,0.9375,0.96875
3057000,454.9706816042867,0.0,1,0.9375
3057100,455.08763697768745,0.0,1,0.96875
3057200,455.2160498909919,0.0,0.9375,0.9375
3057300,455.32883935861145,0.0,0.875,0.953125
3057400,455.3704436101056,0.0,0.875,0.96875
3057500,455.4024039151119,0.0,1,0.953125
3057600,455.50041171246227,0.0,1,0.921875
3057700,455.55681068854255,0.0,1,0.90625
3057800,455.60039891306985,0.0,0.875,0.921875
3057900,455.68645490291925,0.0,0.875,0.859375
3058000,455.72385526326246,0.0,1,0.953125
3058100,455.7802753173958,0.0,1,0.921875
3058200,455.83918933294296,0.0,1,0.9375
3058300,455.86787503480144,0.0,0.875,0.90625
3058400,455.91201219624395,0.0,0.9375,0.921875
3058500,455.95207444150367,0.0,0.9375,0.921875
3058600,456.0175348433551,0.0,0.9375,0.953125
3058700,456.06955323258677,0.0,0.9375,0.9375
3058800,456.10465862001934,0.0,1,0.796875
3058900,456.1482135387927,0.0,0.9375,0.90625
3059000,456.17317982990835,0.0,0.8125,0.96875
3059100,456.2318059423969,0.0,0.875,0.890625
3059200,456.2492815947477,0.0,0.9375,0.96875
3059300,456.2774193184962,0.0,0.9375,1
3059400,456.3058769541384,0.0,0.9375,0.953125
3059500,456.3074234840965,0.0,0.875,0.921875
3059600,456.32415979869097,0.0,0.9375,0.84375
3059700,456.3750963888492,0.0,0.875,0.875
3059800,456.39870586256063,0.0,1,0.921875
3059900,456.4138917154331,0.0,0.9375,0.859375
3060000,456.42315023704066,0.0,0.9375,0.984375
3060100,456.42387644432176,0.0,0.875,0.859375
3060200,456.4564107720121,0.0,0.9375,0.9375
3060300,456.4670728294212,0.0,0.9375,0.90625
3060400,456.4874356973719,0.0,1,0.875
3060500,456.49263845358814,0.0,0.875,0.890625
3060600,456.4936387172123,0.0,0.875,0.9375
3060700,456.4998974126598,0.0,1,0.90625
3060800,456.5128273629882,0.0,0.9375,0.9375
3060900,456.51686684876125,0.0,0.9375,0.953125
3061000,456.5208973037648,0.0,1,0.921875
3061100,456.52629407889964,0.0,0.9375,0.890625
3061200,456.5378850822823,0.0,0.9375,0.90625
3061300,456.5391799830062,0.0,0.9375,0.90625
3061400,456.53942506708535,0.0,0.9375,0.9375
3061500,456.5395848185718,0.0,1,0.96875
3061600,456.5404661045665,0.0,0.9375,0.96875
3061700,456.5410545703054,0.0,0.875,0.875
3061800,456.54194695582834,0.0,0.9375,0.953125
3061900,456.5426086826423,0.0,1,0.9375
3062000,456.5434029394898,0.0,1,0.90625
3062100,456.5451829288249,0.0,0.9375,0.953125
3062200,456.54555767617904,0.0,0.9375,0.953125
3062300,456.54589026990334,0.0,0.875,0.875
3062400,456.5469284266106,0.0,0.875,0.984375
3062500,456.54758555815056,0.0,1,0.9375
3062600,456.5481409293704,0.0,0.875,0.921875
3062700,456.5487254686509,0.0,1,0.859375
3062800,456.5494505383999,0.0,0.9375,0.921875
3062900,456.54972975476625,0.0,0.875,0.890625
3063000,456.55073471892666,0.0,0.875,0.921875
3063100,456.5515426219809,0.0,0.9375,0.890625
3063200,456.55231567768584,0.0,1,0.90625
3063300,456.5528113998222,0.0,1,0.9375
3063400,456.5534485473955,0.0,0.875,0.953125
3063500,456.55415756950686,0.0,0.875,0.921875
3063600,456.5554338996178,0.0,1,0.9375
3063700,456.55640672725934,0.0,0.875,0.96875
3063800,456.55739762107675,0.0,0.9375,0.890625
3063900,456.5581933076494,0.0,0.9375,0.890625
3064000,456.55930742823006,0.0,1,0.984375
3064100,456.5598541387541,0.0,1,0.90625
3064200,456.56036157836536,0.0,0.9375,0.859375
3064300,456.5610984855511,0.0,0.9375,0.875
3064400,456.56139925252523,0.0,0.9375,0.984375
3064500,456.56202848929007,0.0,0.9375,0.9375
3064600,456.5623947281515,0.0,1,0.9375
3064700,456.5633866549574,0.0,0.9375,0.9375
3064800,456.564412613428,0.0,0.9375,0.875
3064900,456.5651653115299,0.0,1,0.890625
3065000,456.56606048943775,0.0,0.9375,0.90625
3065100,456.56638318272985,0.0,0.9375,0.921875
3065200,456.5669583649596,0.0,0.9375,0.953125
3065300,456.567324057194,0.0,0.9375,0.921875
3065400,456.5674412697494,0.0,0.9375,0.90625
3065500,456.56829838235285,0.0,0.9375,0.890625
3065600,456.56892523110855,0.0,0.875,0.890625
3065700,456.57013479456583,0.0,0.9375,0.953125
3065800,456.5714779038253,0.0,0.9375,0.921875
3065900,456.5723162646447,0.0,0.875,0.875
3066000,456.5729497518097,0.0,1,0.921875
3066100,456.57364853078764,0.0,1,0.953125
3066200,456.5740188228097,0.0,1,0.953125
3066300,456.5751176724297,0.0,0.9375,0.921875
3066400,456.57549041953234,0.0,1,0.96875
3066500,456.576043459801,0.0,1,0.90625
3066600,456.5770863032868,0.0,1,0.921875
3066700,456.5776145616545,0.0,0.875,0.84375
3066800,456.57857952620594,0.0,0.9375,0.953125
3066900,456.57946371792536,0.0,1,0.9375
3067000,456.5820633455847,0.0,0.9375,0.953125
3067100,456.58272598714416,0.0,0.875,0.875
3067200,456.5836150356279,0.0,0.875,0.90625
3067300,456.5842455229298,0.0,0.9375,0.90625
3067400,456.5849078915809,0.0,0.875,0.9375
3067500,456.5860220026812,0.0,0.875,0.9375
3067600,456.5866043626886,0.0,0.9375,0.921875
3067700,456.5871431481469,0.0,1,0.953125
3067800,456.5878585815285,0.0,0.9375,0.96875
3067900,456.5883371927026,0.0,1,0.953125
3068000,456.5892912629315,0.0,1,0.90625
3068100,456.58968820406665,0.0,0.9375,0.96875
3068200,456.5904856744449,0.0,0.9375,0.828125
3068300,456.5911417129624,0.0,0.9375,0.890625
3068400,456.5920913136026,0.0,0.9375,0.953125
3068500,456.5941054041978,0.0,0.875,0.90625
3068600,456.59502883651845,0.0,0.875,0.875
3068700,456.5956329085639,0.0,0.875,0.921875
3068800,456.59621890837934,0.0,0.875,0.953125
3068900,456.59709320002185,0.0,0.9375,0.921875
3069000,456.598056984112,0.0,0.875,0.90625
3069100,456.59868277439045,0.0,0.8125,0.921875
3069200,456.5993116528717,0.0,0.9375,0.90625
3069300,456.6000087416242,0.0,0.875,0.953125
3069400,456.6003614771126,0.0,0.9375,0.96875
3069500,456.6007947247852,0.0,0.875,0.9375
3069600,456.60208465637254,0.0,1,0.9375
3069700,456.6027802814056,0.0,0.9375,0.859375
3069800,456.6030343078527,0.0,0.9375,0.90625
3069900,456.60332835259453,0.0,0.9375,0.90625
3070000,456.60392299902645,0.0,0.875,0.953125
3070100,456.60459127498564,0.0,1,0.921875
3070200,456.60523519948646,0.0,1,0.921875
3070300,456.60558840750946,0.0,1,0.9375
3070400,456.60637379792905,0.0,0.9375,0.921875
3070500,456.60678504902955,0.0,0.875,0.921875
3070600,456.60742634037,0.0,0.75,0.890625
3070700,456.6082287448173,0.0,0.875,0.953125
3070800,456.60897968318494,0.0,0.875,0.9375
3070900,456.6098933962107,0.0,0.9375,0.953125
3071000,456.610539576088,0.0,1,0.953125
3071100,456.61122829209063,0.0,0.875,0.921875
3071200,456.6116073118865,0.0,0.875,0.890625
3071300,456.6119235838057,0.0,0.9375,0.890625
3071400,456.6128942529409,0.0,1,0.921875
3071500,456.61321694259,0.0,0.9375,0.9375
3071600,456.6134692010813,0.0,0.875,0.921875
3071700,456.61456141953965,0.0,1,0.953125
3071800,456.6152533682968,0.0,0.9375,0.921875
3071900,456.6158648894128,0.0,0.875,0.890625
3072000,456.61684880185237,0.0,1,0.921875
3072100,456.61786616777476,0.0,0.9375,0.921875
3072200,456.6184994987777,0.0,0.9375,0.921875
3072300,456.6191593120896,0.0,0.875,0.921875
3072400,456.6194084029778,0.0,0.9375,0.921875
3072500,456.6202645163801,0.0,0.9375,0.890625
3072600,456.621021776058,0.0,0.875,0.921875
3072700,456.62148315897696,0.0,0.9375,0.921875
3072800,456.6223865683088,0.0,1,0.921875
3072900,456.62259264389775,0.0,1,0.96875
3073000,456.62366511718074,0.0,0.875,0.875
3073100,456.62549487437394,0.0,0.875,0.9375
3073200,456.626352353618,0.0,0.75,0.953125
3073300,456.6269179445487,0.0,1,0.921875
3073400,456.627435244365,0.0,0.875,0.90625
3073500,456.62845160647265,0.0,0.9375,0.9375
3073600,456.62969475519674,0.0,1,0.9375
3073700,456.630123177303,0.0,1,0.9375
3073800,456.6306742595171,0.0,0.9375,0.90625
3073900,456.6313614044848,0.0,0.9375,0.953125
3074000,456.631912069105,0.0,0.9375,0.859375
3074100,456.6327853724985,0.0,1,0.921875
3074200,456.6334773846861,0.0,0.875,0.921875
3074300,456.6341102237877,0.0,0.9375,0.90625
3074400,456.63474889719964,0.0,0.9375,0.921875
3074500,456.63584567500516,0.0,0.875,0.921875
3074600,456.63620615303427,0.0,0.8125,0.96875
3074700,456.6367550966343,0.0,0.875,0.921875
3074800,456.63756261186126,0.0,0.9375,0.90625
3074900,456.6382214733387,0.0,0.875,0.9375
3075000,229.97729126934001,0.0,0.9375,0.90625
3075100,322.5921964542316,0.0,1,0.9375
3075200,327.43246216513586,0.0,0.75,0.90625
3075300,330.4085268662885,0.0,1,0.921875
3075400,332.3425664410037,0.0,0.9375,0.921875
3075500,335.3387465475724,0.0,0.9375,0.953125
3075600,337.130589648655,0.0,0.9375,0.890625
3075700,339.33484437345413,0.0,1,0.875
3075800,344.2058630931713,0.0,0.8125,0.953125
3075900,432.9722552043242,0.0,0.9375,0.90625
3076000,436.4584802967657,0.0,1,0.9375
3076100,438.2845526938411,0.0,0.9375,0.921875
3076200,439.36713640025033,0.0,0.9375,0.984375
3076300,440.97606244928056,0.0,0.9375,0.984375
3076400,441.94758784819726,0.0,0.9375,0.953125
3076500,442.87319784830515,0.0,0.9375,0.921875
3076600,443.69716068723386,0.0,1,0.90625
3076700,444.2381666748529,0.0,0.875,0.890625
3076800,444.92236476997783,0.0,0.875,0.921875
3076900,445.56396021108515,0.0,0.875,0.921875
3077000,445.9624018601358,0.0,0.875,0.953125
3077100,446.4619207388762,0.0,0.9375,0.90625
3077200,446.901225223759,0.0,0.875,0.96875
3077300,447.28178366610314,0.0,0.8125,0.90625
3077400,447.76109941758034,0.0,0.9375,0.953125
3077500,448.1785556513158,0.0,0.9375,0.875
3077600,448.47445417261883,0.0,0.875,0.921875
3077700,448.7194142661022,0.0,0.8125,0.9375
3077800,449.0049035807791,0.0,0.9375,0.90625
3077900,449.3441527339478,0.0,0.9375,0.921875
3078000,449.68385084616665,0.0,0.75,0.875
3078100,449.91083338110644,0.0,0.9375,0.9375
3078200,450.1928234531465,0.0,0.9375,0.890625
3078300,450.41632365872334,0.0,1,0.953125
3078400,450.7329499573311,0.0,0.9375,0.890625
3078500,450.9525042944545,0.0,0.875,0.921875
3078600,451.2366989471116,0.0,0.8125,0.828125
3078700,451.4625745581705,0.0,1,0.90625
3078800,451.66268227375235,0.0,0.9375,0.890625
3078900,451.80674672149223,0.0,0.9375,0.890625
3079000,452.08336264748385,0.0,0.9375,0.921875
3079100,452.2533889429196,0.0,0.875,0.921875
3079200,452.4138704794849,0.0,0.9375,0.921875
3079300,452.578355435777,0.0,0.875,0.890625
3079400,452.73480174358497,0.0,1,0.96875
3079500,452.8899524246633,0.0,0.9375,0.96875
3079600,453.0962578150476,0.0,0.9375,0.953125
3079700,453.2363609687778,0.0,0.9375,0.890625
3079800,453.3385179920244,0.0,0.9375,0.921875
3079900,453.43982898685107,0.0,0.9375,0.9375
3080000,453.53024548405773,0.0,1,0.875
3080100,453.7371940666873,0.0,0.9375,0.921875
3080200,453.8545904767344,0.0,0.8125,0.796875
3080300,453.9599526198342,0.0,0.875,0.90625
3080400,454.05654082836827,0.0,0.9375,0.9375
3080500,454.1416944230319,0.0,0.9375,0.859375
3080600,454.3168971971071,0.0,0.9375,0.921875
3080700,454.38718383873737,0.0,0.9375,0.96875
3080800,454.49951528418865,0.0,1,0.9375
3080900,454.6212775669907,0.0,0.9375,0.859375
3081000,454.7576192886027,0.0,0.875,0.953125
3081100,454.8126587463833,0.0,0.875,0.953125
3081200,454.91754093154907,0.0,0.875,0.984375
3081300,455.0083784663291,0.0,0.9375,0.90625
3081400,455.07142044728425,0.0,0.875,0.9375
3081500,455.1726545472997,0.0,0.9375,0.90625
3081600,455.26744273317354,0.0,0.8125,0.859375
3081700,455.3471285464719,0.0,1,0.921875
3081800,455.3686655076328,0.0,0.875,0.921875
3081900,455.40706103669095,0.0,0.8125,0.890625
3082000,455.4987211765191,0.0,0.875,0.90625
3082100,455.5493177145648,0.0,0.9375,0.96875
3082200,455.61507176905104,0.0,0.9375,0.796875
3082300,455.72682584568156,0.0,0.875,0.890625
3082400,455.7837308958474,0.0,0.9375,0.921875
3082500,455.8037061048419,0.0,1,0.9375
3082600,455.83933973420056,0.0,0.9375,0.9375
3082700,455.8897408586291,0.0,1,0.9375
3082800,455.93072402106367,0.0,0.9375,0.953125
3082900,455.9572231147325,0.0,0.8125,0.890625
3083000,455.9902892840494,0.0,0.9375,0.921875
3083100,456.0008625923769,0.0,0.875,0.875
3083200,456.03299505471284,0.0,0.8125,0.84375
3083300,456.05911221579714,0.0,0.875,0.890625
3083400,456.1111400795065,0.0,0.9375,0.921875
3083500,456.13911058062575,0.0,1,0.921875
3083600,456.16735343298046,0.0,0.9375,0.890625
3083700,456.22495001984,0.0,0.875,0.96875
3083800,456.2733717661672,0.0,0.875,0.90625
3083900,456.28794812732787,0.0,0.875,0.9375
3084000,456.2886046184111,0.0,0.9375,0.921875
3084100,456.2890602944444,0.0,0.8125,0.984375
3084200,456.30248699959816,0.0,0.8125,0.90625
3084300,456.30536367237505,0.0,0.75,0.90625
3084400,456.33132792658046,0.0,0.75,0.90625
3084500,456.3433328587251,0.0,1,0.96875
3084600,456.3546988122723,0.0,1,0.96875
3084700,456.3720841552379,0.0,0.9375,0.921875
3084800,456.37981055455907,0.0,0.875,0.9375
3084900,456.38203740718177,0.0,0.875,0.953125
3085000,456.3915760769211,0.0,1,0.953125
3085100,456.4079552698958,0.0,0.875,0.953125
3085200,456.41482816939447,0.0,0.9375,0.953125
3085300,456.42814738843146,0.0,0.9375,0.890625
3085400,456.436976312393,0.0,0.875,0.890625
3085500,456.44451373464926,0.0,0.8125,0.921875
3085600,456.4455644146739,0.0,0.9375,0.9375
3085700,456.4538049776122,0.0,0.9375,0.875
3085800,456.4588146754687,0.0,0.875,0.859375
3085900,456.45932658429786,0.0,0.9375,0.9375
3086000,456.46150642057023,0.0,0.875,0.859375
3086100,456.4728644650737,0.0,0.9375,0.921875
3086200,456.4734620730893,0.0,0.9375,0.890625
3086300,456.47503338527576,0.0,0.9375,0.890625
3086400,456.4760626464629,0.0,0.875,0.96875
3086500,456.4762918052226,0.0,0.9375,0.96875
3086600,456.47711903892133,0.0,1,0.875
3086700,456.47921608484154,0.0,0.875,0.90625
3086800,456.4800079151113,0.0,0.9375,0.875
3086900,456.4810664559376,0.0,0.9375,0.890625
3087000,456.4902023703176,0.0,0.8125,0.875
3087100,456.4995759607587,0.0,1,0.921875
3087200,456.50092146986077,0.0,0.8125,0.875
3087300,456.508246935159,0.0,0.9375,0.9375
3087400,456.5086570126107,0.0,0.875,0.90625
3087500,456.50898200352896,0.0,0.9375,0.921875
3087600,456.51010310425465,0.0,1,0.9375
3087700,456.5108649377805,0.0,0.9375,0.953125
3087800,456.51187732455685,0.0,0.875,0.9375
3087900,456.5144980003342,0.0,0.9375,0.9375
3088000,456.51546744647897,0.0,0.9375,0.9375
3088100,456.5163196068655,0.0,0.875,0.921875
3088200,456.5177646630657,0.0,0.9375,0.96875
3088300,456.518627308097,0.0,0.9375,0.921875
3088400,456.5196084173943,0.0,0.9375,0.96875
3088500,456.5208074942226,0.0,1,0.921875
3088600,456.5214533801031,0.0,1,0.953125
3088700,456.5217933395289,0.0,1,0.953125
3088800,456.5227372715453,0.0,0.9375,0.921875
3088900,456.52342497879243,0.0,0.9375,0.9375
3089000,456.5240423461121,0.0,0.9375,0.890625
3089100,456.5249977675047,0.0,0.875,0.9375
3089200,456.52594802516535,0.0,1,0.90625
3089300,456.52618315915106,0.0,0.875,0.890625
3089400,456.52648822851273,0.0,0.8125,0.90625
3089500,456.527402932019,0.0,0.9375,0.96875
3089600,456.5281838685488,0.0,0.9375,0.90625
3089700,456.5293104113125,0.0,1,0.984375
3089800,456.52982088009514,0.0,0.9375,0.859375
3089900,456.5300427249669,0.0,0.875,0.921875
3090000,456.53111587353385,0.0,1,0.953125
3090100,456.53208032618596,0.0,0.875,0.90625
3090200,456.53277122812534,0.0,0.8125,0.921875
3090300,456.533216745629,0.0,1,0.953125
3090400,456.53393131545573,0.0,0.9375,0.96875
3090500,456.5348433808902,0.0,1,0.90625
3090600,456.5350963822592,0.0,0.9375,0.890625
3090700,456.5357641066089,0.0,1,0.953125
3090800,456.53655869438467,0.0,0.9375,0.90625
3090900,456.5372552191247,0.0,0.8125,0.953125
3091000,456.53797743208605,0.0,0.9375,0.9375
3091100,456.53872219609946,0.0,1,0.921875
3091200,456.5394712114207,0.0,0.875,0.9375
3091300,456.54036200990663,0.0,1,0.921875
3091400,456.54114607112825,0.0,0.875,0.921875
3091500,456.54196220505906,0.0,1,0.90625
3091600,456.5428857905504,0.0,0.875,0.953125
3091700,456.54464348750884,0.0,0.875,0.90625
3091800,456.5452192145153,0.0,0.9375,0.921875
3091900,456.5456936768553,0.0,0.8125,0.890625
3092000,456.54697540673027,0.0,0.875,0.875
3092100,456.54761593505754,0.0,0.8125,0.875
3092200,456.5481795629949,0.0,1,0.9375
3092300,456.5486072211605,0.0,1,0.953125
3092400,456.54945211947614,0.0,0.8125,0.828125
3092500,456.5502413105277,0.0,0.875,0.90625
3092600,456.5507766430237,0.0,0.8125,0.90625
3092700,456.5516070769708,0.0,0.9375,0.84375
3092800,456.552915447378,0.0,1,0.984375
3092900,456.5535974532367,0.0,1,0.921875
3093000,456.5544798591213,0.0,0.9375,0.9375
3093100,456.554976388528,0.0,0.875,0.90625
3093200,456.5554332495911,0.0,0.9375,0.875
3093300,456.55643575086935,0.0,0.9375,0.96875
3093400,456.5574160531053,0.0,1,0.875
3093500,456.55814559164793,0.0,0.875,0.921875
3093600,456.5587746461289,0.0,1,0.890625
3093700,456.5595418348273,0.0,0.875,0.953125
3093800,456.55991560475655,0.0,0.875,0.859375
3093900,456.56054896841965,0.0,1,0.953125
3094000,456.5611627666367,0.0,1,0.96875
3094100,456.5617068250488,0.0,1,0.9375
3094200,456.5623527474241,0.0,1,0.90625
3094300,456.56271430367855,0.0,1,0.890625
3094400,456.5630601781602,0.0,1,0.953125
3094500,456.5639306598336,0.0,0.9375,0.859375
3094600,456.56471072147224,0.0,0.9375,0.90625
3094700,456.56543562135516,0.0,1,0.953125
3094800,456.56581177610445,0.0,0.9375,0.890625
3094900,456.56674732225366,0.0,0.875,0.90625
3095000,456.5671976782851,0.0,0.9375,0.890625
3095100,456.56795004081846,0.0,0.8125,0.984375
3095200,456.56881018839346,0.0,1,0.9375
3095300,456.5691889053148,0.0,0.8125,0.9375
3095400,456.57000901679675,0.0,0.875,0.90625
3095500,456.57068565330064,0.0,0.875,0.90625
3095600,456.57125987531896,0.0,0.9375,0.9375
3095700,456.5719151671607,0.0,1,0.984375
3095800,456.5726959648946,0.0,1,0.953125
3095900,456.57345549160164,0.0,1,0.96875
3096000,456.57434818021517,0.0,0.9375,0.84375
3096100,456.5755327554192,0.0,0.9375,0.890625
3096200,456.57580786727397,0.0,0.875,0.9375
3096300,456.5768367013725,0.0,0.9375,0.953125
3096400,456.5770869517924,0.0,0.875,0.953125
3096500,456.57776865188407,0.0,0.9375,0.9375
3096600,456.578405181347,0.0,0.9375,0.859375
3096700,456.5792659495149,0.0,0.875,0.890625
3096800,456.58032813957647,0.0,1,0.875
3096900,456.5812196935077,0.0,1,0.9375
3097000,456.582069139602,0.0,1,0.984375
3097100,456.58258983385826,0.0,0.9375,0.953125
3097200,456.5832646763161,0.0,0.9375,0.9375
3097300,456.5839694694115,0.0,0.9375,0.875
3097400,456.5848201865745,0.0,0.875,0.9375
3097500,456.58543906891435,0.0,0.875,0.875
3097600,456.5871337731521,0.0,0.9375,0.9375
3097700,456.5874764903349,0.0,0.875,0.953125
3097800,456.5879112494559,0.0,0.9375,0.96875
3097900,456.5888412572443,0.0,0.9375,0.9375
3098000,456.5893907895948,0.0,0.9375,0.96875
3098100,456.59009704218596,0.0,0.75,0.921875
3098200,456.5913225904457,0.0,1,0.890625
3098300,456.5915467235553,0.0,0.9375,0.953125
3098400,456.59191169351374,0.0,0.9375,0.9375
3098500,456.59245723915063,0.0,0.8125,0.921875
3098600,456.59327342342397,0.0,1,0.96875
3098700,456.59399370073555,0.0,0.9375,0.921875
3098800,456.59443173319664,0.0,0.875,0.90625
3098900,456.5951304686226,0.0,0.9375,0.84375
3099000,456.595666870197,0.0,0.75,0.953125
3099100,456.5961747754794,0.0,0.9375,0.875
3099200,456.5963302728445,0.0,0.9375,0.953125
3099300,456.5976154711113,0.0,0.9375,0.953125
3099400,456.5984758573344,0.0,0.875,0.953125
3099500,456.59895766884074,0.0,1,0.921875
3099600,456.59943310452974,0.0,0.875,0.96875
3099700,456.59997843557005,0.0,0.875,0.921875
3099800,456.6004502265587,0.0,0.9375,0.9375
3099900,456.6006433291272,0.0,0.9375,0.953125
3100000,237.70646781417113,0.0,0.875,0.9375
3100100,237.8164629260047,0.0,0.9375,0.90625
3100200,237.88981550413018,0.0,0.875,0.9375
3100300,237.97174600196087,0.0,0.9375,0.921875
3100400,238.07446792049544,0.0,0.875,0.90625
3100500,238.21775275472015,0.0,1,0.875
3100600,238.29923278956048,0.0,0.875,0.921875
3100700,238.4008323556591,0.0,0.9375,0.9375
3100800,238.5248282054085,0.0,0.9375,0.890625
3100900,238.69285947505406,0.0,1,0.890625
3101000,238.80956815825283,0.0,0.9375,0.828125
3101100,238.874162281031,0.0,0.9375,0.953125
3101200,239.03251913729756,0.0,0.875,0.90625
3101300,239.24033882297738,0.0,0.9375,0.921875
3101400,239.46620976905047,0.0,0.9375,0.90625
3101500,239.63045372968227,0.0,0.875,0.96875
3101600,239.95614242211553,0.0,0.875,0.90625
3101700,240.27826585782762,0.0,0.9375,0.953125
3101800,240.58033051421037,0.0,0.8125,0.953125
3101900,241.07927591379334,0.0,0.9375,0.96875
3102000,241.4161561562087,0.0,0.9375,0.921875
3102100,242.03706801079477,0.0,1,0.921875
3102200,243.18500961245815,0.0,0.9375,0.953125
3102300,243.9643472229179,0.0,0.875,0.953125
3102400,247.6743359264134,0.0,0.9375,0.875
3102500,335.65608605071924,0.0,0.875,0.9375
3102600,339.56880577487414,0.0,1,0.90625
3102700,341.50015762624275,0.0,0.9375,0.921875
3102800,342.1967751396126,0.0,0.9375,0.921875
3102900,342.79147803417885,0.0,1,0.96875
3103000,343.8603865915325,0.0,1,0.9375
3103100,344.37856974843805,0.0,0.875,0.953125
3103200,345.03285352664767,0.0,0.9375,0.921875
3103300,345.42840833497985,0.0,0.9375,0.9375
3103400,346.1050330972471,0.0,0.875,0.96875
3103500,346.57087093877516,0.0,0.875,0.921875
3103600,346.94916801405253,0.0,0.8125,0.953125
3103700,347.52749325943495,0.0,1,0.984375
3103800,348.14689689428167,0.0,0.9375,0.90625
3103900,348.5448377378775,0.0,0.8125,0.96875
3104000,348.9100122739823,0.0,0.9375,0.90625
3104100,349.8201853582065,0.0,0.875,0.90625
3104200,350.92026263579874,0.0,1,0.921875
3104300,352.1671376987773,0.0,0.9375,0.921875
3104400,354.89725958451623,0.0,1,0.96875
3104500,440.58199692351565,0.0,1,0.890625
3104600,448.0595493011427,0.0,0.875,0.953125
3104700,449.2306481169264,0.0,0.875,0.90625
3104800,450.10041012139027,0.0,0.8125,0.96875
3104900,450.5989178154857,0.0,1,0.90625
3105000,451.18839359342377,0.0,0.875,0.921875
3105100,451.5617208701364,0.0,0.875,0.9375
3105200,451.85580514517204,0.0,1,0.9375
3105300,452.1086912439411,0.0,1,0.921875
3105400,452.44693652524063,0.0,0.875,1
3105500,452.8134464448604,0.0,0.9375,0.90625
3105600,453.16632817766924,0.0,0.9375,0.953125
3105700,453.30962312124143,0.0,0.9375,0.921875
3105800,453.60656691736506,0.0,0.9375,0.90625
3105900,453.8266418371061,0.0,0.9375,0.921875
3106000,453.9746275253635,0.0,0.875,0.9375
3106100,454.11867639122204,0.0,1,0.921875
3106200,454.22844681471696,0.0,0.9375,0.90625
3106300,454.3972343246884,0.0,1,0.953125
3106400,454.56483759039435,0.0,1,0.96875
3106500,454.6688860522612,0.0,1,0.890625
3106600,454.78434402868277,0.0,0.9375,0.921875
3106700,454.87634004992924,0.0,0.875,0.90625
3106800,455.08336557779694,0.0,0.9375,0.921875
3106900,455.225829393849,0.0,1,0.921875
3107000,455.34000434037597,0.0,0.9375,0.953125
3107100,455.4009609214532,0.0,1,0.859375
3107200,455.4881156843712,0.0,0.9375,0.953125
3107300,455.5439521404693,0.0,1,0.890625
3107400,455.6239509090077,0.0,0.8125,0.890625
3107500,455.66988351250114,0.0,0.875,0.953125
3107600,455.78683043010915,0.0,1,0.90625
3107700,455.8692718665117,0.0,0.875,0.921875
3107800,455.9368140069935,0.0,0.875,0.9375
3107900,456.01087089889745,0.0,0.875,0.90625
3108000,456.07901515715884,0.0,1,0.96875
3108100,456.1222391853416,0.0,0.9375,0.953125
3108200,456.1705088166237,0.0,1,0.921875
3108300,456.21424356634725,0.0,1,0.96875
3108400,456.23917293956555,0.0,0.875,0.921875
3108500,456.2739755599983,0.0,1,0.953125
3108600,456.2952524104486,0.0,0.875,0.90625
3108700,456.30336259794836,0.0,0.9375,0.921875
3108800,456.3086413115672,0.0,0.9375,0.953125
3108900,456.3200402810247,0.0,1,0.96875
3109000,456.343303417208,0.0,0.9375,0.890625
3109100,456.3575720395456,0.0,0.8125,0.9375
3109200,456.36386066273985,0.0,0.875,0.921875
3109300,456.385164580908,0.0,0.8125,0.953125
3109400,456.3987655750073,0.0,0.9375,0.859375
3109500,456.4192471285802,0.0,0.9375,0.890625
3109600,456.4196812266586,0.0,0.9375,0.90625
3109700,456.4301677775942,0.0,0.9375,0.890625
3109800,456.4535537445749,0.0,1,0.90625
3109900,456.46969642928184,0.0,0.9375,0.953125
3110000,456.47561796986497,0.0,0.9375,0.921875
3110100,456.47993674872896,0.0,0.9375,0.953125
3110200,456.48158636815043,0.0,0.875,0.953125
3110300,456.48482239951386,0.0,0.75,0.953125
3110400,456.4920223625639,0.0,0.875,0.953125
3110500,456.4967667912626,0.0,0.9375,0.96875
3110600,456.5016667925614,0.0,0.8125,0.875
3110700,456.5022439406873,0.0,0.9375,0.921875
3110800,456.50357071893893,0.0,0.9375,0.875
3110900,456.52168595151846,0.0,1,0.96875
3111000,456.5239642905856,0.0,1,0.9375
3111100,456.5260123886594,0.0,0.9375,0.953125
3111200,456.5265077118392,0.0,0.9375,0.875
3111300,456.53129387958546,0.0,1,0.921875
3111400,456.5323395815056,0.0,0.9375,0.96875
3111500,456.5347950345357,0.0,0.875,0.96875
3111600,456.5356291233187,0.0,0.875,0.90625
3111700,456.54411569042145,0.0,1,0.921875
3111800,456.54502520418293,0.0,0.875,0.921875
3111900,456.55298223734536,0.0,1,0.90625
3112000,456.5543336569924,0.0,1,0.984375
3112100,456.55669335906083,0.0,0.875,0.953125
3112200,456.5608565955388,0.0,0.9375,0.921875
3112300,456.56182806991393,0.0,1,0.921875
3112400,456.56632785837604,0.0,1,0.921875
3112500,456.5674739237596,0.0,1,0.9375
3112600,456.5681527504076,0.0,0.75,0.921875
3112700,456.56891133329196,0.0,1,0.921875
3112800,456.56993323802874,0.0,0.875,0.953125
3112900,456.57065449446935,0.0,0.875,0.9375
3113000,456.5711019835543,0.0,0.9375,0.921875
3113100,456.571861725072,0.0,1,0.953125
3113200,456.5723450272182,0.0,0.9375,0.921875
3113300,456.57278855839445,0.0,0.9375,0.953125
3113400,456.57310816456203,0.0,0.9375,0.921875
3113500,456.57341401088627,0.0,0.9375,0.953125
3113600,456.57404152847045,0.0,1,0.984375
3113700,456.5746808601011,0.0,0.9375,0.984375
3113800,456.57528973418954,0.0,0.9375,0.875
3113900,456.57579200875836,0.0,0.875,0.921875
3114000,456.57610384657255,0.0,1,0.921875
3114100,456.57697966477076,0.0,0.9375,0.96875
3114200,456.5778258346001,0.0,0.875,0.96875
3114300,456.57854153113635,0.0,1,0.953125
3114400,456.5795107696662,0.0,0.9375,0.96875
3114500,456.58044238903074,0.0,0.9375,0.953125
3114600,456.5815536459473,0.0,0.8125,0.9375
3114700,456.58195570558246,0.0,0.875,0.9375
3114800,456.5825651823304,0.0,1,0.921875
3114900,456.5832074128927,0.0,0.875,0.921875
3115000,456.5838928711762,0.0,0.9375,0.953125
3115100,456.5844095048171,0.0,0.9375,0.96875
3115200,456.58465644198617,0.0,0.875,0.90625
3115300,456.58494159714473,0.0,0.9375,0.9375
3115400,456.58557172797475,0.0,0.875,0.9375
3115500,456.5860562485045,0.0,0.875,0.875
3115600,456.586452978007,0.0,0.9375,0.921875
3115700,456.58726055312206,0.0,0.9375,0.96875
3115800,456.58789854026116,0.0,0.875,0.921875
3115900,456.588444965085,0.0,1,0.953125
3116000,456.5891234103976,0.0,0.875,0.921875
3116100,456.58955865264363,0.0,1,0.90625
3116200,456.59020476327424,0.0,0.875,0.953125
3116300,456.5911494883416,0.0,0.9375,0.984375
3116400,456.5917146188436,0.0,0.875,0.953125
3116500,456.5922030577893,0.0,0.9375,0.921875
3116600,456.59321015203847,0.0,0.9375,0.953125
3116700,456.5939676893176,0.0,0.9375,0.890625
3116800,456.5956926396639,0.0,0.8125,0.921875
3116900,456.5963253584707,0.0,1,0.921875
3117000,456.59678088761393,0.0,0.9375,0.921875
3117100,456.59757189784875,0.0,0.9375,0.953125
3117200,456.59821836000407,0.0,1,0.96875
3117300,456.5987441087229,0.0,0.8125,0.9375
3117400,456.599510429614,0.0,1,0.9375
3117500,456.59991891818584,0.0,1,0.953125
3117600,456.60050453072574,0.0,0.8125,0.890625
3117700,456.6011212876389,0.0,0.8125,0.953125
3117800,456.60131140076624,0.0,0.8125,0.875
3117900,456.60165399118756,0.0,0.9375,0.921875
3118000,456.6022031955051,0.0,0.875,0.921875
3118100,456.6030425620119,0.0,1,0.984375
3118200,456.6034880615186,0.0,0.9375,0.9375
3118300,456.6044950516777,0.0,0.9375,0.859375
3118400,456.60479609223364,0.0,0.9375,0.921875
3118500,456.60540218178056,0.0,0.9375,0.953125
3118600,456.60558464878704,0.0,0.9375,0.90625
3118700,456.60599746214086,0.0,0.8125,0.96875
3118800,456.60625657466096,0.0,0.875,0.984375
3118900,456.60721243845325,0.0,0.9375,0.921875
3119000,456.6074384561424,0.0,0.875,0.890625
3119100,456.6079164001075,0.0,0.9375,0.96875
3119200,456.60878886639273,0.0,1,0.984375
3119300,456.6096039627166,0.0,0.8125,0.9375
3119400,456.60978491417404,0.0,0.8125,0.921875
3119500,456.61080368546595,0.0,0.875,0.96875
3119600,456.6111523455875,0.0,1,0.921875
3119700,456.6115509837419,0.0,0.875,1
3119800,456.6127471146378,0.0,0.875,0.96875
3119900,456.61375554988143,0.0,1,0.953125
3120000,456.6143280276158,0.0,0.9375,0.921875
3120100,456.6148236776608,0.0,0.8125,0.90625
3120200,456.6149979783178,0.0,0.9375,0.953125
3120300,456.61534980967275,0.0,0.875,0.90625
3120400,456.61634094295607,0.0,0.9375,0.90625
3120500,456.61654031346717,0.0,0.9375,0.921875
3120600,456.6167474523352,0.0,0.8125,0.890625
3120700,456.6170510583893,0.0,0.875,0.96875
3120800,456.61767455891385,0.0,0.9375,0.9375
3120900,456.6181243696124,0.0,0.875,0.921875
3121000,456.6193602649977,0.0,0.875,0.90625
3121100,456.6200976392304,0.0,0.8125,0.921875
3121200,456.6206129855108,0.0,0.75,0.875
3121300,456.6210155930015,0.0,0.9375,0.890625
3121400,456.62190147668343,0.0,0.9375,0.953125
3121500,456.62235228913966,0.0,0.8125,0.90625
3121600,456.62249524248585,0.0,0.875,0.90625
3121700,456.6229172797039,0.0,1,0.921875
3121800,456.62381636964386,0.0,0.9375,0.890625
3121900,456.6248232162091,0.0,0.9375,0.96875
3122000,456.6253766221215,0.0,0.8125,0.921875
3122100,456.62574124238074,0.0,1,0.921875
3122200,456.62637802229114,0.0,0.9375,0.90625
3122300,456.6266938627508,0.0,1,0.96875
3122400,456.6270339422019,0.0,0.9375,0.9375
3122500,456.6283766676101,0.0,0.875,0.90625
3122600,456.62924006400874,0.0,0.9375,1
3122700,456.63001914043195,0.0,0.8125,0.890625
3122800,456.6310780889748,0.0,0.875,0.921875
3122900,456.6315910743591,0.0,1,0.96875
3123000,456.6320235421688,0.0,0.875,0.96875
3123100,456.6331199914606,0.0,0.9375,0.96875
3123200,456.63331094986626,0.0,0.875,0.9375
3123300,456.63388115748603,0.0,0.8125,0.921875
3123400,456.6341120079741,0.0,1,0.875
3123500,456.6357316542822,0.0,0.875,0.890625
3123600,456.63625094828194,0.0,0.875,1
3123700,456.6364305909761,0.0,0.9375,0.984375
3123800,456.6368307161329,0.0,1,0.90625
3123900,456.6375374183862,0.0,0.9375,0.875
3124000,456.6380799066678,0.0,0.9375,0.9375
3124100,456.63872639104983,0.0,0.9375,0.9375
3124200,456.6390262734117,0.0,0.9375,0.921875
3124300,456.63927283138844,0.0,1,0.9375
3124400,456.640107249585,0.0,0.9375,0.953125
3124500,456.6410624819926,0.0,0.9375,0.953125
3124600,456.64129855704016,0.0,0.9375,0.859375
3124700,456.6423905976984,0.0,1,0.90625
3124800,456.6429372578055,0.0,1,0.890625
3124900,456.64375634059996,0.0,0.9375,0.875
3125000,237.68273946088277,0.0,0.9375,0.9375
3125100,237.7343688128445,0.0,0.9375,0.953125
3125200,237.81151299747512,0.0,0.875,0.953125
3125300,237.8354389684252,0.0,0.9375,0.90625
3125400,237.89372348437823,0.0,0.875,0.9375
3125500,238.0007510794734,0.0,0.8125,0.96875
3125600,238.0914358631637,0.0,0.9375,0.96875
3125700,238.15518628371865,0.0,0.9375,0.96875
3125800,238.22122105148517,0.0,0.9375,0.921875
3125900,238.32081092697774,0.0,0.875,0.921875
3126000,238.47224419718012,0.0,0.8125,0.90625
3126100,238.56979233152794,0.0,1,0.953125
3126200,238.7352048545123,0.0,0.9375,0.9375
3126300,238.84294543170952,0.0,0.9375,0.953125
3126400,238.91605385823087,0.0,0.9375,0.921875
3126500,239.0247729315071,0.0,0.8125,0.90625
3126600,239.12598756659693,0.0,0.8125,0.921875
3126700,239.28604750238046,0.0,0.875,0.890625
3126800,239.50389117138863,0.0,1,0.9375
3126900,239.59055249519716,0.0,0.875,0.921875
3127000,239.81634408773098,0.0,0.9375,0.9375
3127100,239.99362531656666,0.0,0.9375,0.890625
3127200,240.28481598233188,0.0,0.9375,0.9375
3127300,240.35543140595385,0.0,0.875,0.90625
3127400,240.61507644648356,0.0,1,0.9375
3127500,240.81345685012016,0.0,0.9375,0.890625
3127600,241.0464959322056,0.0,0.875,0.953125
3127700,241.74515139042654,0.0,0.9375,0.921875
3127800,242.2296826642023,0.0,1,1
3127900,243.13949971119345,0.0,0.875,0.90625
3128000,245.7812255413483,0.0,0.9375,0.953125
3128100,294.52598380991896,0.0,0.9375,0.9375
3128200,334.3222665368274,0.0,0.9375,0.953125
3128300,341.03379806133626,0.0,1,0.984375
3128400,341.83478353749575,0.0,0.8125,0.890625
3128500,342.1543996490186,0.0,1,0.953125
3128600,343.40550614852543,0.0,0.9375,1
3128700,343.9834117333164,0.0,1,0.9375
3128800,344.3317103005545,0.0,0.9375,0.921875
3128900,344.66471763931514,0.0,0.9375,0.984375
3129000,345.0491123688809,0.0,1,0.96875
3129100,345.27742004283317,0.0,0.9375,0.9375
3129200,345.40706299228333,0.0,0.875,0.953125
3129300,345.73199892288574,0.0,0.875,0.96875
3129400,346.0461485341701,0.0,0.9375,0.90625
3129500,346.28542982460306,0.0,0.875,0.9375
3129600,346.59244948620955,0.0,0.9375,0.9375
3129700,346.8981779666297,0.0,0.875,0.953125
3129800,347.12086137445306,0.0,0.875,0.953125
3129900,347.3397616858308,0.0,0.9375,0.921875
3130000,347.6389139956921,0.0,0.9375,0.9375
3130100,348.09105371777235,0.0,1,0.921875
3130200,348.47913669747953,0.0,0.9375,0.953125
3130300,348.75272101591133,0.0,0.875,0.9375
3130400,349.24447882962636,0.0,0.9375,0.921875
3130500,349.96329620680194,0.0,0.9375,0.96875
3130600,350.77628634661653,0.0,0.875,0.921875
3130700,352.4272736686507,0.0,0.875,0.953125
3130800,355.33947078838895,0.0,0.9375,0.96875
3130900,424.922738482331,0.0,1,0.953125
3131000,447.20313350803775,0.0,0.875,0.953125
3131100,449.7046981846283,0.0,0.8125,0.90625
3131200,450.87869901087856,0.0,0.9375,0.921875
3131300,451.831821797431,0.0,0.9375,0.9375
3131400,452.1124245184887,0.0,0.9375,0.921875
3131500,452.47586000293796,0.0,0.9375,0.921875
3131600,452.7739003791141,0.0,0.875,0.953125
3131700,453.036764517837,0.0,0.9375,0.9375
3131800,453.32806376538724,0.0,0.8125,0.953125
3131900,453.51754379137293,0.0,1,0.90625
3132000,453.6932090978609,0.0,1,0.96875
3132100,453.88937226147374,0.0,0.8125,0.96875
3132200,454.0166443117394,0.0,0.9375,0.9375
3132300,454.15825123909434,0.0,0.9375,0.953125
3132400,454.2533318260267,0.0,0.9375,0.96875
3132500,454.44302984163346,0.0,0.9375,0.953125
3132600,454.5571967809622,0.0,0.875,0.96875
3132700,454.68493679336194,0.0,0.9375,0.953125
3132800,454.7867955366173,0.0,1,0.953125
3132900,454.8664700132664,0.0,0.8125,0.90625
3133000,455.0117734312122,0.0,1,0.984375
3133100,455.09468493167765,0.0,1,0.9375
3133200,455.18740332989853,0.0,1,0.921875
3133300,455.2840060890309,0.0,0.9375,0.9375
3133400,455.33868986433475,0.0,0.9375,0.90625
3133500,455.3921567853496,0.0,0.9375,0.96875
3133600,455.4156141061203,0.0,0.875,0.9375
3133700,455.4534780880823,0.0,0.9375,0.9375
3133800,455.4974095216986,0.0,0.9375,0.921875
3133900,455.5289876037722,0.0,0.875,0.890625
3134000,455.56836204300765,0.0,0.875,0.953125
3134100,455.6014621295313,0.0,0.8125,0.9375
3134200,455.67844571845364,0.0,1,0.921875
3134300,455.6987474529943,0.0,0.9375,0.953125
3134400,455.73092528352754,0.0,1,1
3134500,455.78358551502663,0.0,0.9375,0.875
3134600,455.80124569713064,0.0,1,0.953125
3134700,455.8444174787167,0.0,0.75,0.953125
3134800,455.8960365709827,0.0,0.9375,0.96875
3134900,455.900449731651,0.0,1,0.953125
3135000,455.9184729104047,0.0,0.875,0.953125
3135100,455.9239197521052,0.0,0.8125,0.9375
3135200,455.9417412410733,0.0,1,0.890625
3135300,455.98294000437954,0.0,0.9375,0.890625
3135400,455.9963930515973,0.0,0.75,0.9375
3135500,456.0053960407523,0.0,0.9375,0.953125
3135600,456.0354717733367,0.0,0.875,0.984375
3135700,456.03794572450363,0.0,0.9375,0.96875
3135800,456.0532702415998,0.0,0.9375,0.984375
3135900,456.0678888724736,0.0,0.9375,0.953125
3136000,456.10151232086093,0.0,0.875,0.9375
3136100,456.11186753900836,0.0,0.9375,0.953125
3136200,456.1439212249903,0.0,1,0.9375
3136300,456.155792368328,0.0,1,0.984375
3136400,456.17120965458247,0.0,0.9375,0.9375
3136500,456.1889173546036,0.0,0.875,0.90625
3136600,456.19501089111975,0.0,0.9375,0.921875
3136700,456.2013015906508,0.0,0.875,0.90625
3136800,456.2037344203613,0.0,0.9375,0.96875
3136900,456.2136099819795,0.0,1,0.890625
3137000,456.241318688337,0.0,0.9375,0.921875
3137100,456.243041086121,0.0,1,0.953125
3137200,456.24366194592284,0.0,0.9375,0.96875
3137300,456.25363827374787,0.0,0.9375,0.90625
3137400,456.25524770289417,0.0,0.875,0.921875
3137500,456.2560372186776,0.0,1,0.9375
3137600,456.26291135414994,0.0,0.875,0.90625
3137700,456.2646240944706,0.0,0.8125,0.921875
3137800,456.26544952704785,0.0,0.875,0.921875
3137900,456.2661163472771,0.0,0.875,0.953125
3138000,456.26784471849146,0.0,0.875,0.9375
3138100,456.26897965937087,0.0,1,0.921875
3138200,456.2703219601403,0.0,0.875,0.90625
3138300,456.271289849566,0.0,1,0.9375
3138400,456.27215079992226,0.0,0.9375,0.984375
3138500,456.2734696627272,0.0,0.9375,0.90625
3138600,456.274192084093,0.0,0.875,0.953125
3138700,456.27512634799876,0.0,0.9375,0.953125
3138800,456.2758112524543,0.0,1,0.921875
3138900,456.2764441755144,0.0,0.8125,0.90625
3139000,456.27834653751864,0.0,0.9375,0.921875
3139100,456.27951053685746,0.0,0.9375,0.921875
3139200,456.2812619720725,0.0,0.9375,0.921875
3139300,456.28348320719476,0.0,0.9375,0.9375
3139400,456.284950053586,0.0,0.8125,0.9375
3139500,456.28771944508185,0.0,0.875,0.953125
3139600,456.2893492377336,0.0,0.9375,0.953125
3139700,456.289806017965,0.0,0.9375,0.921875
3139800,456.29306664585016,0.0,0.9375,0.984375
3139900,456.2936876382418,0.0,0.9375,0.9375
3140000,456.2956678703664,0.0,0.9375,0.9375
3140100,456.29609069632545,0.0,0.9375,0.921875
3140200,456.29727731780986,0.0,1,0.9375
3140300,456.29843120000714,0.0,0.9375,0.984375
3140400,456.2996140414842,0.0,0.875,0.9375
3140500,456.30015001341656,0.0,0.9375,0.984375
3140600,456.30123947319726,0.0,0.9375,0.96875
3140700,456.30361202108105,0.0,0.9375,0.953125
3140800,456.3056665282509,0.0,1,0.953125
3140900,456.30694109511586,0.0,0.9375,0.90625
3141000,456.30768264418595,0.0,0.9375,0.96875
3141100,456.30792591681876,0.0,0.9375,0.953125
3141200,456.30916111455474,0.0,1,0.953125
3141300,456.3098731554574,0.0,1,0.953125
3141400,456.3114841715314,0.0,0.9375,0.9375
3141500,456.3124795122759,0.0,0.875,0.90625
3141600,456.3136436346547,0.0,0.9375,0.96875
3141700,456.31700294761936,0.0,0.9375,0.96875
3141800,456.31766856499837,0.0,0.875,0.90625
3141900,456.31872236396475,0.0,1,0.9375
3142000,456.31987385144623,0.0,1,0.921875
3142100,456.3202574133159,0.0,0.9375,0.859375
3142200,456.3224499474114,0.0,0.9375,0.921875
3142300,456.3235337828723,0.0,0.9375,0.90625
3142400,456.3254281547067,0.0,0.9375,0.875
3142500,456.32760818432797,0.0,1,1
3142600,456.3291174186227,0.0,0.6875,0.9375
3142700,456.32984346115217,0.0,0.9375,0.9375
3142800,456.33046904866734,0.0,0.9375,0.90625
3142900,456.33209555695595,0.0,0.8125,0.875
3143000,456.3326575721496,0.0,0.9375,0.953125
3143100,456.3341955255968,0.0,0.9375,0.984375
3143200,456.3353584349449,0.0,0.875,0.953125
3143300,456.3377148568666,0.0,0.875,0.953125
3143400,456.33891640258406,0.0,0.9375,0.96875
3143500,456.3403793230919,0.0,0.875,0.9375
3143600,456.3435615163943,0.0,1,0.953125
3143700,456.3439565591986,0.0,0.9375,0.90625
3143800,456.3461229207395,0.0,0.8125,0.953125
3143900,456.3465253851838,0.0,0.875,0.890625
3144000,456.3478292552091,0.0,0.9375,0.96875
3144100,456.34861159416727,0.0,1,0.921875
3144200,456.35057498792025,0.0,0.875,0.875
3144300,456.3516038182434,0.0,1,0.9375
3144400,456.35247164844094,0.0,0.875,0.921875
3144500,456.35392197364854,0.0,0.9375,0.9375
3144600,456.35431340557494,0.0,0.875,0.9375
3144700,456.35510501777765,0.0,0.9375,1
3144800,456.356274462012,0.0,0.875,0.96875
3144900,456.3573004278946,0.0,0.9375,0.90625
3145000,456.3578116639593,0.0,0.9375,0.9375
3145100,456.35948617053344,0.0,1,0.953125
3145200,456.36210999679565,0.0,0.9375,0.9375
3145300,456.36278533990844,0.0,0.9375,0.953125
3145400,456.36359179081285,0.0,0.875,0.890625
3145500,456.3640488380918,0.0,1,0.984375
3145600,456.3649944731984,0.0,1,0.90625
3145700,456.3657279299709,0.0,1,1
3145800,456.36663083961326,0.0,0.9375,0.96875
3145900,456.3674484570165,0.0,0.9375,1
3146000,456.3684079768954,0.0,0.9375,0.984375
3146100,456.369095329874,0.0,0.875,0.984375
3146200,456.3704186444498,0.0,0.9375,0.90625
3146300,456.3720469217953,0.0,0.875,0.90625
3146400,456.3723830332942,0.0,0.875,0.90625
3146500,456.3727946684553,0.0,0.875,0.921875
3146600,456.37327308625055,0.0,0.875,0.953125
3146700,456.3738408002857,0.0,1,0.953125
3146800,456.37476389622356,0.0,0.875,0.9375
3146900,456.375346277804,0.0,0.9375,0.90625
3147000,456.3761485706535,0.0,1,0.9375
3147100,456.3772588788399,0.0,0.9375,0.9375
3147200,456.378570309572,0.0,0.9375,0.953125
3147300,456.3789952474279,0.0,1,0.890625
3147400,456.3805421471286,0.0,1,0.953125
3147500,456.3849594337325,0.0,1,0.90625
3147600,456.38563173800213,0.0,1,0.96875
3147700,456.3860286185983,0.0,0.9375,0.953125
3147800,456.38665367271926,0.0,0.875,0.90625
3147900,456.3876391445886,0.0,0.875,0.96875
3148000,456.388446557365,0.0,0.9375,0.953125
3148100,456.3895851638205,0.0,0.875,0.921875
3148200,456.3899724601133,0.0,0.9375,0.921875
3148300,456.3907141685212,0.0,0.9375,0.921875
3148400,456.3926920395636,0.0,1,0.921875
3148500,456.39310948144174,0.0,0.875,0.90625
3148600,456.39514381557103,0.0,0.9375,0.96875
3148700,456.39624712845807,0.0,0.9375,0.984375
3148800,456.396750365469,0.0,1,0.9375
3148900,456.3982554310727,0.0,0.8125,0.953125
3149000,456.3986385961735,0.0,0.9375,0.9375
3149100,456.4002245274262,0.0,0.9375,0.9375
3149200,456.40094854682224,0.0,0.9375,0.9375
3149300,456.4017718793653,0.0,0.9375,0.953125
3149400,456.4035976908256,0.0,0.9375,0.9375
3149500,456.4049360920422,0.0,0.9375,0.9375
3149600,456.40612165718045,0.0,0.9375,0.96875
3149700,456.4080734587541,0.0,0.75,0.90625
3149800,456.4089995766043,0.0,1,0.984375
3149900,456.41020430196687,0.0,0.9375,0.9375
3150000,237.99202777741326,0.0,0.875,0.96875
3150100,238.0422961361192,0.0,0.9375,0.953125
3150200,238.11196382937786,0.0,0.9375,0.9375
3150300,238.22386292805925,0.0,0.875,0.953125
3150400,238.343007897228,0.0,0.875,0.984375
3150500,238.44927177367626,0.0,0.9375,0.953125
3150600,238.60936718492894,0.0,0.9375,0.90625
3150700,238.7272233837207,0.0,0.75,0.96875
3150800,238.77617874666655,0.0,0.8125,0.953125
3150900,238.94271187900003,0.0,0.8125,0.9375
3151000,239.08779288056547,0.0,1,0.9375
3151100,239.2343419346307,0.0,1,0.9375
3151200,239.34582431788374,0.0,1,0.96875
3151300,239.48841366352698,0.0,0.9375,0.96875
3151400,239.64895147663177,0.0,0.9375,0.953125
3151500,239.72395334373905,0.0,0.9375,0.953125
3151600,240.00922276590603,0.0,1,0.96875
3151700,240.11978200972445,0.0,1,0.984375
3151800,240.27010196682238,0.0,1,0.9375
3151900,240.4848748100643,0.0,0.875,0.96875
3152000,240.65851344294003,0.0,0.9375,0.953125
3152100,240.91754487881244,0.0,0.8125,0.921875
3152200,241.13900433835545,0.0,0.9375,0.90625
3152300,241.27889641784446,0.0,1,0.921875
3152400,241.49405578144777,0.0,1,0.96875
3152500,241.93836305349782,0.0,0.8125,0.90625
3152600,242.2718537782369,0.0,0.9375,0.96875
3152700,242.39122014603117,0.0,0.8125,0.96875
3152800,243.2859367164002,0.0,0.9375,0.921875
3152900,244.3118047287154,0.0,0.9375,0.984375
3153000,245.37374235887708,0.0,0.9375,0.984375
3153100,247.86607067502734,0.0,1,0.921875
3153200,258.86775623242045,0.0,1,0.984375
3153300,335.1549669969921,0.0,0.9375,0.953125
3153400,339.21487123963595,0.0,0.9375,0.953125
3153500,340.65730962013726,0.0,0.8125,0.90625
3153600,341.19924806109924,0.0,0.9375,0.96875
3153700,341.49652052313246,0.0,1,0.921875
3153800,342.4461942328067,0.0,0.9375,0.953125
3153900,343.26831791200374,0.0,1,0.96875
3154000,343.78162039391736,0.0,0.875,0.96875
3154100,344.20392536347276,0.0,0.9375,0.984375
3154200,344.59766427366105,0.0,0.875,0.96875
3154300,344.8445979492612,0.0,0.9375,0.953125
3154400,345.05796565559655,0.0,0.9375,0.90625
3154500,345.270995252763,0.0,0.875,0.96875
3154600,345.5717892135967,0.0,0.9375,0.953125
3154700,345.92351533185916,0.0,0.875,0.96875
3154800,346.2658888238075,0.0,1,0.953125
3154900,346.3654220296423,0.0,1,0.875
3155000,346.69202006925246,0.0,0.9375,0.90625
3155100,346.9577886142231,0.0,0.9375,0.921875
3155200,347.21554673667896,0.0,0.875,0.921875
3155300,347.39046135761544,0.0,0.875,0.9375
3155400,347.6601371298766,0.0,0.875,0.890625
3155500,347.99006025867584,0.0,0.9375,0.875
3155600,348.28984755108655,0.0,0.9375,0.9375
3155700,348.62191281400135,0.0,1,0.859375
3155800,348.8702170656068,0.0,0.875,0.9375
3155900,349.2388414444254,0.0,0.9375,0.859375
3156000,349.5311185502561,0.0,0.9375,0.90625
3156100,349.90704025621466,0.0,0.9375,0.90625
3156200,350.75371735991945,0.0,0.9375,0.921875
3156300,351.46710832756366,0.0,0.9375,0.9375
3156400,353.2725297357831,0.0,0.9375,0.953125
3156500,358.31131373422215,0.0,0.875,0.90625
3156600,366.5280589784399,0.0,1,0.875
3156700,432.6161792183614,0.0,0.9375,0.84375
3156800,443.39639453488644,0.0,0.9375,0.953125
3156900,448.5728384165021,0.0,0.9375,0.953125
3157000,449.85579115927095,0.0,1,0.9375
3157100,450.6259093856968,0.0,0.9375,0.921875
3157200,451.0322511103601,0.0,1,0.953125
3157300,451.34141084879485,0.0,0.9375,0.9375
3157400,451.5854384282065,0.0,0.9375,0.96875
3157500,451.8781780345743,0.0,0.875,0.890625
3157600,452.1872205983749,0.0,0.9375,0.875
3157700,452.30246232345917,0.0,0.9375,0.9375
3157800,452.44446774182524,0.0,0.9375,0.953125
3157900,452.6278321045844,0.0,0.9375,0.9375
3158000,452.764104359882,0.0,0.9375,0.921875
3158100,453.02403410630353,0.0,0.9375,0.875
3158200,453.14490649497304,0.0,0.9375,0.96875
3158300,453.25959745171065,0.0,1,0.90625
3158400,453.36064432237384,0.0,0.875,0.90625
3158500,453.5067382800062,0.0,1,0.90625
3158600,453.6098077888944,0.0,0.9375,0.9375
3158700,453.7543094045496,0.0,0.875,0.921875
3158800,453.9522419706477,0.0,0.9375,0.9375
3158900,454.1178330437643,0.0,1,0.953125
3159000,454.2964149569466,0.0,0.875,0.984375
3159100,454.36621541339497,0.0,0.9375,0.921875
3159200,454.50389578846153,0.0,1,0.921875
3159300,454.5711822091893,0.0,0.9375,0.953125
3159400,454.6864813516555,0.0,0.8125,0.921875
3159500,454.73970357998843,0.0,0.9375,0.9375
3159600,454.86006387701093,0.0,0.9375,0.953125
3159700,454.91893301699355,0.0,0.875,0.921875
3159800,454.9901142114408,0.0,0.9375,0.953125
3159900,455.09261603830026,0.0,0.9375,0.90625
3160000,455.1775442268264,0.0,0.8125,0.96875
3160100,455.3257431154291,0.0,0.9375,0.96875
3160200,455.3649693010608,0.0,0.9375,0.953125
3160300,455.4234377644776,0.0,1,0.96875
3160400,455.5406688737266,0.0,0.8125,0.921875
3160500,455.5975487778505,0.0,0.9375,0.953125
3160600,455.61605238413125,0.0,1,0.953125
3160700,455.66196655340894,0.0,0.875,0.953125
3160800,455.68342271156376,0.0,0.875,0.96875
3160900,455.704444811379,0.0,0.9375,0.9375
3161000,455.73742287324336,0.0,1,0.9375
3161100,455.79165219881435,0.0,1,0.9375
3161200,455.8279908845884,0.0,1,0.984375
3161300,455.83448528144237,0.0,1,0.9375
3161400,455.8392261414997,0.0,0.9375,0.984375
3161500,455.8617787833679,0.0,0.8125,0.96875
3161600,455.867379766425,0.0,1,0.921875
3161700,455.8692055547882,0.0,0.875,0.890625
3161800,455.87426650723484,0.0,1,0.921875
3161900,455.8780523283719,0.0,1,0.953125
3162000,455.88692665874663,0.0,0.9375,0.90625
3162100,455.9017611262998,0.0,0.875,0.921875
3162200,455.91835001843873,0.0,0.875,0.953125
3162300,455.92533308208976,0.0,0.875,0.921875
3162400,455.9336784446488,0.0,1,0.9375
3162500,455.9414475171148,0.0,1,1
3162600,455.94247512070064,0.0,1,0.921875
3162700,455.94426582387314,0.0,0.75,0.875
3162800,455.9463489475693,0.0,1,0.921875
3162900,455.95486636146205,0.0,0.875,0.921875
3163000,455.9681023086284,0.0,0.9375,0.90625
3163100,455.9738537739036,0.0,0.875,0.96875
3163200,455.97572878326565,0.0,0.8125,0.96875
3163300,455.9890047740133,0.0,0.875,0.90625
3163400,455.99416033083287,0.0,1,0.890625
3163500,455.9949377616718,0.0,0.875,0.875
3163600,455.99611979186807,0.0,0.9375,0.9375
3163700,455.9967889596124,0.0,0.9375,0.953125
3163800,455.9976075315499,0.0,0.8125,0.9375
3163900,455.998500335923,0.0,0.875,0.96875
3164000,456.0008585495536,0.0,0.9375,0.890625
3164100,456.00309503857176,0.0,0.9375,0.9375
3164200,456.00820425883404,0.0,0.9375,0.90625
3164300,456.01115796415644,0.0,1,0.9375
3164400,456.0161138403155,0.0,0.9375,0.953125
3164500,456.01812840084597,0.0,1,0.953125
3164600,456.0206910890542,0.0,0.9375,0.984375
3164700,456.02528699124315,0.0,0.9375,0.921875
3164800,456.0290000826083,0.0,0.9375,0.875
3164900,456.0318540353712,0.0,1,0.921875
3165000,456.03561650075403,0.0,0.9375,1
3165100,456.0386879538351,0.0,0.875,0.9375
3165200,456.0400203957125,0.0,0.9375,0.9375
3165300,456.0431603560385,0.0,0.9375,0.953125
3165400,456.0489354815243,0.0,0.9375,0.890625
3165500,456.05628930743336,0.0,0.875,0.90625
3165600,456.06209604735096,0.0,1,0.96875
3165700,456.0626558789424,0.0,1,0.9375
3165800,456.06575174896295,0.0,1,0.890625
3165900,456.0672251166056,0.0,1,0.96875
3166000,456.0673124384573,0.0,0.875,0.921875
3166100,456.06963749187213,0.0,0.875,0.859375
3166200,456.0726561735339,0.0,1,0.90625
3166300,456.07416019708677,0.0,0.9375,0.890625
3166400,456.07823227231023,0.0,1,0.953125
3166500,456.07983748093693,0.0,0.9375,0.9375
3166600,456.0818076351686,0.0,0.9375,0.890625
3166700,456.0825283292352,0.0,0.9375,0.9375
3166800,456.0837870854668,0.0,0.9375,0.953125
3166900,456.0867905583074,0.0,0.875,0.96875
3167000,456.0881412480738,0.0,1,0.953125
3167100,456.0907541217028,0.0,0.9375,0.90625
3167200,456.0926866073336,0.0,1,0.96875
3167300,456.0989902737003,0.0,0.875,0.921875
3167400,456.1000112304903,0.0,0.8125,0.921875
3167500,456.1014678778111,0.0,0.9375,0.90625
3167600,456.10168768577967,0.0,0.875,0.984375
3167700,456.1024605705422,0.0,0.9375,0.90625
3167800,456.1036024819863,0.0,0.8125,0.921875
3167900,456.1043804475436,0.0,0.875,0.9375
3168000,456.10616814089974,0.0,0.9375,0.984375
3168100,456.11360509298294,0.0,0.9375,0.9375
3168200,456.1166444475242,0.0,0.9375,0.875
3168300,456.1178526398983,0.0,0.875,0.96875
3168400,456.11911182002825,0.0,0.9375,0.96875
3168500,456.1212034236542,0.0,0.9375,0.921875
3168600,456.1236225709202,0.0,1,0.96875
3168700,456.1249390992704,0.0,1,0.9375
3168800,456.1268629872203,0.0,1,0.953125
3168900,456.12893241060704,0.0,0.9375,0.953125
3169000,456.1298928115734,0.0,1,0.96875
3169100,456.1312118930837,0.0,0.8125,0.890625
3169200,456.1319483116568,0.0,0.875,0.890625
3169300,456.1322796731421,0.0,1,0.90625
3169400,456.13368517534593,0.0,0.9375,0.9375
3169500,456.13924404867544,0.0,0.875,0.921875
3169600,456.1413786705201,0.0,0.875,0.875
3169700,456.14315982908613,0.0,0.9375,0.90625
3169800,456.14372750393477,0.0,0.8125,0.96875
3169900,456.1492004015515,0.0,0.9375,0.921875
3170000,456.15041303762024,0.0,0.875,0.984375
3170100,456.1510865753492,0.0,0.875,0.921875
3170200,456.15524686545854,0.0,1,0.984375
3170300,456.15697621431025,0.0,0.9375,0.84375
3170400,456.1572462098237,0.0,1,0.953125
3170500,456.1587907323213,0.0,1,0.96875
3170600,456.1597707580211,0.0,1,0.90625
3170700,456.16213674223474,0.0,0.875,0.90625
3170800,456.1701279561176,0.0,0.875,0.90625
3170900,456.17171254127936,0.0,0.9375,0.921875
3171000,456.17288057508455,0.0,0.9375,0.9375
3171100,456.1752380685795,0.0,1,0.9375
3171200,456.1819041568674,0.0,0.9375,0.9375
3171300,456.1825864775533,0.0,0.875,0.90625
3171400,456.1834874882052,0.0,0.9375,0.96875
3171500,456.1874650435617,0.0,0.9375,1
3171600,456.18952453676013,0.0,1,0.921875
3171700,456.1920355127591,0.0,0.9375,0.96875
3171800,456.1933613359093,0.0,1,0.921875
3171900,456.1965574522717,0.0,0.9375,0.96875
3172000,456.19692534095464,0.0,1,0.953125
3172100,456.19718686943247,0.0,0.9375,0.96875
3172200,456.20005765677956,0.0,0.9375,0.96875
3172300,456.2013890709515,0.0,0.8125,0.90625
3172400,456.2070572125769,0.0,0.875,0.953125
3172500,456.20744933315365,0.0,1,0.953125
3172600,456.20840788065357,0.0,1,0.953125
3172700,456.2087246820156,0.0,0.875,0.921875
3172800,456.21011569910604,0.0,0.9375,0.90625
3172900,456.2108297520048,0.0,0.875,1
3173000,456.2111593903342,0.0,0.9375,0.96875
3173100,456.211943133975,0.0,0.9375,0.984375
3173200,456.2137735908997,0.0,1,0.921875
3173300,456.21865438814984,0.0,1,0.921875
3173400,456.2229076210535,0.0,0.9375,0.921875
3173500,456.2240794330512,0.0,1,0.9375
3173600,456.2246163856517,0.0,0.9375,0.9375
3173700,456.2253043746054,0.0,1,0.953125
3173800,456.2272605074071,0.0,0.875,0.984375
3173900,456.22760236597867,0.0,1,0.984375
3174000,456.2303564851472,0.0,0.9375,1
3174100,456.23123421559876,0.0,1,0.96875
3174200,456.2322236904898,0.0,0.9375,0.921875
3174300,456.23327790702814,0.0,1,0.96875
3174400,456.2338085060012,0.0,0.875,0.875
3174500,456.23503990806796,0.0,0.9375,0.96875
3174600,456.237441306207,0.0,0.9375,0.921875
3174700,456.24145114200144,0.0,0.875,0.96875
3174800,456.24251741337565,0.0,1,0.953125
3174900,456.2439224232235,0.0,0.875,0.90625
3175000,237.9478555849239,0.0,0.9375,0.953125
3175100,238.0765889089955,0.0,0.8125,0.9375
3175200,238.18684686621862,0.0,0.9375,0.953125
3175300,238.28568819420892,0.0,1,0.9375
3175400,238.3644368035149,0.0,0.8125,0.90625
3175500,238.54290960332236,0.0,0.8125,0.984375
3175600,238.72201551684367,0.0,0.875,0.90625
3175700,238.82994824489495,0.0,0.875,0.9375
3175800,238.92890951055557,0.0,0.9375,0.921875
3175900,239.10937141580266,0.0,0.9375,0.921875
3176000,239.28743022078226,0.0,0.75,0.96875
3176100,239.50145534561074,0.0,1,0.96875
3176200,239.72110268401156,0.0,0.875,0.9375
3176300,240.07439330878017,0.0,1,0.90625
3176400,240.3846392643834,0.0,1,0.953125
3176500,240.77838037245473,0.0,0.9375,0.90625
3176600,241.38759603785155,0.0,1,0.9375
3176700,243.0311033155038,0.0,1,0.953125
3176800,247.78666935497571,0.0,1,0.9375
3176900,258.5179512080611,0.0,0.9375,0.875
3177000,328.08702050300656,0.0,0.9375,0.9375
3177100,334.0726137414938,0.0,0.9375,0.90625
3177200,336.8693891218547,0.0,0.75,0.890625
3177300,338.8128417061875,0.0,0.875,0.9375
3177400,340.04811480053104,0.0,0.9375,0.953125
3177500,341.14253346575225,0.0,1,0.953125
3177600,341.6184403091806,0.0,0.9375,0.984375
3177700,342.22490528005864,0.0,1,0.921875
3177800,342.67331512297534,0.0,0.9375,0.90625
3177900,342.8382298081866,0.0,0.9375,0.9375
3178000,343.26810828324363,0.0,0.9375,0.9375
3178100,343.61632677587534,0.0,0.9375,0.9375
3178200,343.79208445683986,0.0,0.8125,0.890625
3178300,344.03269225332804,0.0,0.9375,0.921875
3178400,344.22381068406406,0.0,0.875,0.96875
3178500,344.63418174262847,0.0,1,0.953125
3178600,344.8576858882945,0.0,0.9375,0.953125
3178700,345.10215351455435,0.0,0.875,0.953125
3178800,345.3538143163326,0.0,0.875,0.921875
3178900,345.4533787515529,0.0,0.9375,0.96875
3179000,345.8035167650613,0.0,0.8125,0.953125
3179100,346.1464501512973,0.0,1,0.96875
3179200,346.5202803749389,0.0,0.9375,0.921875
3179300,346.94162145053616,0.0,0.9375,0.90625
3179400,347.281385039036,0.0,0.9375,1
3179500,347.7881693415896,0.0,0.9375,0.9375
3179600,348.4084554447698,0.0,0.875,0.953125
3179700,350.4741487891864,0.0,0.875,0.984375
3179800,355.65454178889297,0.0,0.875,0.96875
3179900,444.91500452679554,0.0,0.8125,0.96875
3180000,446.95924216744663,0.0,1,0.984375
3180100,448.70797217641797,0.0,1,0.9375
3180200,449.5630546176755,0.0,0.9375,0.921875
3180300,450.0316466969898,0.0,1,0.953125
3180400,450.8402078950292,0.0,0.8125,0.953125
3180500,451.4841777185434,0.0,1,0.9375
3180600,451.94202904696164,0.0,0.8125,0.890625
3180700,452.16219366380903,0.0,0.9375,0.90625
3180800,452.46996186203023,0.0,0.875,0.96875
3180900,452.66199908546065,0.0,1,0.953125
3181000,452.9556081213258,0.0,0.8125,0.875
3181100,453.11274074644143,0.0,0.875,0.953125
3181200,453.3074711091423,0.0,0.9375,0.9375
3181300,453.56269298198697,0.0,1,0.96875
3181400,453.69668509688927,0.0,0.9375,0.953125
3181500,453.8587105490001,0.0,1,0.96875
3181600,454.0443573936419,0.0,0.9375,0.890625
3181700,454.20300942983386,0.0,0.9375,0.984375
3181800,454.44125888404545,0.0,0.9375,0.953125
3181900,454.5627858129104,0.0,0.9375,0.953125
3182000,454.6809468693123,0.0,1,0.984375
3182100,454.788005066853,0.0,0.9375,0.96875
3182200,454.83106436791377,0.0,1,0.921875
3182300,454.9918353615881,0.0,0.875,0.953125
3182400,455.1111316571301,0.0,0.9375,0.953125
3182500,455.1778312005214,0.0,0.9375,0.953125
3182600,455.2214840595377,0.0,0.8125,0.921875
3182700,455.3110112290549,0.0,1,0.9375
3182800,455.33576865956377,0.0,1,0.90625
3182900,455.42090255219165,0.0,1,0.9375
3183000,455.484790651381,0.0,0.875,0.9375
3183100,455.5533538639761,0.0,0.9375,0.921875
3183200,455.63858352860024,0.0,0.9375,0.953125
3183300,455.71030801516406,0.0,0.875,0.953125
3183400,455.7342541921515,0.0,0.8125,0.96875
3183500,455.76443116496245,0.0,0.875,0.90625
3183600,455.8119740564822,0.0,0.8125,0.890625
3183700,455.87127967793725,0.0,0.9375,0.953125
3183800,455.90679750951324,0.0,0.9375,0.890625
3183900,455.9342712015821,0.0,0.9375,0.90625
3184000,455.97640691587657,0.0,1,0.953125
3184100,455.99166612221245,0.0,0.9375,0.921875
3184200,456.00980382469146,0.0,0.875,0.953125
3184300,456.0354163789225,0.0,0.9375,0.953125
3184400,456.05722996673734,0.0,0.9375,0.9375
3184500,456.08607729040375,0.0,0.875,0.953125
3184600,456.1322408171365,0.0,0.875,0.953125
3184700,456.15031641005277,0.0,0.8125,0.9375
3184800,456.1543222457183,0.0,0.9375,0.9375
3184900,456.1732795628771,0.0,0.875,0.90625
3185000,456.20126903074987,0.0,0.9375,0.96875
3185100,456.21217148463126,0.0,0.9375,0.984375
3185200,456.2322609574535,0.0,0.875,0.9375
3185300,456.26023989029056,0.0,1,0.9375
3185400,456.2726861935504,0.0,0.8125,0.953125
3185500,456.3070991804934,0.0,0.875,0.96875
3185600,456.3137045892413,0.0,0.875,0.9375
3185700,456.3307590452965,0.0,0.9375,0.9375
3185800,456.3423294799947,0.0,0.9375,1
3185900,456.35177872392353,0.0,1,0.921875
3186000,456.35384621040674,0.0,0.8125,0.921875
3186100,456.367549676307,0.0,0.9375,0.9375
3186200,456.36792705163356,0.0,1,0.953125
3186300,456.37015775521195,0.0,0.875,0.953125
3186400,456.3773672378618,0.0,0.9375,0.90625
3186500,456.3884308074835,0.0,0.9375,0.984375
3186600,456.39579191315795,0.0,0.9375,0.9375
3186700,456.404202205135,0.0,0.9375,0.953125
3186800,456.4128236805614,0.0,0.875,0.9375
3186900,456.41401392669223,0.0,0.875,0.953125
3187000,456.43054863009985,0.0,1,0.9375
3187100,456.45526208699005,0.0,0.75,0.984375
3187200,456.4605043391236,0.0,0.9375,0.921875
3187300,456.468400676791,0.0,0.875,0.921875
3187400,456.4687344358281,0.0,0.9375,0.9375
3187500,456.4698723216295,0.0,0.875,0.9375
3187600,456.4843296270041,0.0,0.9375,0.90625
3187700,456.48763842399825,0.0,0.875,0.921875
3187800,456.4886067484542,0.0,1,0.96875
3187900,456.49029683847226,0.0,0.9375,1
3188000,456.49098136385476,0.0,0.9375,0.921875
3188100,456.4916554969159,0.0,0.9375,0.96875
3188200,456.4963312540945,0.0,0.8125,0.921875
3188300,456.49681269371973,0.0,0.9375,0.9375
3188400,456.4974249219591,0.0,0.9375,0.875
3188500,456.49880117671785,0.0,0.875,0.9375
3188600,456.49952330256974,0.0,1,1
3188700,456.5003976417826,0.0,1,0.953125
3188800,456.5023564899103,0.0,0.9375,0.9375
3188900,456.5026228584549,0.0,0.875,0.953125
3189000,456.5034593231464,0.0,1,0.921875
3189100,456.50514790196297,0.0,0.875,0.921875
3189200,456.5056281224623,0.0,0.8125,0.96875
3189300,456.5081907023948,0.0,0.9375,0.875
3189400,456.50866471161135,0.0,0.9375,0.921875
3189500,456.5100473998798,0.0,0.875,0.953125
3189600,456.5102654318164,0.0,0.8125,0.953125
3189700,456.5110846034361,0.0,1,0.984375
3189800,456.5117050728669,0.0,0.875,0.890625
3189900,456.5125120776545,0.0,1,0.890625
3190000,456.51263219850057,0.0,0.8125,0.953125
3190100,456.5131262881934,0.0,0.9375,1
3190200,456.5141073800642,0.0,1,0.90625
3190300,456.5142568950541,0.0,0.875,0.984375
3190400,456.51452369755486,0.0,1,0.953125
3190500,456.5154762782249,0.0,0.875,0.90625
3190600,456.5160065202395,0.0,0.9375,0.9375
3190700,456.51846597651905,0.0,0.9375,0.9375
3190800,456.52013865391666,0.0,1,0.90625
3190900,456.52119237801605,0.0,0.9375,0.921875
3191000,456.52177824779113,0.0,1,0.953125
3191100,456.52220529698025,0.0,1,0.96875
3191200,456.52292038768377,0.0,0.8125,0.90625
3191300,456.5232391620216,0.0,0.9375,0.953125
3191400,456.5257028702285,0.0,1,0.90625
3191500,456.5267924405717,0.0,0.9375,0.9375
3191600,456.52869505168906,0.0,1,0.921875
3191700,456.52961502375666,0.0,0.9375,0.953125
3191800,456.5300720739694,0.0,0.9375,0.96875
3191900,456.53053674164653,0.0,1,0.90625
3192000,456.5308488880065,0.0,0.875,0.921875
3192100,456.53129203927165,0.0,0.875,0.953125
3192200,456.53228923578195,0.0,1,0.953125
3192300,456.53386172172577,0.0,0.875,0.9375
3192400,456.5368258460158,0.0,0.875,0.9375
3192500,456.5408871599382,0.0,0.9375,0.921875
3192600,456.54120272674123,0.0,0.9375,1
3192700,456.54151300514025,0.0,0.875,0.953125
3192800,456.54208721367365,0.0,0.9375,0.953125
3192900,456.54278107856726,0.0,0.9375,0.90625
3193000,456.5435907543844,0.0,0.9375,0.96875
3193100,456.5437827104059,0.0,0.9375,0.875
3193200,456.54566428253656,0.0,0.9375,0.9375
3193300,456.5464432123416,0.0,0.8125,0.9375
3193400,456.54754729310343,0.0,0.8125,0.921875
3193500,456.54914737439617,0.0,0.875,0.953125
3193600,456.54971984636336,0.0,1,0.953125
3193700,456.55017544094244,0.0,0.9375,0.875
3193800,456.5516638795918,0.0,1,0.9375
3193900,456.55357656502133,0.0,0.9375,0.953125
3194000,456.5541661012323,0.0,0.875,0.953125
3194100,456.5543726443389,0.0,0.9375,0.921875
3194200,456.5547346425434,0.0,0.875,0.96875
3194300,456.55536351885104,0.0,0.9375,0.9375
3194400,456.55557418218797,0.0,0.9375,0.96875
3194500,456.5558364220361,0.0,0.9375,0.984375
3194600,456.5564816301442,0.0,1,0.96875
3194700,456.5568324785517,0.0,1,0.96875
3194800,456.55718177123845,0.0,0.875,0.921875
3194900,456.55961972461785,0.0,0.875,0.921875
3195000,456.5607546369624,0.0,0.9375,0.96875
3195100,456.56126138788886,0.0,0.9375,0.953125
3195200,456.5635275103595,0.0,0.9375,0.96875
3195300,456.5638922664222,0.0,0.875,0.9375
3195400,456.56646144188176,0.0,0.875,0.953125
3195500,456.5665304732017,0.0,1,0.953125
3195600,456.5690757223993,0.0,0.9375,0.953125
3195700,456.5695535523288,0.0,1,0.9375
3195800,456.56989376473376,0.0,1,0.953125
3195900,456.57155681024636,0.0,1,0.9375
3196000,456.57174034432694,0.0,0.9375,0.953125
3196100,456.5721773513469,0.0,0.875,0.90625
3196200,456.5726601975417,0.0,0.875,0.90625
3196300,456.5732800291869,0.0,0.9375,0.953125
3196400,456.57348157995256,0.0,0.875,0.96875
3196500,456.57416784737205,0.0,0.9375,0.953125
3196600,456.57503770530724,0.0,1,0.96875
3196700,456.57695284602727,0.0,0.875,0.984375
3196800,456.5778014771452,0.0,0.875,0.984375
3196900,456.57816937938736,0.0,0.9375,0.953125
3197000,456.5794143994968,0.0,0.8125,0.921875
3197100,456.5796544016511,0.0,0.9375,0.953125
3197200,456.5814111035066,0.0,0.9375,0.9375
3197300,456.58264870328304,0.0,1,1
3197400,456.5836534273543,0.0,0.8125,0.90625
3197500,456.5851285183645,0.0,0.875,0.9375
3197600,456.58618578910824,0.0,0.9375,0.953125
3197700,456.5864085667937,0.0,1,0.953125
3197800,456.5869492162162,0.0,1,0.90625
3197900,456.58733541038714,0.0,0.875,0.953125
3198000,456.58842726654024,0.0,0.9375,0.875
3198100,456.58891342271573,0.0,0.875,0.96875
3198200,456.5902652966465,0.0,0.875,0.953125
3198300,456.5915745090668,0.0,0.9375,0.875
3198400,456.59199209312715,0.0,1,0.953125
3198500,456.5921798699483,0.0,0.875,0.9375
3198600,456.59294933479055,0.0,1,0.9375
3198700,456.5938830094949,0.0,1,0.90625
3198800,456.5940780399866,0.0,0.9375,0.9375
3198900,456.5949217600029,0.0,1,0.875
3199000,456.5957154815851,0.0,0.9375,0.953125
3199100,456.5972975153344,0.0,0.9375,0.9375
3199200,456.59786919757005,0.0,1,0.921875
3199300,456.5984256277234,0.0,0.875,0.921875
3199400,456.59886766845614,0.0,0.9375,0.921875
3199500,456.59927330578313,0.0,0.875,0.96875
3199600,456.5996803669559,0.0,0.9375,0.9375
3199700,456.60002744637046,0.0,0.9375,0.921875
3199800,456.60069457056386,0.0,1,0.984375
3199900,456.60132481222223,0.0,1,0.90625
3200000,252.52152856221278,0.0,1,0.890625
3200100,324.7047418899671,0.0,0.875,0.96875
3200200,328.1572525356278,0.0,0.9375,0.921875
3200300,331.0811646563753,0.0,1,0.953125
3200400,333.19534603071327,0.0,0.9375,0.96875
3200500,334.88800952153355,0.0,0.8125,0.96875
3200600,336.1242798151113,0.0,0.9375,0.96875
3200700,338.7206556607303,0.0,0.9375,0.9375
3200800,340.4769473201096,0.0,0.9375,0.953125
3200900,432.36905329791887,0.0,0.9375,0.953125
3201000,436.35333921666034,0.0,0.875,0.921875
3201100,438.3232190142565,0.0,0.875,0.9375
3201200,440.15011738626254,0.0,0.75,0.9375
3201300,441.41546128140646,0.0,1,0.921875
3201400,442.28810235738956,0.0,0.875,0.9375
3201500,443.00312842607684,0.0,0.9375,0.984375
3201600,443.80357493975833,0.0,0.9375,0.96875
3201700,444.5655242846456,0.0,0.875,0.90625
3201800,445.13505802268634,0.0,1,0.9375
3201900,445.48506803959424,0.0,1,0.953125
3202000,446.0196366086027,0.0,1,0.953125
3202100,446.5206006988226,0.0,0.9375,0.859375
3202200,447.010405379174,0.0,0.9375,1
3202300,447.36062933576324,0.0,0.9375,0.9375
3202400,447.7079993924004,0.0,1,0.921875
3202500,448.001594077782,0.0,0.9375,0.9375
3202600,448.45687742654985,0.0,1,0.9375
3202700,448.90029968509253,0.0,0.9375,0.890625
3202800,449.25256392084384,0.0,1,0.921875
3202900,449.569428066166,0.0,0.875,0.921875
3203000,449.87483358159045,0.0,0.875,0.9375
3203100,450.1427683556467,0.0,0.9375,0.90625
3203200,450.44083761932296,0.0,1,0.9375
3203300,450.7768080037594,0.0,1,1
3203400,451.01971201579175,0.0,0.9375,0.90625
3203500,451.30322666842994,0.0,0.9375,0.96875
3203600,451.43427498044946,0.0,1,0.9375
3203700,451.696287568477,0.0,1,0.984375
3203800,451.95335838235195,0.0,0.8125,0.953125
3203900,452.0974819592005,0.0,0.9375,0.859375
3204000,452.34321360282763,0.0,0.9375,0.890625
3204100,452.5364946373403,0.0,1,0.9375
3204200,452.68246592460434,0.0,0.9375,0.9375
3204300,452.87325087060844,0.0,0.9375,0.921875
3204400,453.0131299584373,0.0,0.9375,0.921875
3204500,453.157461395881,0.0,1,0.953125
3204600,453.35183369294555,0.0,0.875,0.953125
3204700,453.514972850106,0.0,0.8125,0.921875
3204800,453.6873164340059,0.0,0.875,0.96875
3204900,453.8139420964096,0.0,0.9375,0.953125
3205000,453.8930234843593,0.0,0.9375,0.96875
3205100,454.036234527032,0.0,0.9375,0.875
3205200,454.18411793562683,0.0,0.9375,0.90625
3205300,454.2781243473231,0.0,1,0.9375
3205400,454.38200142078233,0.0,1,0.96875
3205500,454.50552648277665,0.0,0.9375,0.9375
3205600,454.54281258611996,0.0,0.9375,1
3205700,454.6653360953124,0.0,0.9375,0.9375
3205800,454.73139437263274,0.0,0.875,0.96875
3205900,454.81308131031244,0.0,1,0.96875
3206000,454.8729613209587,0.0,0.9375,0.953125
3206100,454.92604701840213,0.0,0.9375,0.90625
3206200,454.99165045676375,0.0,1,0.921875
3206300,455.0878746842506,0.0,0.9375,0.90625
3206400,455.13068750615435,0.0,0.9375,0.96875
3206500,455.1876965840381,0.0,1,0.9375
3206600,455.2774483919805,0.0,0.9375,0.96875
3206700,455.3487201502577,0.0,1,0.921875
3206800,455.39064652376175,0.0,1,0.921875
3206900,455.4241324933699,0.0,0.875,0.953125
3207000,455.4715781293935,0.0,1,0.90625
3207100,455.51685275336786,0.0,0.875,0.953125
3207200,455.53823281171765,0.0,0.9375,0.9375
3207300,455.59249279683144,0.0,0.9375,0.921875
3207400,455.62881060334246,0.0,0.9375,0.96875
3207500,455.6753078466486,0.0,0.875,0.9375
3207600,455.6977101964223,0.0,0.8125,0.90625
3207700,455.7212904010082,0.0,0.875,0.921875
3207800,455.75194614950226,0.0,0.9375,0.890625
3207900,455.7781308068631,0.0,1,0.96875
3208000,455.8012405524553,0.0,0.9375,0.90625
3208100,455.80639581254013,0.0,0.875,0.96875
3208200,455.8194354983548,0.0,1,0.921875
3208300,455.83189879179463,0.0,1,0.984375
3208400,455.8438718439008,0.0,0.9375,0.984375
3208500,455.87574564189543,0.0,0.875,0.953125
3208600,455.88390597788987,0.0,1,0.96875
3208700,455.89427069260324,0.0,0.875,0.953125
3208800,455.91739779134156,0.0,0.9375,0.953125
3208900,455.9267022894118,0.0,0.9375,0.953125
3209000,455.959558273185,0.0,0.9375,0.9375
3209100,455.97607620522007,0.0,0.875,1
3209200,456.0017317850668,0.0,1,0.953125
3209300,456.0248940853227,0.0,0.9375,0.953125
3209400,456.0687273935024,0.0,0.875,0.984375
3209500,456.0892452024234,0.0,0.875,0.953125
3209600,456.108248138711,0.0,1,0.953125
3209700,456.120159722108,0.0,0.9375,0.90625
3209800,456.1314241275205,0.0,0.8125,0.890625
3209900,456.1374852233936,0.0,0.9375,0.9375
3210000,456.143049744266,0.0,1,0.9375
3210100,456.144986029545,0.0,0.9375,0.90625
3210200,456.146180848735,0.0,1,0.953125
3210300,456.14790003332683,0.0,0.9375,0.84375
3210400,456.1502418143623,0.0,0.9375,0.9375
3210500,456.1506755689799,0.0,0.9375,0.921875
3210600,456.1517313526733,0.0,1,0.953125
3210700,456.1538686871346,0.0,1,0.984375
3210800,456.1546351792629,0.0,1,0.953125
3210900,456.15749725820075,0.0,0.9375,0.9375
3211000,456.1585775302415,0.0,0.9375,0.96875
3211100,456.1594536628229,0.0,0.9375,0.90625
3211200,456.16034643874855,0.0,0.9375,0.90625
3211300,456.16149555011754,0.0,0.9375,0.921875
3211400,456.16387902439425,0.0,0.8125,0.953125
3211500,456.16548768541173,0.0,0.9375,0.921875
3211600,456.16683938522914,0.0,0.8125,0.859375
3211700,456.1695686648025,0.0,1,0.921875
3211800,456.17158753381005,0.0,0.9375,0.859375
3211900,456.1721278546805,0.0,0.9375,0.984375
3212000,456.17441969233715,0.0,0.9375,0.90625
3212100,456.1765436886026,0.0,0.9375,0.96875
3212200,456.179513193461,0.0,0.875,0.953125
3212300,456.1820438364775,0.0,0.875,0.890625
3212400,456.1849145247383,0.0,0.9375,0.9375
3212500,456.18694864259345,0.0,0.875,0.90625
3212600,456.18897278783385,0.0,0.875,0.9375
3212700,456.1897953444524,0.0,1,0.953125
3212800,456.19046070219116,0.0,0.9375,0.90625
3212900,456.192016728309,0.0,0.875,0.984375
3213000,456.19481435739993,0.0,1,0.9375
3213100,456.197596895371,0.0,0.9375,0.953125
3213200,456.201038337748,0.0,1,0.921875
3213300,456.20267616925497,0.0,1,0.9375
3213400,456.2039818327042,0.0,1,0.90625
3213500,456.20792431225044,0.0,1,0.96875
3213600,456.20831560511914,0.0,1,0.921875
3213700,456.209959837324,0.0,0.9375,0.9375
3213800,456.2109942452198,0.0,0.875,0.984375
3213900,456.21231460510535,0.0,0.875,0.921875
3214000,456.21281975105285,0.0,0.9375,0.984375
3214100,456.2143715559,0.0,0.9375,0.9375
3214200,456.2154014175057,0.0,0.9375,0.90625
3214300,456.2159907935984,0.0,0.9375,0.96875
3214400,456.2190736309742,0.0,0.875,0.96875
3214500,456.2223066619414,0.0,0.8125,0.953125
3214600,456.2233323286094,0.0,0.875,0.921875
3214700,456.22575810519686,0.0,0.875,0.96875
3214800,456.2266338212008,0.0,1,0.921875
3214900,456.2283356700487,0.0,0.9375,0.953125
3215000,456.23132000803656,0.0,0.9375,0.953125
3215100,456.23277128347274,0.0,0.9375,0.9375
3215200,456.2346056237947,0.0,0.875,0.953125
3215300,456.2369066341115,0.0,0.9375,0.90625
3215400,456.238479448372,0.0,0.75,0.921875
3215500,456.2391235276737,0.0,0.9375,0.984375
3215600,456.24029071388156,0.0,1,0.875
3215700,456.24203273715597,0.0,0.8125,0.921875
3215800,456.24328538298727,0.0,1,0.90625
3215900,456.2449054290173,0.0,0.9375,0.890625
3216000,456.2463576741233,0.0,1,0.9375
3216100,456.24713121717207,0.0,0.875,0.875
3216200,456.24789616499436,0.0,0.9375,0.96875
3216300,456.24848410449624,0.0,0.9375,0.9375
3216400,456.2503160747903,0.0,0.875,0.9375
3216500,456.25174746124753,0.0,0.9375,0.9375
3216600,456.2526009514179,0.0,1,0.953125
3216700,456.25334878021414,0.0,0.9375,0.96875
3216800,456.25361979033823,0.0,0.875,0.96875
3216900,456.25662184443746,0.0,0.8125,0.953125
3217000,456.258712100839,0.0,1,0.90625
3217100,456.26076603046346,0.0,0.9375,0.96875
3217200,456.2636521006984,0.0,0.8125,0.953125
3217300,456.265980409938,0.0,0.9375,0.921875
3217400,456.2681490381193,0.0,1,0.921875
3217500,456.2694363729283,0.0,0.875,0.890625
3217600,456.2713891780709,0.0,0.875,0.921875
3217700,456.27206001020227,0.0,1,0.890625
3217800,456.2732192870536,0.0,0.9375,0.953125
3217900,456.27463007122105,0.0,0.875,0.96875
3218000,456.27819063452205,0.0,0.9375,0.96875
3218100,456.28147173386105,0.0,0.875,0.890625
3218200,456.2818259587794,0.0,0.9375,0.96875
3218300,456.28610334094293,0.0,0.9375,0.890625
3218400,456.28801164917434,0.0,1,0.953125
3218500,456.2903721782302,0.0,0.9375,0.953125
3218600,456.2916432762208,0.0,0.875,0.96875
3218700,456.29270020051337,0.0,0.9375,0.90625
3218800,456.29459750473893,0.0,1,0.921875
3218900,456.2956634881355,0.0,1,0.890625
3219000,456.2991902071476,0.0,0.9375,0.921875
3219100,456.29960755488145,0.0,0.9375,0.953125
3219200,456.30125587093164,0.0,0.9375,0.9375
3219300,456.3029360641758,0.0,0.9375,0.984375
3219400,456.3041379595481,0.0,1,0.9375
3219500,456.3062216839369,0.0,0.9375,0.96875
3219600,456.3087736343399,0.0,1,0.890625
3219700,456.3104702241814,0.0,1,0.9375
3219800,456.3138332353041,0.0,0.9375,0.890625
3219900,456.3146907123311,0.0,0.875,0.9375
3220000,456.3159743958732,0.0,0.875,0.953125
3220100,456.3172613799359,0.0,0.9375,0.828125
3220200,456.3191969951292,0.0,0.9375,0.953125
3220300,456.3202614990211,0.0,0.875,0.90625
3220400,456.3206706802289,0.0,0.875,0.953125
3220500,456.32108073466173,0.0,0.8125,0.875
3220600,456.32167982685155,0.0,0.875,0.96875
3220700,456.323031932417,0.0,1,0.921875
3220800,456.32592817930725,0.0,1,0.96875
3220900,456.32729373284775,0.0,0.875,0.890625
3221000,456.3390057376886,0.0,0.9375,0.953125
3221100,456.3405724294979,0.0,1,0.9375
3221200,456.34158296316184,0.0,1,0.953125
3221300,456.342285714237,0.0,0.9375,0.90625
3221400,456.34316880001404,0.0,0.9375,0.953125
3221500,456.34467756170284,0.0,0.8125,0.921875
3221600,456.34621606204837,0.0,0.8125,0.953125
3221700,456.34706498051526,0.0,0.875,0.890625
3221800,456.3474136814445,0.0,0.9375,0.890625
3221900,456.34870778451784,0.0,0.9375,0.96875
3222000,456.35011029382747,0.0,0.9375,0.984375
3222100,456.3512061557718,0.0,1,0.9375
3222200,456.35320634709984,0.0,0.8125,0.890625
3222300,456.35395362224557,0.0,0.9375,0.921875
3222400,456.354682187236,0.0,1,0.921875
3222500,456.3557541228152,0.0,0.9375,0.9375
3222600,456.35660865419504,0.0,0.8125,0.9375
3222700,456.3580303744212,0.0,0.8125,0.984375
3222800,456.3603201028718,0.0,0.9375,0.96875
3222900,456.3612411689217,0.0,0.875,0.953125
3223000,456.36231508135796,0.0,0.9375,0.953125
3223100,456.37086944723785,0.0,0.9375,0.953125
3223200,456.37115062933736,0.0,0.9375,0.890625
3223300,456.3720475410576,0.0,0.875,0.90625
3223400,456.37282956210214,0.0,0.9375,0.9375
3223500,456.37333348645416,0.0,0.9375,0.9375
3223600,456.3750906809495,0.0,0.9375,0.96875
3223700,456.37588871787335,0.0,0.9375,0.90625
3223800,456.38048534188556,0.0,0.875,0.984375
3223900,456.38620270046374,0.0,0.9375,0.984375
3224000,456.38701660338035,0.0,0.9375,0.9375
3224100,456.3886169871344,0.0,0.9375,0.953125
3224200,456.3893867304477,0.0,0.9375,0.953125
3224300,456.3898466651369,0.0,0.875,0.90625
3224400,456.3910306057743,0.0,0.875,0.921875
3224500,456.39171189729774,0.0,0.9375,0.953125
3224600,456.3925698876037,0.0,1,0.96875
3224700,456.39291604758364,0.0,0.9375,0.984375
3224800,456.3942095571146,0.0,0.9375,0.90625
3224900,456.3960875396899,0.0,0.875,0.84375
3225000,238.0220887121896,0.0,1,0.953125
3225100,238.15424584416303,0.0,0.9375,0.921875
3225200,238.24869332308356,0.0,0.9375,0.921875
3225300,238.34554282270335,0.0,0.75,0.96875
3225400,238.46589911083183,0.0,1,0.96875
3225500,238.5352190195042,0.0,0.9375,0.9375
3225600,238.60949175680878,0.0,0.8125,0.90625
3225700,238.80896854001998,0.0,0.875,0.921875
3225800,238.95526276680408,0.0,0.875,0.921875
3225900,239.06295357018095,0.0,0.8125,0.953125
3226000,239.22313021849774,0.0,1,0.984375
3226100,239.4484964704155,0.0,1,0.921875
3226200,239.803774470135,0.0,1,0.96875
3226300,239.96161167450697,0.0,0.875,0.96875
3226400,240.35960971073686,0.0,0.9375,0.953125
3226500,240.5537348187292,0.0,0.9375,0.96875
3226600,241.18057498392085,0.0,0.9375,0.953125
3226700,242.17781458676558,0.0,1,0.9375
3226800,244.3072341641001,0.0,0.875,0.9375
3226900,317.4868139930711,0.0,0.9375,0.96875
3227000,330.68052155842565,0.0,0.9375,0.921875
3227100,338.2507895078373,0.0,0.875,0.921875
3227200,339.1631466775953,0.0,0.9375,0.96875
3227300,340.7774477004108,0.0,0.875,0.9375
3227400,341.02540195081286,0.0,0.875,0.90625
3227500,341.80545268940256,0.0,0.875,0.984375
3227600,342.4702841014592,0.0,0.9375,0.953125
3227700,342.6760871989519,0.0,0.9375,0.921875
3227800,343.033327226522,0.0,0.9375,0.9375
3227900,343.4317244435677,0.0,0.9375,0.9375
3228000,343.56146897315614,0.0,1,0.96875
3228100,343.8500985643138,0.0,0.8125,0.9375
3228200,343.9942677640746,0.0,0.875,0.96875
3228300,344.34028106450774,0.0,0.8125,0.90625
3228400,344.50317696532795,0.0,0.9375,0.921875
3228500,344.7648880602726,0.0,0.9375,0.96875
3228600,344.9564957879844,0.0,0.875,0.921875
3228700,345.2293259595824,0.0,0.875,0.90625
3228800,345.4039479849079,0.0,1,0.9375
3228900,345.55214613176724,0.0,0.875,0.890625
3229000,345.78948071470313,0.0,1,1
3229100,345.9481908154258,0.0,0.9375,0.953125
3229200,346.1256349528161,0.0,0.875,0.90625
3229300,346.3484059616521,0.0,0.875,0.953125
3229400,346.55462681331744,0.0,0.875,0.9375
3229500,346.7112185018105,0.0,0.9375,0.859375
3229600,346.84865032072435,0.0,0.875,0.9375
3229700,346.9937430610819,0.0,0.9375,0.953125
3229800,347.11062105783554,0.0,1,0.984375
3229900,347.31720832519204,0.0,1,0.9375
3230000,347.42263763681194,0.0,1,0.90625
3230100,347.6188737061348,0.0,1,0.90625
3230200,347.71517712680685,0.0,0.875,0.953125
3230300,347.9324002550465,0.0,1,0.890625
3230400,348.0788411238707,0.0,1,0.921875
3230500,348.2553102178751,0.0,0.9375,0.90625
3230600,348.41480836283887,0.0,1,0.9375
3230700,348.6058403161243,0.0,0.9375,0.90625
3230800,348.74068666540506,0.0,0.9375,0.875
3230900,349.049413240759,0.0,0.9375,0.890625
3231000,349.22053859999625,0.0,0.9375,0.90625
3231100,349.8972595196659,0.0,1,0.921875
3231200,350.122797402985,0.0,0.875,0.859375
3231300,350.4337268727592,0.0,0.9375,0.96875
3231400,351.006493539634,0.0,0.9375,0.921875
3231500,351.65205134106134,0.0,0.875,0.96875
3231600,353.47514098275775,0.0,0.875,0.953125
3231700,356.4549153994352,0.0,1,0.953125
3231800,372.73226296607623,0.0,0.9375,0.953125
3231900,448.3907732512826,0.0,0.9375,0.96875
3232000,449.79238067315674,0.0,0.9375,0.90625
3232100,450.6974126959664,0.0,0.9375,0.9375
3232200,451.69273950799857,0.0,0.9375,0.96875
3232300,452.0242522121533,0.0,0.9375,0.96875
3232400,452.5110553895697,0.0,0.9375,0.921875
3232500,452.7125624641205,0.0,1,0.953125
3232600,452.92911184897906,0.0,0.875,0.9375
3232700,453.0446605428627,0.0,0.9375,0.921875
3232800,453.30519689968264,0.0,1,0.9375
3232900,453.6027326282728,0.0,0.875,0.9375
3233000,453.9080872298734,0.0,1,0.921875
3233100,454.0581991904968,0.0,0.8125,0.953125
3233200,454.1976903699501,0.0,0.9375,0.921875
3233300,454.3575859793661,0.0,0.9375,0.90625
3233400,454.5073266976803,0.0,0.9375,0.90625
3233500,454.599783555094,0.0,1,0.953125
3233600,454.7135469464751,0.0,0.9375,0.90625
3233700,454.8447876632058,0.0,0.875,0.9375
3233800,454.9220545664765,0.0,0.875,0.9375
3233900,455.1232632203073,0.0,0.8125,0.890625
3234000,455.1751758651547,0.0,0.9375,0.9375
3234100,455.2426034934888,0.0,1,0.90625
3234200,455.3281497276695,0.0,0.9375,0.953125
3234300,455.4124640562221,0.0,1,0.953125
3234400,455.4651240986803,0.0,0.9375,0.875
3234500,455.47513575315753,0.0,1,0.953125
3234600,455.55169307657223,0.0,0.875,0.859375
3234700,455.60873197784343,0.0,0.9375,0.875
3234800,455.69910418114966,0.0,1,0.9375
3234900,455.7420823025953,0.0,0.9375,0.953125
3235000,455.8034318501586,0.0,1,0.9375
3235100,455.8392122469043,0.0,0.9375,0.953125
3235200,455.85973786726,0.0,0.9375,0.921875
3235300,455.883352522543,0.0,0.9375,0.96875
3235400,455.90159633413987,0.0,0.9375,0.953125
3235500,455.92260906211493,0.0,0.9375,0.96875
3235600,455.97531634067576,0.0,0.9375,0.96875
3235700,456.03331923890056,0.0,1,0.9375
3235800,456.04133085862867,0.0,1,0.984375
3235900,456.0618043933545,0.0,1,0.953125
3236000,456.0946806863219,0.0,0.9375,0.921875
3236100,456.12421018953137,0.0,0.875,0.890625
3236200,456.1337697803723,0.0,0.9375,0.953125
3236300,456.188106827274,0.0,1,0.96875
3236400,456.20881524464795,0.0,0.9375,0.984375
3236500,456.22620915518297,0.0,0.9375,0.953125
3236600,456.22671757962485,0.0,0.9375,0.96875
3236700,456.2578639751534,0.0,1,0.921875
3236800,456.25998547877293,0.0,0.9375,0.9375
3236900,456.2729670389172,0.0,0.9375,0.953125
3237000,456.2832550640882,0.0,0.875,0.890625
3237100,456.2837935088833,0.0,0.9375,0.9375
3237200,456.28457472557835,0.0,0.9375,0.9375
3237300,456.2859977620728,0.0,0.9375,0.90625
3237400,456.28616444628705,0.0,0.9375,0.921875
3237500,456.2997741752542,0.0,0.9375,0.984375
3237600,456.3239863452171,0.0,1,0.9375
3237700,456.3440044273187,0.0,0.9375,0.96875
3237800,456.3456287253959,0.0,0.875,0.921875
3237900,456.34649000266813,0.0,1,0.953125
3238000,456.347427397425,0.0,0.9375,0.921875
3238100,456.3482444065467,0.0,0.875,0.96875
3238200,456.35036903371065,0.0,1,0.96875
3238300,456.3643461099157,0.0,1,0.9375
3238400,456.3800517820313,0.0,0.9375,0.890625
3238500,456.38166758740033,0.0,1,0.921875
3238600,456.3911975673739,0.0,0.9375,0.953125
3238700,456.39627422581754,0.0,1,0.984375
3238800,456.39719329118,0.0,0.875,0.921875
3238900,456.39896660988916,0.0,0.875,0.921875
3239000,456.4118728609341,0.0,0.875,0.90625
3239100,456.41268645651604,0.0,0.875,0.921875
3239200,456.41414794814995,0.0,0.875,0.96875
3239300,456.41527052312705,0.0,0.9375,0.9375
3239400,456.41605213614287,0.0,0.9375,0.921875
3239500,456.41657044586805,0.0,0.9375,0.953125
3239600,456.4184483573082,0.0,0.875,0.953125
3239700,456.4188126086175,0.0,1,0.921875
3239800,456.4194582223927,0.0,0.9375,0.90625
3239900,456.4199572339704,0.0,0.9375,0.890625
3240000,456.4210612665803,0.0,0.9375,0.90625
3240100,456.4217156474638,0.0,1,1
3240200,456.422654738489,0.0,0.875,0.9375
3240300,456.4244634223427,0.0,1,0.953125
3240400,456.42597823802737,0.0,0.8125,0.9375
3240500,456.42626161720455,0.0,0.9375,0.859375
3240600,456.42711954281145,0.0,0.875,0.984375
3240700,456.4280998468472,0.0,0.875,0.921875
3240800,456.42869873032987,0.0,0.9375,0.90625
3240900,456.4300877010867,0.0,0.9375,0.890625
3241000,456.43115592724473,0.0,1,0.890625
3241100,456.4327998923527,0.0,1,0.953125
3241200,456.43310239738815,0.0,0.9375,1
3241300,456.4341903724903,0.0,0.9375,0.890625
3241400,456.43564542957085,0.0,1,0.9375
3241500,456.436382962494,0.0,1,0.953125
3241600,456.43700170956936,0.0,0.875,0.96875
3241700,456.4382359160413,0.0,0.875,0.9375
3241800,456.43875865871547,0.0,1,0.984375
3241900,456.4395896095371,0.0,1,0.96875
3242000,456.4411587292968,0.0,1,0.9375
3242100,456.44476420944943,0.0,0.9375,0.953125
3242200,456.44550945307356,0.0,0.8125,0.921875
3242300,456.44798004297974,0.0,1,0.921875
3242400,456.4519130234719,0.0,0.875,0.921875
3242500,456.4524086999138,0.0,0.9375,1
3242600,456.4535419200984,0.0,0.875,0.953125
3242700,456.4545064112758,0.0,0.75,0.90625
3242800,456.4550691662203,0.0,1,0.9375
3242900,456.4557511965706,0.0,0.9375,0.921875
3243000,456.4566013642816,0.0,0.875,0.921875
3243100,456.4573309364863,0.0,0.9375,0.984375
3243200,456.4584319145624,0.0,1,0.9375
3243300,456.45924622121055,0.0,0.9375,0.953125
3243400,456.45994087621835,0.0,0.9375,0.9375
3243500,456.4609979870455,0.0,0.9375,0.921875
3243600,456.4620665465272,0.0,1,0.921875
3243700,456.4631966926147,0.0,1,0.96875
3243800,456.46422399939775,0.0,1,0.953125
3243900,456.4650368148036,0.0,0.875,0.96875
3244000,456.46588703288734,0.0,1,0.9375
3244100,456.46623898605316,0.0,0.875,0.921875
3244200,456.4667519864798,0.0,0.9375,0.953125
3244300,456.46713869491657,0.0,1,0.90625
3244400,456.46779405918136,0.0,0.9375,0.921875
3244500,456.46822220388145,0.0,0.8125,0.953125
3244600,456.4690698839098,0.0,0.875,0.84375
3244700,456.4696069874747,0.0,1,0.828125
3244800,456.47064273929595,0.0,1,0.953125
3244900,456.47150473849666,0.0,1,0.9375
3245000,456.4720205769693,0.0,1,0.953125
3245100,456.4730422197954,0.0,1,0.953125
3245200,456.47444157292034,0.0,0.875,0.921875
3245300,456.4753119640679,0.0,0.875,0.9375
3245400,456.47614339958153,0.0,0.9375,0.921875
3245500,456.4769813857401,0.0,1,1
3245600,456.4780277219842,0.0,1,0.90625
3245700,456.4790827672622,0.0,0.9375,0.921875
3245800,456.47980984050207,0.0,1,0.96875
3245900,456.48011908152966,0.0,0.875,0.9375
3246000,456.4815608872897,0.0,0.875,0.9375
3246100,456.4822685390091,0.0,0.8125,0.890625
3246200,456.48299181889763,0.0,1,0.921875
3246300,456.48335727512904,0.0,1,0.890625
3246400,456.48467617757956,0.0,1,0.890625
3246500,456.48672394911887,0.0,0.9375,0.9375
3246600,456.49055361763334,0.0,0.875,0.953125
3246700,456.4917002377844,0.0,1,0.953125
3246800,456.49422847796257,0.0,0.875,0.953125
3246900,456.49588838896483,0.0,1,0.9375
3247000,456.49686546453665,0.0,1,1
3247100,456.49725354915626,0.0,0.9375,0.984375
3247200,456.4989870906956,0.0,0.875,0.96875
3247300,456.50070533320485,0.0,0.875,0.890625
3247400,456.5017841228329,0.0,1,0.9375
3247500,456.5021874489066,0.0,1,0.921875
3247600,456.50288213014255,0.0,0.875,0.9375
3247700,456.50386520755603,0.0,1,0.953125
3247800,456.5045616091445,0.0,0.9375,0.875
3247900,456.5056242967169,0.0,0.8125,0.9375
3248000,456.50605017987726,0.0,0.875,0.96875
3248100,456.50818574571747,0.0,1,0.953125
3248200,456.5095434471379,0.0,0.9375,0.96875
3248300,456.5100251978541,0.0,0.875,0.921875
3248400,456.51193263844704,0.0,0.9375,0.984375
3248500,456.512755303382,0.0,0.9375,0.921875
3248600,456.51452886517063,0.0,0.9375,0.921875
3248700,456.51599593521877,0.0,0.9375,0.921875
3248800,456.5166009541055,0.0,1,0.90625
3248900,456.5172617285035,0.0,1,0.90625
3249000,456.51772244974217,0.0,0.9375,0.90625
3249100,456.5183945248724,0.0,1,0.9375
3249200,456.518564779111,0.0,0.9375,0.953125
3249300,456.5193770974635,0.0,0.9375,0.921875
3249400,456.5204759615455,0.0,1,0.96875
3249500,456.52150858440115,0.0,0.9375,0.921875
3249600,456.5221143299943,0.0,0.9375,0.9375
3249700,456.52310390590134,0.0,0.9375,0.9375
3249800,456.5234570608634,0.0,0.9375,0.890625
3249900,456.5242205246496,0.0,1,0.9375
3250000,237.7205143971751,0.0,0.8125,0.953125
3250100,237.77423550035687,0.0,0.875,0.90625
3250200,237.8251908532638,0.0,0.9375,0.953125
3250300,237.93083260528311,0.0,0.9375,0.9375
3250400,238.00176993300832,0.0,0.875,0.984375
3250500,238.08662865631118,0.0,0.9375,0.96875
3250600,238.21368957682313,0.0,0.9375,0.921875
3250700,238.3518858353596,0.0,0.9375,0.9375
3250800,238.45128038894615,0.0,0.9375,0.96875
3250900,238.5996541762784,0.0,0.875,0.921875
3251000,238.6536903137582,0.0,0.875,0.921875
3251100,238.86959103752784,0.0,1,0.875
3251200,238.98513707212328,0.0,1,0.9375
3251300,239.12154755534763,0.0,1,0.96875
3251400,239.22611613196054,0.0,0.9375,0.96875
3251500,239.34975051931897,0.0,0.9375,0.953125
3251600,239.5267280171528,0.0,0.9375,0.90625
3251700,239.67123105848577,0.0,0.875,0.9375
3251800,239.81923890327062,0.0,1,0.921875
3251900,239.94707303628851,0.0,0.8125,0.984375
3252000,240.0783989136224,0.0,1,0.9375
3252100,240.38164247681175,0.0,0.9375,0.890625
3252200,240.57260317361585,0.0,0.9375,0.96875
3252300,240.79391321630766,0.0,0.8125,0.90625
3252400,241.27920014789524,0.0,0.875,0.90625
3252500,241.4079068406964,0.0,1,0.96875
3252600,241.74670700097536,0.0,1,0.984375
3252700,242.10069096348414,0.0,1,0.9375
3252800,242.34565186014405,0.0,1,0.921875
3252900,242.6788635099087,0.0,1,0.90625
3253000,243.33531311454942,0.0,0.875,0.953125
3253100,244.08965288269556,0.0,0.9375,0.921875
3253200,245.13966270447847,0.0,0.875,0.9375
3253300,246.36126211392633,0.0,1,0.921875
3253400,249.16255253030536,0.0,0.9375,0.9375
3253500,252.86781973022113,0.0,0.8125,0.9375
3253600,256.46286267025863,0.0,0.9375,0.96875
3253700,333.0959239945812,0.0,1,0.921875
3253800,343.54833071685823,0.0,0.9375,0.9375
3253900,348.5033399295891,0.0,0.9375,0.890625
3254000,434.523198290549,0.0,1,0.890625
3254100,445.1561651698355,0.0,0.875,0.90625
3254200,447.25594155106285,0.0,0.9375,0.9375
3254300,447.8564026547754,0.0,1,0.921875
3254400,448.3215819461625,0.0,1,0.890625
3254500,449.474130332531,0.0,0.9375,0.984375
3254600,450.21908717686716,0.0,1,0.96875
3254700,450.7816915816482,0.0,1,0.984375
3254800,451.21993501667384,0.0,1,0.9375
3254900,451.6542471111037,0.0,0.875,0.9375
3255000,451.88232840129467,0.0,0.8125,0.90625
3255100,452.06708905468724,0.0,0.9375,0.953125
3255200,452.35804815413957,0.0,0.9375,0.96875
3255300,452.8803937635702,0.0,0.9375,0.96875
3255400,453.0697215255403,0.0,1,0.921875
3255500,453.25116799848126,0.0,0.875,0.96875
3255600,453.3830374917577,0.0,0.9375,0.96875
3255700,453.58378864258367,0.0,0.8125,0.890625
3255800,453.76145794453436,0.0,0.8125,0.921875
3255900,453.9604005416651,0.0,1,0.9375
3256000,454.03527386545517,0.0,0.9375,0.984375
3256100,454.16892831633265,0.0,0.9375,0.953125
3256200,454.3519824314278,0.0,0.875,0.890625
3256300,454.54166236915967,0.0,0.875,0.921875
3256400,454.7409085984871,0.0,0.9375,0.875
3256500,454.81016283575343,0.0,0.875,0.984375
3256600,454.8888443091898,0.0,0.9375,0.96875
3256700,455.02513844996577,0.0,0.9375,0.9375
3256800,455.1266350708654,0.0,0.875,0.953125
3256900,455.154685674551,0.0,0.9375,0.96875
3257000,455.2300459069803,0.0,0.875,0.9375
3257100,455.300707269527,0.0,0.875,0.90625
3257200,455.37530874626316,0.0,0.875,0.953125
3257300,455.42825373330646,0.0,0.875,0.921875
3257400,455.51524408677926,0.0,1,0.921875
3257500,455.5809203882633,0.0,1,0.90625
3257600,455.64109940982354,0.0,1,0.9375
3257700,455.6876197433616,0.0,0.9375,0.90625
3257800,455.7242873186259,0.0,1,0.9375
3257900,455.80084964525093,0.0,0.9375,0.953125
3258000,455.8315884856422,0.0,1,0.9375
3258100,455.8998384837,0.0,0.875,0.953125
3258200,455.9315595394642,0.0,0.9375,0.890625
3258300,455.96280251294786,0.0,0.8125,0.9375
3258400,456.00063056516615,0.0,0.9375,0.96875
3258500,456.0747123150579,0.0,0.9375,0.96875
3258600,456.1006815924129,0.0,0.875,0.921875
3258700,456.11627284783145,0.0,0.9375,0.921875
3258800,456.1636521190342,0.0,0.8125,0.875
3258900,456.2355650567799,0.0,0.875,0.890625
3259000,456.24907727867367,0.0,0.9375,0.953125
3259100,456.2927356932213,0.0,0.875,0.9375
3259200,456.31235261262833,0.0,0.875,0.9375
3259300,456.35167839555544,0.0,0.9375,0.96875
3259400,456.38134512983,0.0,0.875,0.9375
3259500,456.3931077895095,0.0,0.875,0.890625
3259600,456.4006180742919,0.0,1,0.890625
3259700,456.40667857916685,0.0,0.9375,0.90625
3259800,456.42978855520965,0.0,1,0.96875
3259900,456.4465298341798,0.0,0.9375,0.96875
3260000,456.46804291002996,0.0,0.9375,0.921875
3260100,456.49118208373443,0.0,1,0.921875
3260200,456.50908156611115,0.0,0.8125,0.921875
3260300,456.5276063176451,0.0,0.875,0.9375
3260400,456.5437962584027,0.0,1,1
3260500,456.5756146522744,0.0,0.875,0.90625
3260600,456.5904631337655,0.0,1,0.953125
3260700,456.59863289162917,0.0,0.9375,0.953125
3260800,456.6004954902712,0.0,1,0.953125
3260900,456.61288512187787,0.0,0.875,0.953125
3261000,456.6135320826719,0.0,0.9375,0.921875
3261100,456.6294713863513,0.0,0.9375,0.96875
3261200,456.63402890108136,0.0,0.9375,0.953125
3261300,456.6482916334089,0.0,0.875,0.9375
3261400,456.6563241471298,0.0,0.875,0.96875
3261500,456.65683923846416,0.0,0.875,0.953125
3261600,456.6574596702685,0.0,1,0.9375
3261700,456.6706342304138,0.0,1,0.953125
3261800,456.67584114376825,0.0,1,0.953125
3261900,456.677070424789,0.0,0.75,0.9375
3262000,456.6772741906422,0.0,0.9375,0.96875
3262100,456.6781411800406,0.0,0.75,0.953125
3262200,456.6789634651702,0.0,0.875,0.953125
3262300,456.679715349363,0.0,0.875,0.96875
3262400,456.6800533844777,0.0,1,0.953125
3262500,456.680625788606,0.0,0.875,0.9375
3262600,456.68727650030206,0.0,0.75,0.890625
3262700,456.68773146103024,0.0,0.9375,0.9375
3262800,456.6881380955255,0.0,0.9375,0.953125
3262900,456.6885646848673,0.0,0.9375,0.921875
3263000,456.69885245479634,0.0,0.9375,0.953125
3263100,456.7011767336019,0.0,0.875,0.9375
3263200,456.70154053652334,0.0,1,0.921875
3263300,456.7016273337608,0.0,0.875,0.921875
3263400,456.70243111212505,0.0,0.9375,0.90625
3263500,456.70263808465756,0.0,0.9375,0.984375
3263600,456.7030394977464,0.0,0.9375,0.921875
3263700,456.7036389616452,0.0,0.8125,0.890625
3263800,456.70373530957744,0.0,0.9375,0.984375
3263900,456.7042563781255,0.0,0.8125,0.9375
3264000,456.7051252403206,0.0,0.75,0.953125
3264100,456.7056836565817,0.0,0.875,0.875
3264200,456.70619068291137,0.0,0.9375,0.984375
3264300,456.7065866470296,0.0,0.875,1
3264400,456.70705752894935,0.0,0.875,0.953125
3264500,456.70714356294997,0.0,0.9375,0.921875
3264600,456.7078446815876,0.0,0.875,0.859375
3264700,456.708350899444,0.0,0.8125,0.921875
3264800,456.70879578784724,0.0,0.875,0.96875
3264900,456.7094827064924,0.0,0.9375,0.96875
3265000,456.70967842686434,0.0,1,0.90625
3265100,456.7099736966476,0.0,0.875,0.953125
3265200,456.71040624636544,0.0,0.875,0.9375
3265300,456.7110230471342,0.0,1,0.890625
3265400,456.71156316694623,0.0,1,0.90625
3265500,456.7119210195887,0.0,0.9375,0.9375
3265600,456.71220999628696,0.0,0.9375,0.96875
3265700,456.71277278345764,0.0,0.9375,0.9375
3265800,456.71336414891596,0.0,0.875,0.890625
3265900,456.71383125955356,0.0,0.9375,0.953125
3266000,456.71408054794347,0.0,0.9375,0.953125
3266100,456.7141929009005,0.0,0.9375,0.953125
3266200,456.71464830151825,0.0,1,0.9375
3266300,456.7154929361603,0.0,0.9375,0.9375
3266400,456.71570346408623,0.0,0.9375,0.984375
3266500,456.716453051174,0.0,0.9375,0.96875
3266600,456.71711368501275,0.0,1,0.984375
3266700,456.7175741271211,0.0,0.9375,0.953125
3266800,456.71799868798996,0.0,0.875,0.9375
3266900,456.7182741665162,0.0,1,0.90625
3267000,456.71885127565037,0.0,0.8125,0.9375
3267100,456.7193046774505,0.0,1,0.96875
3267200,456.72028937270113,0.0,0.8125,0.921875
3267300,456.7209582500513,0.0,0.875,0.953125
3267400,456.721672356325,0.0,1,0.9375
3267500,456.7220954925158,0.0,0.9375,0.90625
3267600,456.72236035623666,0.0,0.9375,0.9375
3267700,456.72264436935455,0.0,0.9375,0.921875
3267800,456.72276097929824,0.0,1,0.890625
3267900,456.72301783851645,0.0,0.875,0.90625
3268000,456.7239023928448,0.0,0.9375,0.890625
3268100,456.72436998327333,0.0,0.9375,0.90625
3268200,456.7249540497781,0.0,0.8125,0.875
3268300,456.72554247250855,0.0,0.9375,0.9375
3268400,456.7257987955938,0.0,1,0.96875
3268500,456.72638120430673,0.0,0.875,0.9375
3268600,456.7266738337788,0.0,0.8125,0.984375
3268700,456.7272910244471,0.0,0.9375,0.953125
3268800,456.7278624310974,0.0,0.9375,0.90625
3268900,456.7283496465543,0.0,1,0.9375
3269000,456.7292237241334,0.0,1,0.9375
3269100,456.73000726823585,0.0,1,0.90625
3269200,456.73036971905003,0.0,0.875,0.890625
3269300,456.7309099444408,0.0,0.875,0.9375
3269400,456.7314558551161,0.0,1,0.953125
3269500,456.73195133583494,0.0,0.9375,0.921875
3269600,456.7324512315763,0.0,0.875,0.90625
3269700,456.7326866086683,0.0,0.9375,0.984375
3269800,456.73296941604167,0.0,0.875,0.96875
3269900,456.7332842489868,0.0,0.875,0.90625
3270000,456.7337457236338,0.0,1,0.96875
3270100,456.73403782322424,0.0,0.875,0.9375
3270200,456.7343136928724,0.0,0.9375,0.953125
3270300,456.734758399116,0.0,0.9375,0.953125
3270400,456.73505939298803,0.0,0.9375,0.9375
3270500,456.735389099888,0.0,0.9375,0.9375
3270600,456.73559996874,0.0,1,0.9375
3270700,456.735889599505,0.0,1,0.953125
3270800,456.73627670067964,0.0,0.9375,0.953125
3270900,456.7370142826679,0.0,0.9375,0.9375
3271000,456.73727475949727,0.0,0.9375,0.921875
3271100,456.737541976863,0.0,0.9375,0.875
3271200,456.738254869066,0.0,1,0.953125
3271300,456.7383926846674,0.0,1,0.921875
3271400,456.7391916130471,0.0,0.9375,0.9375
3271500,456.73956779342495,0.0,1,0.953125
3271600,456.7398579841804,0.0,0.9375,0.953125
3271700,456.74009384892554,0.0,1,0.96875
3271800,456.7404664493269,0.0,1,0.90625
3271900,456.7407433006619,0.0,0.9375,0.90625
3272000,456.7411431479783,0.0,1,0.96875
3272100,456.74163925704255,0.0,0.875,0.96875
3272200,456.7421875099323,0.0,0.8125,0.90625
3272300,456.7423923590981,0.0,0.875,0.90625
3272400,456.7424746600688,0.0,1,0.984375
3272500,456.74261299935705,0.0,0.8125,0.96875
3272600,456.74289308385715,0.0,0.8125,0.953125
3272700,456.7434061575264,0.0,0.9375,0.890625
3272800,456.74363708415956,0.0,0.9375,0.953125
3272900,456.74408458558463,0.0,1,0.90625
3273000,456.74438227566105,0.0,0.875,0.9375
3273100,456.74472836752807,0.0,1,0.921875
3273200,456.745324922145,0.0,0.875,0.890625
3273300,456.7456007741187,0.0,1,0.90625
3273400,456.7457556072708,0.0,0.9375,0.921875
3273500,456.74610543293227,0.0,0.9375,0.90625
3273600,456.7464603290811,0.0,1,0.90625
3273700,456.74681256546955,0.0,0.9375,0.953125
3273800,456.74698640876113,0.0,1,0.921875
3273900,456.7472053068656,0.0,0.9375,0.921875
3274000,456.7475684335443,0.0,1,0.953125
3274100,456.74787060057923,0.0,0.9375,0.953125
3274200,456.7482203978715,0.0,0.9375,0.890625
3274300,456.74919653804614,0.0,0.9375,0.9375
3274400,456.7495355541022,0.0,0.9375,0.9375
3274500,456.75002217500275,0.0,1,0.953125
3274600,456.7503016869364,0.0,0.875,0.953125
3274700,456.75054593982804,0.0,0.9375,1
3274800,456.7513882230904,0.0,0.8125,0.890625
3274900,456.75168615058345,0.0,0.9375,0.921875
3275000,322.5502570399211,0.0,0.9375,0.9375
3275100,326.4188399807537,0.0,0.875,0.90625
3275200,328.4990919050117,0.0,0.9375,0.96875
3275300,330.8140320259038,0.0,1,0.90625
3275400,332.47539285154426,0.0,0.875,0.90625
3275500,334.0274737164574,0.0,0.9375,0.90625
3275600,335.2082006987463,0.0,0.875,0.9375
3275700,336.55108196035616,0.0,0.875,0.90625
3275800,337.629961550536,0.0,0.875,0.90625
3275900,338.60997517332174,0.0,0.8125,0.921875
3276000,339.46246148360956,0.0,0.9375,0.953125
3276100,340.03476025995155,0.0,0.875,0.953125
3276200,340.8586673928971,0.0,0.875,0.921875
3276300,341.90240561076547,0.0,0.875,0.9375
3276400,342.63338644657165,0.0,1,0.890625
3276500,343.9947924121899,0.0,1,0.921875
3276600,346.45960318085804,0.0,0.875,0.90625
3276700,368.82038142363217,0.0,1,0.953125
3276800,442.7693607572122,0.0,1,0.953125
3276900,443.90479554184424,0.0,0.9375,0.921875
3277000,444.68989972873476,0.0,1,0.890625
3277100,445.34817458758874,0.0,0.9375,0.9375
3277200,445.88709408928554,0.0,0.75,0.953125
3277300,446.5014124451802,0.0,0.9375,0.90625
3277400,447.11662733520467,0.0,0.875,0.921875
3277500,447.4475279988025,0.0,0.9375,0.9375
3277600,447.81272320075936,0.0,1,0.953125
3277700,448.2276812749052,0.0,0.875,0.9375
3277800,448.48999820589086,0.0,1,0.9375
3277900,448.77096906295037,0.0,0.9375,0.984375
3278000,449.082262640563,0.0,0.75,0.953125
3278100,449.3243486483777,0.0,0.9375,0.96875
3278200,449.62637110227803,0.0,0.9375,0.90625
3278300,449.977153414886,0.0,0.9375,0.859375
3278400,450.22668907974287,0.0,0.9375,0.875
3278500,450.4520153744301,0.0,1,0.953125
3278600,450.78011768208535,0.0,0.9375,0.921875
3278700,450.9981969949575,0.0,0.9375,0.921875
3278800,451.2350669245974,0.0,1,1
3278900,451.4807366072716,0.0,0.875,0.921875
3279000,451.69330208467886,0.0,0.8125,0.921875
3279100,451.8401663497699,0.0,0.9375,0.875
3279200,452.01119164029006,0.0,0.875,0.859375
3279300,452.2323747436532,0.0,0.9375,0.875
3279400,452.4084400971519,0.0,1,0.90625
3279500,452.6184828937428,0.0,0.9375,0.9375
3279600,452.80891139713964,0.0,0.8125,0.96875
3279700,453.019199383671,0.0,0.875,0.890625
3279800,453.15146170003925,0.0,0.9375,0.96875
3279900,453.3578381493406,0.0,0.9375,0.984375
3280000,453.5414868699395,0.0,0.9375,0.921875
3280100,453.68464206270187,0.0,0.8125,0.90625
3280200,453.8538409993635,0.0,0.75,0.953125
3280300,453.9924797717776,0.0,0.875,0.90625
3280400,454.11243111657717,0.0,0.875,0.921875
3280500,454.2425698601781,0.0,0.9375,0.96875
3280600,454.351616227312,0.0,0.9375,0.96875
3280700,454.4585055759822,0.0,0.9375,0.96875
3280800,454.5714651645726,0.0,0.9375,0.96875
3280900,454.6970049430282,0.0,0.875,0.859375
3281000,454.7712680887556,0.0,0.9375,0.96875
3281100,454.85930490572804,0.0,1,0.921875
3281200,454.9664876736198,0.0,0.875,0.96875
3281300,455.03235898408826,0.0,0.8125,0.9375
3281400,455.1365524924333,0.0,0.9375,0.921875
3281500,455.2334982496082,0.0,0.875,0.921875
3281600,455.27307948750223,0.0,0.875,0.921875
3281700,455.36665681034253,0.0,0.75,0.90625
3281800,455.43219333805064,0.0,0.875,0.96875
3281900,455.48366319713193,0.0,0.9375,0.9375
3282000,455.5523978619628,0.0,0.9375,0.9375
3282100,455.6279945227478,0.0,0.9375,0.96875
3282200,455.7486825554525,0.0,0.875,0.9375
3282300,455.82572152057315,0.0,0.9375,0.9375
3282400,455.86845884722663,0.0,1,0.96875
3282500,455.91084857641266,0.0,0.9375,0.90625
3282600,455.96671249335367,0.0,0.875,0.921875
3282700,455.99421145107215,0.0,0.875,0.90625
3282800,456.05008321355433,0.0,0.8125,0.96875
3282900,456.08252702049987,0.0,0.9375,0.953125
3283000,456.10870442061605,0.0,0.875,0.96875
3283100,456.14888016935635,0.0,0.9375,0.90625
3283200,456.16948505172707,0.0,0.9375,0.9375
3283300,456.2117335553227,0.0,0.875,0.96875
3283400,456.23669734022866,0.0,0.9375,0.90625
3283500,456.2407478184005,0.0,0.9375,0.9375
3283600,456.2587098970493,0.0,0.9375,0.921875
3283700,456.29265909680527,0.0,0.75,0.984375
3283800,456.3211266162517,0.0,0.8125,0.921875
3283900,456.33509866615134,0.0,0.875,0.9375
3284000,456.3407508652166,0.0,0.9375,0.953125
3284100,456.34380561765715,0.0,0.9375,0.984375
3284200,456.3608856048681,0.0,0.9375,0.953125
3284300,456.3720272326048,0.0,0.9375,0.984375
3284400,456.38461769583233,0.0,0.9375,0.96875
3284500,456.41602244448063,0.0,0.9375,0.921875
3284600,456.4241491668246,0.0,0.875,0.921875
3284700,456.42901377616334,0.0,0.9375,0.953125
3284800,456.4375033130617,0.0,0.9375,0.9375
3284900,456.4530759376298,0.0,0.875,0.953125
3285000,456.4668821370191,0.0,0.875,0.9375
3285100,456.4721903303433,0.0,0.875,0.90625
3285200,456.47263163257196,0.0,0.9375,1
3285300,456.48394011865827,0.0,0.9375,0.953125
3285400,456.4867687646541,0.0,0.9375,0.953125
3285500,456.4954936500495,0.0,0.9375,0.96875
3285600,456.49943433836575,0.0,1,0.875
3285700,456.5060735577896,0.0,1,0.90625
3285800,456.5152827029636,0.0,0.6875,0.9375
3285900,456.5162702986604,0.0,0.875,0.953125
3286000,456.5203391203782,0.0,0.9375,0.9375
3286100,456.550757687794,0.0,0.9375,0.921875
3286200,456.55252471066194,0.0,0.875,0.96875
3286300,456.55437432438475,0.0,0.9375,0.921875
3286400,456.55535707858377,0.0,1,0.96875
3286500,456.5563802708254,0.0,1,0.90625
3286600,456.5614746991379,0.0,0.875,0.96875
3286700,456.56704147129335,0.0,0.875,0.921875
3286800,456.570444698773,0.0,1,0.96875
3286900,456.5723033644906,0.0,0.875,0.875
3287000,456.5727395633908,0.0,0.9375,0.921875
3287100,456.5807644202908,0.0,0.8125,0.9375
3287200,456.58878343580477,0.0,1,0.921875
3287300,456.5979831198875,0.0,0.9375,0.9375
3287400,456.60127609745604,0.0,1,0.953125
3287500,456.60196456786423,0.0,0.875,0.96875
3287600,456.60216986932164,0.0,0.9375,0.953125
3287700,456.60299030058155,0.0,0.9375,0.96875
3287800,456.60373894726985,0.0,0.8125,0.953125
3287900,456.60449667797093,0.0,0.9375,0.921875
3288000,456.6048489125476,0.0,1,0.890625
3288100,456.6057008140813,0.0,1,0.96875
3288200,456.60612137859687,0.0,0.9375,0.921875
3288300,456.60644750412354,0.0,0.875,0.953125
3288400,456.60714724202177,0.0,0.9375,0.96875
3288500,456.6084211512559,0.0,0.8125,0.984375
3288600,456.609047792123,0.0,0.9375,0.96875
3288700,456.61024371298714,0.0,1,0.9375
3288800,456.6111353772961,0.0,0.9375,0.890625
3288900,456.6123788652756,0.0,0.875,0.984375
3289000,456.6130776516451,0.0,0.9375,0.984375
3289100,456.61368006973544,0.0,0.875,0.9375
3289200,456.61419676673614,0.0,0.875,0.921875
3289300,456.61421726255645,0.0,1,0.953125
3289400,456.6143873106924,0.0,0.9375,0.921875
3289500,456.61518912579555,0.0,0.9375,0.96875
3289600,456.6157649332185,0.0,0.9375,0.9375
3289700,456.6162544092448,0.0,0.875,0.953125
3289800,456.61654831709257,0.0,0.9375,0.953125
3289900,456.61699540470374,0.0,0.9375,0.953125
3290000,456.61742696145666,0.0,0.9375,0.90625
3290100,456.6183240012127,0.0,0.875,0.953125
3290200,456.61905241081763,0.0,0.9375,0.9375
3290300,456.6194268662445,0.0,0.8125,0.90625
3290400,456.6195699614662,0.0,0.9375,0.96875
3290500,456.6200936228633,0.0,0.9375,0.921875
3290600,456.62046997237604,0.0,0.875,0.90625
3290700,456.62114998830083,0.0,0.9375,0.921875
3290800,456.62201977883285,0.0,0.875,0.90625
3290900,456.6221456153474,0.0,0.9375,0.921875
3291000,456.62319743430106,0.0,1,0.96875
3291100,456.6236581484251,0.0,0.9375,0.890625
3291200,456.62417721321924,0.0,1,0.9375
3291300,456.6246187862718,0.0,0.9375,0.90625
3291400,456.6253702947106,0.0,0.9375,0.921875
3291500,456.62586848298304,0.0,1,0.9375
3291600,456.62609300452164,0.0,0.9375,0.96875
3291700,456.62693908675277,0.0,0.9375,0.953125
3291800,456.627430082432,0.0,0.9375,0.96875
3291900,456.6280186865744,0.0,1,0.953125
3292000,456.6287808617865,0.0,0.875,0.90625
3292100,456.62972739440977,0.0,1,0.984375
3292200,456.63003782314746,0.0,0.9375,0.9375
3292300,456.6303679846616,0.0,0.875,0.953125
3292400,456.63103831308075,0.0,1,0.953125
3292500,456.6320810294586,0.0,1,0.9375
3292600,456.63298776277065,0.0,0.9375,0.984375
3292700,456.63359394193117,0.0,0.9375,0.90625
3292800,456.63443446753035,0.0,0.9375,0.953125
3292900,456.63528405933675,0.0,0.9375,0.921875
3293000,456.6360110248902,0.0,1,0.984375
3293100,456.6362399578821,0.0,0.9375,0.953125
3293200,456.63757533961854,0.0,0.9375,0.90625
3293300,456.63868225320624,0.0,1,0.953125
3293400,456.6394892610604,0.0,0.8125,0.96875
3293500,456.63996032950695,0.0,0.8125,0.953125
3293600,456.6405627586919,0.0,0.9375,0.90625
3293700,456.6413545588007,0.0,0.9375,0.90625
3293800,456.6421775709148,0.0,0.875,0.96875
3293900,456.64281900504864,0.0,1,0.9375
3294000,456.6431835686559,0.0,0.9375,0.90625
3294100,456.64381109103647,0.0,1,0.984375
3294200,456.64410116436704,0.0,1,0.9375
3294300,456.64477094057327,0.0,0.875,0.96875
3294400,456.64517490581056,0.0,1,0.953125
3294500,456.64611027092076,0.0,0.875,0.859375
3294600,456.6466721757881,0.0,0.8125,0.953125
3294700,456.64722850939035,0.0,1,0.921875
3294800,456.64821370562794,0.0,1,0.9375
3294900,456.6486614200437,0.0,1,0.90625
3295000,456.6495687531851,0.0,0.9375,0.9375
3295100,456.6499375704258,0.0,1,1
3295200,456.65050520740294,0.0,1,0.9375
3295300,456.6512737222527,0.0,0.9375,0.9375
3295400,456.6521492219621,0.0,0.9375,0.9375
3295500,456.6527653520396,0.0,0.875,0.90625
3295600,456.6532920536814,0.0,0.875,0.953125
3295700,456.65415390168914,0.0,1,0.953125
3295800,456.6546659518421,0.0,0.9375,0.890625
3295900,456.655078383279,0.0,1,0.9375
3296000,456.6554272357636,0.0,0.875,0.890625
3296100,456.65630698415674,0.0,0.9375,0.921875
3296200,456.65665657143217,0.0,1,0.953125
3296300,456.6571811816821,0.0,0.9375,0.9375
3296400,456.6578089628474,0.0,1,0.96875
3296500,456.65893886405775,0.0,1,0.921875
3296600,456.65921427071794,0.0,0.9375,0.921875
3296700,456.65958956306446,0.0,0.9375,0.984375
3296800,456.66001313811535,0.0,0.875,0.953125
3296900,456.6606936274525,0.0,1,0.90625
3297000,456.66100351468725,0.0,0.8125,0.96875
3297100,456.661754905185,0.0,0.9375,0.953125
3297200,456.66219721151657,0.0,0.9375,0.953125
3297300,456.6627149119892,0.0,0.9375,1
3297400,456.6631046030594,0.0,0.9375,0.921875
3297500,456.66371857264653,0.0,0.9375,0.921875
3297600,456.664239253215,0.0,0.9375,0.90625
3297700,456.66531196706933,0.0,1,0.921875
3297800,456.66683817293597,0.0,1,0.9375
3297900,456.6671288343333,0.0,0.875,0.9375
3298000,456.66809333485696,0.0,0.9375,0.9375
3298100,456.6685011776208,0.0,1,0.984375
3298200,456.66900805139613,0.0,0.875,0.9375
3298300,456.66942686909,0.0,0.875,0.921875
3298400,456.6704959427132,0.0,0.9375,0.9375
3298500,456.67087934268676,0.0,0.9375,0.9375
3298600,456.6711032205317,0.0,0.9375,0.96875
3298700,456.6715747952776,0.0,0.8125,0.890625
3298800,456.67192039986566,0.0,0.9375,0.9375
3298900,456.6727003464811,0.0,0.875,0.953125
3299000,456.67299822047573,0.0,0.9375,0.890625
3299100,456.67397062216196,0.0,0.875,0.9375
3299200,456.6746078078931,0.0,0.875,0.9375
3299300,456.6753084202532,0.0,0.875,0.96875
3299400,456.67614524387,0.0,0.9375,0.96875
3299500,456.67659011273247,0.0,0.875,0.96875
3299600,456.67723682336754,0.0,0.9375,0.9375
3299700,456.6775617253632,0.0,0.875,0.921875
3299800,456.67793153133425,0.0,0.9375,0.9375
3299900,456.67822844781637,0.0,0.9375,0.90625
3300000,433.419681043894,0.0,1,0.921875
3300100,437.1267431558199,0.0,0.75,0.875
3300200,439.22620260934696,0.0,0.9375,0.921875
3300300,440.98899350076994,0.0,1,0.9375
3300400,442.40618355590647,0.0,0.875,0.953125
3300500,443.5187346561847,0.0,0.8125,0.953125
3300600,444.31123344725864,0.0,1,0.9375
3300700,444.986255582386,0.0,1,0.9375
3300800,445.64594169625576,0.0,1,0.921875
3300900,446.13862804175517,0.0,0.875,0.875
3301000,446.72072213270206,0.0,0.8125,0.9375
3301100,447.11261891057814,0.0,0.9375,0.96875
3301200,447.6105672019827,0.0,0.9375,0.953125
3301300,447.9348136093311,0.0,0.875,0.953125
3301400,448.31687954390634,0.0,1,0.96875
3301500,448.7080624503318,0.0,0.875,0.953125
3301600,449.01788571553556,0.0,0.9375,0.96875
3301700,449.2923845922806,0.0,0.75,0.90625
3301800,449.59322031270256,0.0,0.9375,0.953125
3301900,449.8757397933772,0.0,0.9375,0.984375
3302000,450.2100410996325,0.0,0.9375,0.90625
3302100,450.4907622799519,0.0,0.9375,0.953125
3302200,450.695135073577,0.0,1,0.9375
3302300,450.89509489178437,0.0,0.875,0.953125
3302400,451.0929772891998,0.0,0.875,0.90625
3302500,451.31065274682373,0.0,0.875,0.9375
3302600,451.4990132427555,0.0,0.9375,0.90625
3302700,451.74778059733666,0.0,1,0.9375
3302800,451.9407662988324,0.0,0.9375,0.921875
3302900,452.04148129243447,0.0,1,0.890625
3303000,452.2712704978709,0.0,0.9375,0.875
3303100,452.4448999087579,0.0,0.9375,0.96875
3303200,452.6420388073022,0.0,0.9375,0.90625
3303300,452.82227993431167,0.0,0.9375,0.953125
3303400,452.9870742445568,0.0,1,0.984375
3303500,453.1337197870113,0.0,1,0.96875
3303600,453.31225479561596,0.0,0.875,0.953125
3303700,453.3939353844712,0.0,0.9375,0.96875
3303800,453.53960548917973,0.0,0.875,0.953125
3303900,453.68441146240224,0.0,0.875,0.953125
3304000,453.83624647375865,0.0,1,0.90625
3304100,453.9487785202758,0.0,0.875,0.9375
3304200,454.07703281461465,0.0,0.9375,0.90625
3304300,454.16674031862016,0.0,0.9375,0.96875
3304400,454.272514823787,0.0,0.875,0.875
3304500,454.38309895534076,0.0,0.8125,0.953125
3304600,454.5008063483169,0.0,0.875,0.9375
3304700,454.71277155607896,0.0,0.8125,0.890625
3304800,454.7965659797524,0.0,1,0.90625
3304900,454.8529845554004,0.0,0.75,0.9375
3305000,454.9505171401556,0.0,0.9375,0.953125
3305100,455.03356567850307,0.0,1,0.9375
3305200,455.15420308516525,0.0,0.75,0.921875
3305300,455.25974419813866,0.0,0.9375,0.890625
3305400,455.3477961711311,0.0,1,0.90625
3305500,455.41037716976183,0.0,0.9375,0.953125
3305600,455.4993302536791,0.0,0.875,0.890625
3305700,455.5725840970104,0.0,0.875,0.90625
3305800,455.6684304868464,0.0,0.875,0.96875
3305900,455.7477567500998,0.0,0.9375,0.96875
3306000,455.7836806730436,0.0,0.875,0.90625
3306100,455.8315404348255,0.0,1,0.953125
3306200,455.86162107839857,0.0,0.9375,0.921875
3306300,455.9287843061945,0.0,0.9375,0.875
3306400,456.0252750876196,0.0,0.9375,0.96875
3306500,456.0411123598601,0.0,0.9375,0.890625
3306600,456.10451075690787,0.0,0.9375,0.921875
3306700,456.13326788742734,0.0,0.9375,0.96875
3306800,456.1517286118824,0.0,0.8125,0.875
3306900,456.19087407897933,0.0,1,0.984375
3307000,456.20441015383267,0.0,0.9375,0.953125
3307100,456.2222855738687,0.0,1,0.96875
3307200,456.2376868291177,0.0,0.9375,0.953125
3307300,456.2553063394342,0.0,0.875,0.921875
3307400,456.27949628390485,0.0,0.875,0.9375
3307500,456.2985627032822,0.0,0.875,0.953125
3307600,456.320301567301,0.0,0.875,0.9375
3307700,456.3512247872528,0.0,0.9375,0.953125
3307800,456.37202013409444,0.0,0.9375,0.96875
3307900,456.40712425927074,0.0,1,0.90625
3308000,456.43476494148143,0.0,1,0.9375
3308100,456.4501631016261,0.0,0.875,0.90625
3308200,456.4675984652404,0.0,0.9375,1
3308300,456.48632797971663,0.0,0.875,0.984375
3308400,456.50611148908183,0.0,0.9375,0.984375
3308500,456.5204999213264,0.0,0.9375,0.90625
3308600,456.5208285552033,0.0,0.9375,0.96875
3308700,456.52158070327994,0.0,0.9375,0.9375
3308800,456.53150730790617,0.0,0.9375,0.984375
3308900,456.531658882194,0.0,1,0.984375
3309000,456.54552748485867,0.0,0.9375,0.9375
3309100,456.54599250389487,0.0,0.9375,0.96875
3309200,456.5508069627987,0.0,0.9375,0.953125
3309300,456.5510554937955,0.0,0.9375,0.953125
3309400,456.5538985048704,0.0,0.875,0.96875
3309500,456.55799145284885,0.0,0.875,0.984375
3309600,456.56499966897167,0.0,0.8125,0.984375
3309700,456.5747988869448,0.0,0.875,0.9375
3309800,456.5755524718741,0.0,0.9375,0.953125
3309900,456.58281397818985,0.0,1,0.9375
3310000,456.5987696573635,0.0,1,0.96875
3310100,456.59912733672405,0.0,0.8125,0.953125
3310200,456.61079117901426,0.0,0.9375,0.953125
3310300,456.6109511242639,0.0,0.9375,0.96875
3310400,456.61135364256626,0.0,0.9375,0.921875
3310500,456.6217167025322,0.0,1,0.953125
3310600,456.6245732737254,0.0,0.875,0.90625
3310700,456.62486241797313,0.0,0.9375,0.953125
3310800,456.62586653347006,0.0,0.8125,0.96875
3310900,456.6310438508427,0.0,1,0.96875
3311000,456.64170384852156,0.0,0.875,0.96875
3311100,456.6424825431944,0.0,0.9375,0.953125
3311200,456.6493204857968,0.0,1,0.9375
3311300,456.6565930348593,0.0,0.8125,0.953125
3311400,456.6570513126264,0.0,0.9375,0.96875
3311500,456.6727778458682,0.0,0.875,0.953125
3311600,456.67341463366853,0.0,0.9375,0.984375
3311700,456.6828970139891,0.0,1,0.9375
3311800,456.6834528725114,0.0,0.9375,0.96875
3311900,456.68365566359074,0.0,0.9375,0.953125
3312000,456.6840563969592,0.0,0.875,1
3312100,456.684500704522,0.0,0.875,0.921875
3312200,456.6847135957896,0.0,0.9375,0.875
3312300,456.68537968502136,0.0,1,0.96875
3312400,456.6855525645536,0.0,0.9375,1
3312500,456.6856892304421,0.0,1,0.984375
3312600,456.686319990805,0.0,1,0.96875
3312700,456.6868121752291,0.0,0.9375,0.9375
3312800,456.6870220737057,0.0,0.875,0.953125
3312900,456.68738150266245,0.0,0.9375,0.953125
3313000,456.6876000928342,0.0,0.9375,0.96875
3313100,456.68811366602154,0.0,0.9375,0.953125
3313200,456.68885053615554,0.0,0.875,0.96875
3313300,456.68957490949924,0.0,0.8125,1
3313400,456.69019478319063,0.0,0.9375,0.984375
3313500,456.6905676137922,0.0,1,0.953125
3313600,456.6915137036642,0.0,0.9375,0.984375
3313700,456.692523762389,0.0,1,0.96875
3313800,456.69343945442637,0.0,0.875,0.96875
3313900,456.6937461942856,0.0,0.875,0.90625
3314000,456.69442292444614,0.0,0.9375,0.921875
3314100,456.6948968898974,0.0,0.8125,0.90625
3314200,456.69532025734463,0.0,0.9375,0.9375
3314300,456.69586137972516,0.0,0.9375,0.90625
3314400,456.6963121686797,0.0,0.875,0.96875
3314500,456.69690803209716,0.0,1,0.96875
3314600,456.6971542453845,0.0,0.875,0.984375
3314700,456.69760384451394,0.0,0.9375,0.921875
3314800,456.6992019827465,0.0,0.9375,0.953125
3314900,456.6996180792342,0.0,0.875,0.953125
3315000,456.7004756031214,0.0,0.875,0.875
3315100,456.70061743992596,0.0,0.875,0.9375
3315200,456.7007680215364,0.0,1,0.96875
3315300,456.7010667780996,0.0,0.9375,0.953125
3315400,456.7016437247792,0.0,0.9375,0.984375
3315500,456.7021634995681,0.0,0.9375,1
3315600,456.7024178541787,0.0,0.9375,0.984375
3315700,456.70287127277425,0.0,1,0.921875
3315800,456.7036741224005,0.0,0.875,0.953125
3315900,456.70401682757483,0.0,0.8125,0.953125
3316000,456.704484686151,0.0,0.9375,0.953125
3316100,456.7050275240373,0.0,1,0.90625
3316200,456.70549242857726,0.0,1,0.96875
3316300,456.7057194656561,0.0,0.9375,0.96875
3316400,456.7062936358165,0.0,0.875,0.96875
3316500,456.70673117827937,0.0,0.9375,0.953125
3316600,456.7072240177058,0.0,0.875,0.9375
3316700,456.70758902735247,0.0,0.875,0.921875
3316800,456.7079332524233,0.0,1,0.921875
3316900,456.7091457226757,0.0,1,0.890625
3317000,456.70986407902996,0.0,0.9375,0.9375
3317100,456.710332601145,0.0,0.9375,0.9375
3317200,456.71087037236424,0.0,0.9375,0.953125
3317300,456.7112852939332,0.0,0.875,0.953125
3317400,456.7115998272462,0.0,0.875,0.9375
3317500,456.71207538655506,0.0,0.875,0.984375
3317600,456.71243608495683,0.0,0.9375,0.9375
3317700,456.71310348198693,0.0,0.9375,0.9375
3317800,456.71365105865124,0.0,0.9375,0.921875
3317900,456.71401516236745,0.0,0.9375,0.953125
3318000,456.7147589077943,0.0,1,0.953125
3318100,456.7153318521849,0.0,0.9375,0.953125
3318200,456.7155272084177,0.0,0.8125,0.921875
3318300,456.71584614778135,0.0,0.9375,0.953125
3318400,456.71633365412487,0.0,1,0.9375
3318500,456.7167252117397,0.0,1,0.984375
3318600,456.71723852958115,0.0,0.75,0.921875
3318700,456.71826277200836,0.0,1,0.9375
3318800,456.71848207465473,0.0,0.9375,0.953125
3318900,456.71893200073623,0.0,0.9375,0.921875
3319000,456.7196503676472,0.0,0.8125,0.9375
3319100,456.719864240245,0.0,1,0.96875
3319200,456.72028202543675,0.0,0.9375,0.890625
3319300,456.7211468604299,0.0,0.9375,0.984375
3319400,456.7216615352941,0.0,1,0.953125
3319500,456.7219984545305,0.0,0.875,0.984375
3319600,456.72254437797363,0.0,1,0.984375
3319700,456.72315363216995,0.0,1,0.953125
3319800,456.7235462799453,0.0,0.9375,0.96875
3319900,456.7236545937901,0.0,0.9375,0.96875
3320000,456.7241401832503,0.0,1,0.953125
3320100,456.7243941646471,0.0,0.9375,0.9375
3320200,456.7252029642867,0.0,0.875,0.953125
3320300,456.7255300489273,0.0,1,0.96875
3320400,456.7266633326106,0.0,0.875,0.984375
3320500,456.7271322485731,0.0,0.9375,0.953125
3320600,456.7274654523004,0.0,0.875,0.90625
3320700,456.7279030217845,0.0,0.875,0.984375
3320800,456.72870797801176,0.0,0.875,0.90625
3320900,456.7292477535254,0.0,1,0.921875
3321000,456.72968943471795,0.0,0.875,0.921875
3321100,456.73013828761987,0.0,0.9375,0.890625
3321200,456.73078177683556,0.0,1,0.921875
3321300,456.73095507033605,0.0,0.875,0.953125
3321400,456.73147120486794,0.0,0.9375,0.953125
3321500,456.7319774559701,0.0,0.9375,0.96875
3321600,456.7321723219911,0.0,0.75,0.9375
3321700,456.7323234968201,0.0,0.9375,0.9375
3321800,456.73286934508434,0.0,0.875,0.9375
3321900,456.7357381650255,0.0,0.9375,0.96875
3322000,456.7362262794521,0.0,1,0.953125
3322100,456.73664779211873,0.0,0.8125,0.96875
3322200,456.7369539538765,0.0,0.9375,0.953125
3322300,456.7373988071666,0.0,0.9375,0.96875
3322400,456.7377514592593,0.0,0.9375,0.921875
3322500,456.7381634490306,0.0,0.9375,0.953125
3322600,456.7385610964256,0.0,0.875,0.96875
3322700,456.73930205192926,0.0,0.9375,0.984375
3322800,456.7396525358516,0.0,0.9375,0.96875
3322900,456.74009072141234,0.0,0.875,0.984375
3323000,456.74074395491647,0.0,1,0.984375
3323100,456.74191829596333,0.0,0.9375,0.96875
3323200,456.7426046347507,0.0,0.875,0.96875
3323300,456.74293174774107,0.0,0.875,0.9375
3323400,456.7436311418144,0.0,0.875,0.953125
3323500,456.7437366412824,0.0,0.9375,0.921875
3323600,456.7442665511699,0.0,1,0.921875
3323700,456.7445494462999,0.0,1,0.984375
3323800,456.74488361522117,0.0,1,0.9375
3323900,456.7453924667352,0.0,0.875,0.921875
3324000,456.7457680273879,0.0,0.9375,0.953125
3324100,456.7461383940962,0.0,0.9375,0.984375
3324200,456.7467818549958,0.0,0.9375,0.875
3324300,456.74742993222657,0.0,0.9375,0.921875
3324400,456.74798135555983,0.0,0.9375,0.9375
3324500,456.7485356019649,0.0,0.9375,0.875
3324600,456.74875612962757,0.0,0.8125,0.96875
3324700,456.7489016198339,0.0,0.9375,0.890625
3324800,456.7494394904905,0.0,0.8125,0.953125
3324900,456.74992904367724,0.0,0.9375,0.890625
3325000,320.10644712758176,0.0,1,0.921875
3325100,331.67332561216136,0.0,0.9375,0.96875
3325200,334.7052449370845,0.0,1,0.953125
3325300,339.331667322564,0.0,0.875,0.96875
3325400,430.2342385522172,0.0,0.9375,1
3325500,433.1665279642159,0.0,0.875,0.9375
3325600,435.43498811967885,0.0,1,0.921875
3325700,437.4494109534364,0.0,0.9375,0.96875
3325800,439.2896227685658,0.0,0.875,0.96875
3325900,440.4585105328573,0.0,0.9375,0.96875
3326000,441.42943900862537,0.0,1,0.953125
3326100,442.4898241755694,0.0,0.9375,0.96875
3326200,443.5313236941535,0.0,0.9375,1
3326300,444.10843168825954,0.0,1,0.96875
3326400,444.8154659785379,0.0,1,0.96875
3326500,445.34173489570196,0.0,1,0.921875
3326600,445.8453833445037,0.0,0.8125,0.953125
3326700,446.3495500598182,0.0,0.8125,0.984375
3326800,446.91354705486236,0.0,0.875,0.90625
3326900,447.3488143932105,0.0,0.9375,0.921875
3327000,447.7757481278438,0.0,0.9375,0.984375
3327100,448.279291748489,0.0,0.8125,0.90625
3327200,448.6302205007103,0.0,0.9375,0.96875
3327300,448.8992053035302,0.0,1,0.921875
3327400,449.35658778306674,0.0,0.75,0.96875
3327500,449.53031122124514,0.0,0.875,0.96875
3327600,449.9538086414296,0.0,0.875,0.921875
3327700,450.1839870105877,0.0,0.875,0.953125
3327800,450.54273723325554,0.0,0.9375,0.921875
3327900,450.7257752950102,0.0,0.875,0.921875
3328000,451.008981565057,0.0,0.9375,0.953125
3328100,451.1962107829452,0.0,0.9375,0.96875
3328200,451.37469450813967,0.0,1,0.9375
3328300,451.5690302212358,0.0,0.9375,0.96875
3328400,451.88013953931426,0.0,0.875,0.984375
3328500,452.06724020228023,0.0,0.9375,0.96875
3328600,452.3062438700436,0.0,0.9375,1
3328700,452.483360182134,0.0,0.875,0.96875
3328800,452.6233707146195,0.0,0.875,0.921875
3328900,452.8635190824413,0.0,0.9375,0.890625
3329000,453.07928517618933,0.0,0.875,0.890625
3329100,453.18025383574974,0.0,0.875,0.96875
3329200,453.30552804329614,0.0,0.8125,0.953125
3329300,453.46774178330764,0.0,0.875,0.9375
3329400,453.6160876324531,0.0,0.9375,0.953125
3329500,453.72963149907827,0.0,0.875,0.921875
3329600,453.7945156714279,0.0,0.9375,0.921875
3329700,453.9275662909768,0.0,0.8125,0.90625
3329800,454.0870194606887,0.0,0.9375,0.953125
3329900,454.16355400051765,0.0,0.9375,0.921875
3330000,454.29031008486174,0.0,0.875,0.953125
3330100,454.38955442227905,0.0,0.9375,0.984375
3330200,454.53867911825773,0.0,0.8125,0.984375
3330300,454.63639722660054,0.0,0.9375,0.890625
3330400,454.70242350100244,0.0,0.8125,0.90625
3330500,454.80715650617174,0.0,1,0.96875
3330600,454.8872985454923,0.0,1,0.96875
3330700,454.9839071092942,0.0,1,0.90625
3330800,455.0792656208648,0.0,1,0.90625
3330900,455.1269767124668,0.0,0.9375,0.96875
3331000,455.22986007043727,0.0,0.875,0.96875
3331100,455.2735919982238,0.0,0.9375,0.9375
3331200,455.3270207684773,0.0,0.9375,0.96875
3331300,455.40411704078775,0.0,1,0.96875
3331400,455.4765620781559,0.0,0.9375,0.984375
3331500,455.5739803247242,0.0,0.9375,0.984375
3331600,455.6102681157089,0.0,0.9375,0.96875
3331700,455.65065764316125,0.0,0.9375,0.9375
3331800,455.67077866546447,0.0,0.9375,0.9375
3331900,455.71649977045223,0.0,0.875,0.921875
3332000,455.75144128822666,0.0,1,0.96875
3332100,455.80304221601216,0.0,1,0.96875
3332200,455.865615103851,0.0,1,0.90625
3332300,455.9182738054244,0.0,0.9375,0.921875
3332400,455.9642366438332,0.0,0.875,0.90625
3332500,456.00095995013805,0.0,0.9375,0.921875
3332600,456.0050643757766,0.0,0.875,0.984375
3332700,456.0127344869414,0.0,0.75,0.921875
3332800,456.02356654326434,0.0,1,0.96875
3332900,456.0421487259903,0.0,0.9375,0.953125
3333000,456.0535331944462,0.0,0.8125,0.96875
3333100,456.0726544985171,0.0,0.9375,0.96875
3333200,456.11272821138573,0.0,0.875,0.984375
3333300,456.1528865063396,0.0,0.9375,0.953125
3333400,456.1634152520877,0.0,0.9375,0.9375
3333500,456.17507814443354,0.0,0.875,0.953125
3333600,456.198424313511,0.0,0.875,0.984375
3333700,456.21623293671183,0.0,1,0.9375
3333800,456.2412816153594,0.0,0.9375,0.921875
3333900,456.2470406376624,0.0,1,0.9375
3334000,456.2593159603535,0.0,0.9375,0.9375
3334100,456.27189650655544,0.0,0.9375,0.984375
3334200,456.282355993833,0.0,0.8125,0.953125
3334300,456.3156939993197,0.0,0.9375,0.921875
3334400,456.3421244673734,0.0,0.9375,0.9375
3334500,456.34301272015944,0.0,0.9375,0.9375
3334600,456.3600692200846,0.0,0.9375,0.953125
3334700,456.3610168314312,0.0,0.875,0.9375
3334800,456.3673028362487,0.0,0.875,0.90625
3334900,456.36757224731497,0.0,0.9375,0.890625
3335000,456.368382604039,0.0,0.9375,0.90625
3335100,456.3698796357754,0.0,1,0.96875
3335200,456.37093516020263,0.0,0.9375,0.890625
3335300,456.37393403340053,0.0,1,0.96875
3335400,456.3745558879049,0.0,1,0.921875
3335500,456.3752385153072,0.0,0.9375,0.984375
3335600,456.37636664647505,0.0,0.875,0.9375
3335700,456.37708577212237,0.0,0.9375,0.90625
3335800,456.3776602864879,0.0,0.875,0.9375
3335900,456.37895268094627,0.0,1,0.9375
3336000,456.379159757403,0.0,1,0.890625
3336100,456.3810717301949,0.0,0.875,0.9375
3336200,456.3832438801556,0.0,0.9375,0.953125
3336300,456.3843269385838,0.0,0.875,0.9375
3336400,456.38501837252966,0.0,0.875,0.859375
3336500,456.38580072733953,0.0,0.9375,0.96875
3336600,456.3865059427225,0.0,1,0.9375
3336700,456.387313864598,0.0,0.875,0.9375
3336800,456.3876463153836,0.0,1,0.9375
3336900,456.3880982397991,0.0,0.9375,0.953125
3337000,456.3904129796163,0.0,0.875,0.96875
3337100,456.3908645355986,0.0,1,1
3337200,456.3910495713359,0.0,0.875,0.984375
3337300,456.3922064849691,0.0,1,0.953125
3337400,456.39302570225027,0.0,1,0.9375
3337500,456.3944736814878,0.0,0.9375,0.96875
3337600,456.3960575919746,0.0,0.9375,0.96875
3337700,456.3966242684818,0.0,0.875,0.921875
3337800,456.39795813740096,0.0,0.9375,0.984375
3337900,456.398598960329,0.0,1,0.96875
3338000,456.39936034762997,0.0,0.9375,0.953125
3338100,456.4016266494833,0.0,0.9375,0.984375
3338200,456.4032561683299,0.0,0.875,0.953125
3338300,456.40367980240734,0.0,0.875,0.953125
3338400,456.4045784505507,0.0,0.8125,0.96875
3338500,456.40701700083986,0.0,1,0.9375
3338600,456.4079839559638,0.0,0.9375,0.984375
3338700,456.40964573890824,0.0,0.9375,0.96875
3338800,456.41109124938714,0.0,0.9375,0.921875
3338900,456.4117178135075,0.0,0.875,0.921875
3339000,456.4125428410482,0.0,0.8125,0.9375
3339100,456.4139787387176,0.0,0.875,0.96875
3339200,456.4150501960569,0.0,0.9375,0.921875
3339300,456.41598975749514,0.0,0.9375,0.9375
3339400,456.4164507660139,0.0,0.875,0.9375
3339500,456.4191073191623,0.0,0.9375,0.90625
3339600,456.4196784166876,0.0,0.9375,0.953125
3339700,456.42079233315036,0.0,1,0.96875
3339800,456.4233302280826,0.0,0.875,0.90625
3339900,456.42377451256016,0.0,0.9375,0.953125
3340000,456.4245655387443,0.0,1,0.953125
3340100,456.4263809780679,0.0,0.9375,0.953125
3340200,456.42768583992364,0.0,0.9375,0.9375
3340300,456.4281538946499,0.0,1,0.96875
3340400,456.4286138227346,0.0,1,0.953125
3340500,456.4295846603941,0.0,0.9375,0.953125
3340600,456.43067909227443,0.0,1,0.9375
3340700,456.43415459177146,0.0,1,0.921875
3340800,456.4349104452588,0.0,0.875,0.953125
3340900,456.43636383761907,0.0,0.9375,0.9375
3341000,456.43856883908836,0.0,0.8125,0.9375
3341100,456.4394208399987,0.0,0.8125,0.90625
3341200,456.43974035722295,0.0,1,0.96875
3341300,456.4412726779331,0.0,0.9375,0.953125
3341400,456.44204696034154,0.0,0.9375,0.9375
3341500,456.44264712528417,0.0,1,0.984375
3341600,456.44314305786713,0.0,0.9375,0.9375
3341700,456.44438950888895,0.0,0.8125,0.953125
3341800,456.4461254068902,0.0,0.9375,0.953125
3341900,456.44716998144725,0.0,0.8125,0.984375
3342000,456.4480621406139,0.0,0.9375,1
3342100,456.4485008036143,0.0,0.9375,0.890625
3342200,456.44889828952495,0.0,1,0.96875
3342300,456.4496597722646,0.0,0.875,0.96875
3342400,456.45034265442723,0.0,0.9375,0.9375
3342500,456.4513400821876,0.0,0.9375,0.96875
3342600,456.4525844072496,0.0,0.875,0.90625
3342700,456.45380017177206,0.0,0.9375,0.921875
3342800,456.4544960721189,0.0,0.9375,1
3342900,456.45620593690484,0.0,1,0.9375
3343000,456.45675583967954,0.0,1,0.953125
3343100,456.45816024753503,0.0,0.875,0.9375
3343200,456.4586044229165,0.0,1,0.9375
3343300,456.4601906846166,0.0,0.875,0.96875
3343400,456.46047756366187,0.0,0.875,0.984375
3343500,456.461504789454,0.0,0.9375,0.96875
3343600,456.462704286479,0.0,1,0.9375
3343700,456.46326967056285,0.0,0.9375,0.984375
3343800,456.46376738793504,0.0,0.9375,1
3343900,456.46516458922565,0.0,0.9375,0.9375
3344000,456.4666374158597,0.0,0.8125,0.96875
3344100,456.4670783393769,0.0,0.9375,0.96875
3344200,456.46757413571106,0.0,0.875,0.90625
3344300,456.4683829233225,0.0,0.9375,0.96875
3344400,456.46996544663864,0.0,1,0.984375
3344500,456.471361127071,0.0,0.9375,0.984375
3344600,456.47256994017465,0.0,1,0.984375
3344700,456.47329198103836,0.0,0.9375,0.953125
3344800,456.47462255640426,0.0,0.9375,0.921875
3344900,456.47560127318854,0.0,0.875,0.921875
3345000,456.47584596185504,0.0,0.9375,0.96875
3345100,456.476676906955,0.0,0.9375,1
3345200,456.4790619165789,0.0,1,0.953125
3345300,456.4794743518869,0.0,0.9375,0.96875
3345400,456.4802339286884,0.0,0.8125,0.9375
3345500,456.48119277246883,0.0,0.9375,0.96875
3345600,456.4824688015641,0.0,1,0.9375
3345700,456.48390157271535,0.0,0.875,0.984375
3345800,456.4846301291893,0.0,0.875,0.921875
3345900,456.4855476620612,0.0,1,0.96875
3346000,456.4864369295642,0.0,1,0.953125
3346100,456.4867508066922,0.0,0.9375,0.984375
3346200,456.48869121337145,0.0,0.875,0.9375
3346300,456.4895011588666,0.0,0.9375,0.9375
3346400,456.49044376544,0.0,1,0.9375
3346500,456.49136719741847,0.0,0.9375,0.9375
3346600,456.4927518610316,0.0,0.875,0.875
3346700,456.4932914888406,0.0,1,0.953125
3346800,456.4942016850816,0.0,0.9375,0.90625
3346900,456.4945422935193,0.0,0.9375,0.921875
3347000,456.4952527072182,0.0,1,1
3347100,456.496030127162,0.0,1,0.9375
3347200,456.4968627608374,0.0,0.9375,0.953125
3347300,456.4984320413138,0.0,0.9375,0.953125
3347400,456.49852547643474,0.0,0.875,1
3347500,456.49940481491427,0.0,0.9375,0.96875
3347600,456.5000224117641,0.0,0.875,0.96875
3347700,456.5007714097997,0.0,0.9375,0.875
3347800,456.50164882413196,0.0,1,0.9375
3347900,456.50191775897747,0.0,0.9375,1
3348000,456.5028967522035,0.0,0.9375,0.9375
3348100,456.50362110619665,0.0,0.875,0.9375
3348200,456.50508001060996,0.0,1,0.96875
3348300,456.50610955715916,0.0,1,0.953125
3348400,456.5070908045736,0.0,0.875,0.953125
3348500,456.5090208354351,0.0,0.8125,0.953125
3348600,456.5109983837265,0.0,1,0.921875
3348700,456.5124303925315,0.0,1,0.96875
3348800,456.5130271671069,0.0,0.9375,0.953125
3348900,456.5133578279911,0.0,0.875,0.9375
3349000,456.51390585944375,0.0,0.875,0.953125
3349100,456.5146352890813,0.0,0.9375,0.9375
3349200,456.5160022133218,0.0,1,0.984375
3349300,456.5171931713597,0.0,0.9375,0.953125
3349400,456.51795938079226,0.0,1,0.953125
3349500,456.51879931337055,0.0,0.8125,0.96875
3349600,456.51911263197434,0.0,1,0.953125
3349700,456.51936171418424,0.0,0.9375,0.96875
3349800,456.52037789983643,0.0,0.875,0.953125
3349900,456.52098313919265,0.0,1,0.984375
3350000,237.94059014081432,0.0,1,0.953125
3350100,238.07788684904625,0.0,0.9375,0.96875
3350200,238.19489943134414,0.0,1,0.953125
3350300,238.33999329564963,0.0,0.9375,0.9375
3350400,238.44424005744452,0.0,0.875,0.96875
3350500,238.57110277870052,0.0,1,0.9375
3350600,238.68889728431415,0.0,0.9375,0.9375
3350700,238.81536641361146,0.0,1,0.984375
3350800,238.90581232992787,0.0,0.9375,0.96875
3350900,239.01075556924667,0.0,0.9375,0.921875
3351000,239.12103073641396,0.0,0.8125,0.984375
3351100,239.26273468469168,0.0,0.9375,0.96875
3351200,239.32767171440074,0.0,0.875,0.9375
3351300,239.59941677542724,0.0,0.875,0.875
3351400,239.79703058131668,0.0,1,0.953125
3351500,239.95193828210995,0.0,0.9375,0.984375
3351600,240.10344568429346,0.0,1,1
3351700,240.33429369536717,0.0,0.875,0.921875
3351800,240.53163344644682,0.0,0.9375,0.953125
3351900,240.82556882523795,0.0,0.875,0.859375
3352000,241.05838966220438,0.0,1,0.9375
3352100,241.21976541466634,0.0,1,0.953125
3352200,241.51363784639577,0.0,0.8125,0.984375
3352300,242.3981488878967,0.0,0.9375,0.9375
3352400,243.3622284867275,0.0,1,0.96875
3352500,244.3083410789953,0.0,0.9375,0.96875
3352600,247.63570051806323,0.0,0.9375,0.9375
3352700,259.09636031197863,0.0,0.9375,0.9375
3352800,329.94214597767854,0.0,1,0.9375
3352900,338.22821198975396,0.0,1,0.953125
3353000,340.62146971988903,0.0,0.9375,0.96875
3353100,342.05128164304733,0.0,0.9375,0.96875
3353200,342.84307702482664,0.0,0.8125,0.9375
3353300,343.52672707435613,0.0,0.875,0.90625
3353400,343.8367361499531,0.0,0.9375,0.921875
3353500,344.356947385408,0.0,0.875,1
3353600,344.4766179724773,0.0,1,0.953125
3353700,344.9653409310604,0.0,0.9375,0.953125
3353800,345.26387261246145,0.0,0.875,0.96875
3353900,345.51721840611134,0.0,1,0.9375
3354000,345.826238743019,0.0,1,0.96875
3354100,346.06032253296445,0.0,0.875,0.96875
3354200,346.310063325312,0.0,0.875,0.9375
3354300,346.5046944868285,0.0,0.875,0.953125
3354400,346.72397502166564,0.0,0.9375,0.921875
3354500,346.9923047216303,0.0,0.875,0.96875
3354600,347.18922726098197,0.0,0.9375,0.90625
3354700,347.3474812370694,0.0,0.9375,0.90625
3354800,347.5600963418667,0.0,1,0.953125
3354900,347.68724804339627,0.0,0.9375,0.953125
3355000,347.80496310845587,0.0,1,0.96875
3355100,347.99294579707447,0.0,1,0.984375
3355200,348.2328329607603,0.0,0.9375,0.953125
3355300,348.52615744521046,0.0,0.9375,0.96875
3355400,348.8088218024551,0.0,1,0.953125
3355500,348.9658432526771,0.0,0.9375,0.921875
3355600,349.11860138504505,0.0,0.9375,0.96875
3355700,349.4541783454207,0.0,0.9375,1
3355800,349.994558445615,0.0,1,0.96875
3355900,350.2620071603284,0.0,0.875,0.9375
3356000,350.3846704937359,0.0,1,0.953125
3356100,350.9487303882342,0.0,0.9375,0.890625
3356200,351.4856669589217,0.0,0.9375,0.890625
3356300,352.26567580099504,0.0,0.875,0.9375
3356400,353.3434265293879,0.0,0.9375,0.9375
3356500,356.17147811110226,0.0,1,0.921875
3356600,360.0386240234428,0.0,0.9375,0.984375
3356700,431.1621811613767,0.0,1,1
3356800,447.90816551487677,0.0,1,0.984375
3356900,450.04006787735335,0.0,0.875,0.921875
3357000,450.90049043708837,0.0,1,0.953125
3357100,451.36824945139966,0.0,0.8125,0.953125
3357200,451.66692656451283,0.0,0.9375,0.96875
3357300,452.13635100692676,0.0,0.875,0.9375
3357400,452.4969720135236,0.0,1,0.96875
3357500,452.75922784599055,0.0,0.875,0.96875
3357600,453.0111516880112,0.0,0.9375,0.953125
3357700,453.19044367380485,0.0,1,0.953125
3357800,453.354864823981,0.0,0.875,0.890625
3357900,453.61888594576664,0.0,1,0.953125
3358000,453.89662871825925,0.0,0.9375,0.953125
3358100,454.0181720449091,0.0,0.9375,0.984375
3358200,454.12238677313997,0.0,0.875,0.90625
3358300,454.23236827957606,0.0,1,0.984375
3358400,454.37141121434337,0.0,1,0.9375
3358500,454.58333248377977,0.0,1,0.953125
3358600,454.63374673790526,0.0,1,0.953125
3358700,454.6819883871707,0.0,0.875,0.90625
3358800,454.776433987229,0.0,0.9375,0.984375
3358900,454.8428648183661,0.0,1,0.96875
3359000,454.94657158265824,0.0,0.875,0.953125
3359100,455.0580247617977,0.0,1,0.96875
3359200,455.16692525922537,0.0,0.9375,0.921875
3359300,455.2312581844454,0.0,1,0.9375
3359400,455.2925735364957,0.0,0.875,0.953125
3359500,455.36248586753345,0.0,0.9375,0.96875
3359600,455.420914756919,0.0,1,0.953125
3359700,455.4776297666704,0.0,1,0.984375
3359800,455.5296304580322,0.0,0.9375,0.984375
3359900,455.546465907818,0.0,0.875,0.921875
3360000,455.6278870052537,0.0,1,0.96875
3360100,455.65041507150966,0.0,0.9375,0.953125
3360200,455.7348930391043,0.0,1,0.953125
3360300,455.75488217712007,0.0,1,1
3360400,455.7701450549162,0.0,0.9375,0.984375
3360500,455.8011158985946,0.0,0.9375,0.9375
3360600,455.83915203487373,0.0,0.8125,0.90625
3360700,455.8541071136238,0.0,0.875,0.921875
3360800,455.8797129630851,0.0,1,0.984375
3360900,455.9304277727331,0.0,1,0.921875
3361000,455.97176051387277,0.0,0.9375,0.921875
3361100,456.0104856929535,0.0,0.875,0.953125
3361200,456.01647169540706,0.0,1,0.9375
3361300,456.0287324036798,0.0,0.9375,0.96875
3361400,456.0501563484732,0.0,0.9375,0.9375
3361500,456.0579734639004,0.0,0.875,0.953125
3361600,456.09258505142867,0.0,0.9375,0.96875
3361700,456.1667678640762,0.0,0.9375,0.921875
3361800,456.1807983266173,0.0,0.9375,0.984375
3361900,456.1837181120668,0.0,0.9375,0.921875
3362000,456.20342244623356,0.0,1,0.9375
3362100,456.2206034921598,0.0,1,0.984375
3362200,456.22262575439584,0.0,0.9375,0.921875
3362300,456.22455722451696,0.0,0.9375,0.984375
3362400,456.2333198748946,0.0,0.875,0.921875
3362500,456.2344600809135,0.0,0.9375,0.953125
3362600,456.24099713183136,0.0,0.9375,0.921875
3362700,456.2444479200974,0.0,1,0.96875
3362800,456.25265889968375,0.0,0.9375,0.953125
3362900,456.2570871594072,0.0,1,0.9375
3363000,456.2590404059101,0.0,0.9375,0.9375
3363100,456.2626783864079,0.0,0.9375,0.921875
3363200,456.266018932577,0.0,0.9375,0.890625
3363300,456.26798591814435,0.0,1,0.953125
3363400,456.26842151956316,0.0,0.875,0.96875
3363500,456.2696924567619,0.0,1,0.921875
3363600,456.27040706856013,0.0,0.9375,0.9375
3363700,456.2751160149215,0.0,0.9375,0.96875
3363800,456.27634211748517,0.0,0.9375,0.921875
3363900,456.2769210899453,0.0,0.9375,0.9375
3364000,456.27747792715553,0.0,0.875,0.96875
3364100,456.2787289761826,0.0,1,0.953125
3364200,456.2811330115387,0.0,0.9375,0.921875
3364300,456.2878927450948,0.0,0.9375,0.96875
3364400,456.28910936311155,0.0,0.875,0.953125
3364500,456.29024868623867,0.0,1,0.96875
3364600,456.293485610722,0.0,0.9375,0.96875
3364700,456.2942599928398,0.0,0.9375,0.953125
3364800,456.2946075459828,0.0,1,0.96875
3364900,456.2975888658311,0.0,0.875,0.921875
3365000,456.3029318788832,0.0,1,0.96875
3365100,456.3042779798688,0.0,0.875,0.953125
3365200,456.30543017883053,0.0,1,0.984375
3365300,456.3055734221027,0.0,1,0.9375
3365400,456.3060989170111,0.0,0.9375,0.90625
3365500,456.30747764747804,0.0,0.875,0.96875
3365600,456.3078138814386,0.0,0.9375,0.890625
3365700,456.30810518287944,0.0,0.9375,0.9375
3365800,456.31090657229356,0.0,0.9375,0.96875
3365900,456.31290717834963,0.0,0.875,0.96875
3366000,456.3133495494157,0.0,1,0.96875
3366100,456.3159826517239,0.0,1,0.9375
3366200,456.3190620793966,0.0,0.875,0.9375
3366300,456.32439402147503,0.0,0.875,0.96875
3366400,456.3256849213324,0.0,0.875,0.96875
3366500,456.3301576916282,0.0,1,0.984375
3366600,456.3306023024982,0.0,0.9375,0.921875
3366700,456.331118657637,0.0,1,0.921875
3366800,456.3323390765101,0.0,1,0.953125
3366900,456.3327915271843,0.0,0.9375,0.9375
3367000,456.334208541315,0.0,0.9375,0.953125
3367100,456.33593967406364,0.0,1,0.953125
3367200,456.33927251968635,0.0,1,0.9375
3367300,456.34044070455974,0.0,1,0.953125
3367400,456.3408214190768,0.0,1,0.984375
3367500,456.34485911243235,0.0,0.875,0.90625
3367600,456.34922910698634,0.0,0.875,0.890625
3367700,456.35257272520477,0.0,0.875,0.984375
3367800,456.35531479321185,0.0,0.9375,0.984375
3367900,456.35565030182397,0.0,0.9375,0.921875
3368000,456.35713010448677,0.0,0.9375,0.921875
3368100,456.3601237341459,0.0,0.875,0.9375
3368200,456.3716754040131,0.0,0.875,0.9375
3368300,456.3718236058481,0.0,1,0.96875
3368400,456.37344039019376,0.0,0.9375,0.953125
3368500,456.3749208357972,0.0,0.8125,0.96875
3368600,456.3760061974355,0.0,0.9375,0.953125
3368700,456.3790205117938,0.0,0.9375,0.953125
3368800,456.38132595569635,0.0,0.9375,0.984375
3368900,456.3819698813094,0.0,0.9375,0.953125
3369000,456.3833628024652,0.0,0.9375,0.9375
3369100,456.3838889967628,0.0,0.875,0.953125
3369200,456.38632994186423,0.0,0.875,0.953125
3369300,456.38707539824395,0.0,0.9375,0.90625
3369400,456.38890883676964,0.0,0.9375,0.9375
3369500,456.39446538176713,0.0,1,0.9375
3369600,456.39746163964963,0.0,1,0.96875
3369700,456.4015581495604,0.0,0.9375,0.9375
3369800,456.40210237192156,0.0,0.875,0.921875
3369900,456.40506080260525,0.0,1,0.96875
3370000,456.4064243929082,0.0,0.8125,0.96875
3370100,456.4092198915514,0.0,0.9375,0.9375
3370200,456.4102820645599,0.0,0.9375,0.9375
3370300,456.4301061653206,0.0,0.9375,0.921875
3370400,456.4310437571103,0.0,1,0.9375
3370500,456.431572021619,0.0,0.875,0.875
3370600,456.4319737810369,0.0,0.9375,0.984375
3370700,456.4329998894657,0.0,0.875,0.953125
3370800,456.43393277904556,0.0,0.9375,0.9375
3370900,456.43522587542213,0.0,0.9375,0.921875
3371000,456.43704239590807,0.0,1,0.953125
3371100,456.4392257072271,0.0,0.875,0.96875
3371200,456.43968302834895,0.0,0.75,0.96875
3371300,456.4398647298257,0.0,0.9375,0.984375
3371400,456.44076952045094,0.0,0.875,0.921875
3371500,456.4415015838115,0.0,0.9375,0.9375
3371600,456.44185842325925,0.0,0.9375,0.953125
3371700,456.44279513579215,0.0,0.9375,0.984375
3371800,456.44515404419565,0.0,0.875,0.953125
3371900,456.44596128846854,0.0,0.875,0.96875
3372000,456.4465270973126,0.0,0.9375,0.984375
3372100,456.451399438169,0.0,1,0.984375
3372200,456.4521068146485,0.0,1,0.921875
3372300,456.45366143503026,0.0,0.875,1
3372400,456.4539364041055,0.0,0.9375,0.984375
3372500,456.4564013903774,0.0,0.875,0.96875
3372600,456.4622959198953,0.0,0.9375,0.9375
3372700,456.4637475968016,0.0,1,0.96875
3372800,456.4642020181912,0.0,0.9375,0.96875
3372900,456.4649951880868,0.0,1,0.953125
3373000,456.4654956534487,0.0,1,0.921875
3373100,456.46658907475677,0.0,1,0.921875
3373200,456.46889157580017,0.0,0.9375,0.9375
3373300,456.469542035175,0.0,0.9375,0.9375
3373400,456.47010339925225,0.0,0.875,0.90625
3373500,456.47075250771417,0.0,1,0.953125
3373600,456.4722432514405,0.0,1,0.9375
3373700,456.47255695877897,0.0,0.875,0.90625
3373800,456.47392956269147,0.0,0.9375,0.984375
3373900,456.47622035192234,0.0,0.875,0.984375
3374000,456.47682998302133,0.0,0.9375,0.984375
3374100,456.47731621925095,0.0,0.875,0.96875
3374200,456.4778136771179,0.0,1,0.921875
3374300,456.47866774135093,0.0,0.9375,1
3374400,456.4794053315321,0.0,0.9375,0.96875
3374500,456.4812675698119,0.0,0.9375,0.921875
3374600,456.48166687369326,0.0,1,0.90625
3374700,456.48363568199227,0.0,0.875,0.953125
3374800,456.483680039688,0.0,0.875,0.953125
3374900,456.48651108942477,0.0,0.9375,0.953125
3375000,322.8410060357784,0.0,1,0.96875
3375100,346.8801195004384,0.0,0.9375,0.96875
3375200,425.7919928725086,0.0,0.9375,1
3375300,431.01819205342576,0.0,1,0.953125
3375400,434.4618514858959,0.0,1,0.9375
3375500,437.0417417829553,0.0,0.9375,0.953125
3375600,438.88240824558164,0.0,0.875,0.9375
3375700,440.37731933146114,0.0,0.875,0.9375
3375800,441.8172967518608,0.0,0.9375,0.953125
3375900,442.68640103296053,0.0,0.9375,0.953125
3376000,443.5082314884136,0.0,1,0.984375
3376100,444.33141492936437,0.0,0.875,0.984375
3376200,445.08022878433843,0.0,0.9375,0.953125
3376300,445.65516157090434,0.0,0.8125,0.96875
3376400,446.0574939145567,0.0,0.875,0.96875
3376500,446.58647235599767,0.0,0.9375,1
3376600,447.0902217673554,0.0,1,0.96875
3376700,447.4650035819872,0.0,1,0.96875
3376800,447.7845446179503,0.0,1,0.953125
3376900,448.2159786508939,0.0,1,0.921875
3377000,448.65401854469496,0.0,0.9375,0.9375
3377100,448.9399690455472,0.0,1,1
3377200,449.34055965966536,0.0,1,0.953125
3377300,449.65103291136074,0.0,0.9375,0.984375
3377400,450.0475242516738,0.0,0.9375,0.921875
3377500,450.2057679097503,0.0,0.9375,0.984375
3377600,450.5036840033898,0.0,1,0.921875
3377700,450.79419470777833,0.0,1,0.9375
3377800,451.1039298594829,0.0,0.9375,0.953125
3377900,451.4538302457708,0.0,0.875,0.9375
3378000,451.83715740758,0.0,0.8125,0.953125
3378100,452.00165148911185,0.0,0.9375,0.96875
3378200,452.15985367589917,0.0,0.875,0.9375
3378300,452.3040013881393,0.0,0.875,0.953125
3378400,452.50411025069513,0.0,0.875,0.921875
3378500,452.7000287638857,0.0,0.9375,0.96875
3378600,452.83666183210033,0.0,0.9375,0.984375
3378700,452.9733678242209,0.0,0.875,0.921875
3378800,453.1747886801021,0.0,0.9375,0.953125
3378900,453.3416993533215,0.0,0.9375,0.921875
3379000,453.5206653049854,0.0,0.9375,0.96875
3379100,453.702947929892,0.0,1,0.953125
3379200,453.8675080615693,0.0,0.9375,0.9375
3379300,454.0340992454034,0.0,0.9375,0.9375
3379400,454.17733963420045,0.0,0.875,0.9375
3379500,454.3536217158566,0.0,1,0.9375
3379600,454.52172325648877,0.0,0.875,0.953125
3379700,454.61166987079173,0.0,0.9375,0.921875
3379800,454.7478495460354,0.0,1,0.9375
3379900,454.8234736306956,0.0,0.875,0.921875
3380000,454.9070389314279,0.0,0.9375,0.96875
3380100,454.99980343080745,0.0,0.875,0.953125
3380200,455.08022689694917,0.0,0.9375,0.953125
3380300,455.201802640946,0.0,0.9375,0.984375
3380400,455.28022420721584,0.0,0.9375,0.9375
3380500,455.3538317396475,0.0,0.9375,1
3380600,455.44922273441586,0.0,0.9375,0.984375
3380700,455.5126458672273,0.0,1,0.96875
3380800,455.62274774607897,0.0,0.9375,0.96875
3380900,455.6842059121316,0.0,0.9375,0.96875
3381000,455.75180965701486,0.0,0.9375,0.984375
3381100,455.81980876051324,0.0,1,0.953125
3381200,455.8754729387731,0.0,0.875,0.96875
3381300,455.926345897862,0.0,0.9375,0.953125
3381400,455.9678948623892,0.0,0.9375,0.984375
3381500,456.0313035953356,0.0,0.875,0.984375
3381600,456.09436270622064,0.0,1,0.953125
3381700,456.1464497882137,0.0,0.9375,0.9375
3381800,456.1688868742039,0.0,1,1
3381900,456.20668240844645,0.0,0.875,0.984375
3382000,456.2441448679776,0.0,1,1
3382100,456.2877201156424,0.0,0.9375,0.921875
3382200,456.32480764146896,0.0,0.875,0.921875
3382300,456.34471367391114,0.0,0.8125,0.953125
3382400,456.38404156420796,0.0,0.9375,0.96875
3382500,456.39880197766365,0.0,1,0.96875
3382600,456.4247445649157,0.0,0.9375,0.96875
3382700,456.4388133671767,0.0,0.9375,0.96875
3382800,456.47732997772744,0.0,1,0.984375
3382900,456.4882122418841,0.0,0.9375,0.921875
3383000,456.51982153207393,0.0,0.9375,0.921875
3383100,456.5313293867103,0.0,0.9375,0.953125
3383200,456.53174934301745,0.0,1,0.9375
3383300,456.54403098779517,0.0,0.875,0.921875
3383400,456.5624459672646,0.0,0.9375,0.953125
3383500,456.565834604499,0.0,0.875,0.953125
3383600,456.566087378136,0.0,0.9375,0.9375
3383700,456.58632944497634,0.0,0.8125,0.9375
3383800,456.5963223256802,0.0,0.875,0.96875
3383900,456.6011439245047,0.0,0.8125,0.953125
3384000,456.6243016422919,0.0,0.9375,0.96875
3384100,456.6254708989686,0.0,1,0.953125
3384200,456.63290138090434,0.0,1,0.96875
3384300,456.639024701474,0.0,0.9375,0.921875
3384400,456.6399934107627,0.0,0.9375,0.96875
3384500,456.64070996384777,0.0,1,0.984375
3384600,456.64916491018624,0.0,0.875,0.96875
3384700,456.6566499464755,0.0,1,0.984375
3384800,456.6571985143577,0.0,0.875,0.9375
3384900,456.6592631620602,0.0,0.875,0.984375
3385000,456.6609189468743,0.0,1,0.9375
3385100,456.6611316931183,0.0,0.9375,0.96875
3385200,456.66144350969415,0.0,0.9375,0.9375
3385300,456.6617722982602,0.0,0.9375,0.984375
3385400,456.66242592694925,0.0,0.9375,0.9375
3385500,456.66313674728394,0.0,0.9375,0.984375
3385600,456.6633719366467,0.0,0.9375,0.9375
3385700,456.6638335245843,0.0,1,0.96875
3385800,456.66400074807984,0.0,1,0.921875
3385900,456.66425326078723,0.0,1,0.96875
3386000,456.66509588776086,0.0,0.875,0.953125
3386100,456.66534979727965,0.0,0.9375,0.9375
3386200,456.6656307335768,0.0,1,0.984375
3386300,456.6661969001355,0.0,0.9375,0.953125
3386400,456.66750577323035,0.0,0.9375,0.96875
3386500,456.6682253722569,0.0,0.875,0.9375
3386600,456.66841638755756,0.0,0.9375,0.96875
3386700,456.66893503665324,0.0,0.9375,0.96875
3386800,456.6707952764752,0.0,0.9375,0.96875
3386900,456.6710717647045,0.0,0.9375,0.921875
3387000,456.6714541637464,0.0,1,0.984375
3387100,456.67226884304847,0.0,0.9375,0.953125
3387200,456.67251850364573,0.0,0.9375,0.984375
3387300,456.6731201151652,0.0,0.9375,0.984375
3387400,456.67385333542427,0.0,0.9375,0.953125
3387500,456.6742050907184,0.0,0.875,0.96875
3387600,456.6748219505531,0.0,0.9375,0.9375
3387700,456.6758317108818,0.0,0.9375,0.953125
3387800,456.67620438604797,0.0,0.875,0.9375
3387900,456.6767954745151,0.0,1,1
3388000,456.67707001470984,0.0,1,0.96875
3388100,456.6776502653134,0.0,1,0.96875
3388200,456.6780499402335,0.0,0.9375,0.953125
3388300,456.67874489152035,0.0,0.9375,0.9375
3388400,456.6790655041825,0.0,0.8125,0.9375
3388500,456.67954757243524,0.0,1,0.9375
3388600,456.6814908245468,0.0,1,0.9375
3388700,456.681999368092,0.0,0.9375,0.953125
3388800,456.68205691891853,0.0,1,0.984375
3388900,456.68230893124496,0.0,0.8125,0.9375
3389000,456.68284987699076,0.0,0.9375,0.953125
3389100,456.6835059392934,0.0,0.9375,0.984375
3389200,456.68389982181577,0.0,0.9375,0.890625
3389300,456.6845305108688,0.0,0.875,0.9375
3389400,456.6850830701565,0.0,1,0.90625
3389500,456.68549725600366,0.0,0.875,1
3389600,456.6859709257283,0.0,0.9375,0.96875
3389700,456.6868287735268,0.0,0.9375,0.953125
3389800,456.68742200504647,0.0,0.875,0.875
3389900,456.68777672524004,0.0,0.9375,0.9375
3390000,456.6885074843335,0.0,0.9375,0.921875
3390100,456.6887028923527,0.0,1,0.9375
3390200,456.68944114258744,0.0,0.9375,0.96875
3390300,456.6897251621109,0.0,0.9375,0.9375
3390400,456.69042705321266,0.0,1,0.96875
3390500,456.6905358065032,0.0,0.875,0.9375
3390600,456.6909883243568,0.0,0.9375,0.953125
3390700,456.6913870414622,0.0,0.9375,0.890625
3390800,456.6916616400719,0.0,1,0.953125
3390900,456.69204907392117,0.0,0.9375,0.953125
3391000,456.69243188741456,0.0,0.9375,1
3391100,456.69281088446195,0.0,0.9375,0.984375
3391200,456.6939956631946,0.0,1,0.984375
3391300,456.69449542925054,0.0,1,1
3391400,456.69561335542414,0.0,1,0.96875
3391500,456.6964643354883,0.0,1,0.9375
3391600,456.6968799104853,0.0,0.9375,0.984375
3391700,456.69709726019033,0.0,0.9375,0.96875
3391800,456.6973215849466,0.0,0.9375,0.953125
3391900,456.6975528174146,0.0,0.9375,0.9375
3392000,456.6982088553706,0.0,0.875,1
3392100,456.69862343354396,0.0,0.9375,0.921875
3392200,456.6990516795199,0.0,1,0.921875
3392300,456.6991783882803,0.0,0.9375,0.953125
3392400,456.699906729897,0.0,0.875,0.921875
3392500,456.70031859472044,0.0,0.875,0.9375
3392600,456.70138865557396,0.0,1,1
3392700,456.7015254236453,0.0,1,1
3392800,456.70210169585357,0.0,1,0.921875
3392900,456.7024032603339,0.0,1,0.921875
3393000,456.70285828319095,0.0,0.9375,0.984375
3393100,456.70340863375174,0.0,1,0.96875
3393200,456.7035698308733,0.0,1,0.96875
3393300,456.70424224930264,0.0,0.8125,0.984375
3393400,456.7053308931944,0.0,0.9375,0.953125
3393500,456.70552587316604,0.0,0.8125,0.96875
3393600,456.70563939461965,0.0,0.875,0.984375
3393700,456.70608506769287,0.0,0.9375,0.984375
3393800,456.7065390557471,0.0,0.9375,0.890625
3393900,456.70695199771734,0.0,0.875,0.96875
3394000,456.7077175679465,0.0,1,0.953125
3394100,456.7082667842184,0.0,1,0.921875
3394200,456.708445147654,0.0,1,0.96875
3394300,456.70906800382335,0.0,0.875,0.921875
3394400,456.70932037915395,0.0,0.875,0.984375
3394500,456.71000334650745,0.0,1,1
3394600,456.71040385318395,0.0,0.9375,0.96875
3394700,456.71090863618514,0.0,0.9375,0.84375
3394800,456.71201485976553,0.0,0.9375,0.96875
3394900,456.71241139178034,0.0,1,0.96875
3395000,456.71266283849354,0.0,1,0.96875
3395100,456.713205031558,0.0,1,0.921875
3395200,456.7168668987431,0.0,1,0.921875
3395300,456.717052082261,0.0,0.875,0.921875
3395400,456.71731048951904,0.0,1,1
3395500,456.71807961404255,0.0,1,0.984375
3395600,456.71881293078457,0.0,1,0.984375
3395700,456.71889243949937,0.0,1,0.953125
3395800,456.72037404956825,0.0,0.875,0.9375
3395900,456.7213986067954,0.0,1,0.953125
3396000,456.7229274374509,0.0,0.9375,0.96875
3396100,456.72319031025506,0.0,1,0.953125
3396200,456.7237766607351,0.0,0.8125,0.953125
3396300,456.72473167758386,0.0,0.9375,0.9375
3396400,456.7252766291263,0.0,0.875,0.96875
3396500,456.725459959404,0.0,0.9375,1
3396600,456.7268707237139,0.0,1,1
3396700,456.7275159584952,0.0,0.9375,0.953125
3396800,456.7279591501458,0.0,0.875,0.890625
3396900,456.72817923233174,0.0,0.9375,0.953125
3397000,456.72872826680185,0.0,0.875,0.9375
3397100,456.72904464413773,0.0,0.875,0.921875
3397200,456.7297902249332,0.0,0.9375,0.953125
3397300,456.72988944213574,0.0,0.9375,0.96875
3397400,456.7303555254415,0.0,1,0.9375
3397500,456.7307076296589,0.0,0.9375,0.90625
3397600,456.7312017676032,0.0,0.8125,0.984375
3397700,456.73140210594596,0.0,1,0.96875
3397800,456.7317242032813,0.0,1,0.90625
3397900,456.73239636200054,0.0,0.9375,0.90625
3398000,456.7331485150185,0.0,0.9375,0.953125
3398100,456.7334563751237,0.0,0.9375,0.96875
3398200,456.7336695242209,0.0,1,0.921875
3398300,456.734047793217,0.0,1,1
3398400,456.7345709481502,0.0,1,0.953125
3398500,456.7349595765865,0.0,0.875,0.921875
3398600,456.73552324481824,0.0,1,0.96875
3398700,456.73591587514096,0.0,0.875,0.96875
3398800,456.736418756918,0.0,0.875,0.96875
3398900,456.736595358869,0.0,0.9375,1
3399000,456.73715390032277,0.0,0.9375,0.921875
3399100,456.73720370583334,0.0,0.9375,0.890625
3399200,456.7380459453647,0.0,0.875,0.953125
3399300,456.7384072964374,0.0,0.8125,0.9375
3399400,456.7387783645001,0.0,1,0.96875
3399500,456.738805577871,0.0,1,1
3399600,456.73899756136814,0.0,0.9375,0.96875
3399700,456.7396373501871,0.0,0.9375,0.9375
3399800,456.7399493358332,0.0,0.875,0.96875
3399900,456.7405068960715,0.0,0.875,0.9375
3400000,237.85102248304045,0.0,0.9375,0.921875
3400100,237.959521497758,0.0,0.9375,0.9375
3400200,238.01606202752205,0.0,0.9375,0.984375
3400300,238.1316893779299,0.0,0.875,0.96875
3400400,238.23539336239762,0.0,0.9375,0.96875
3400500,238.3113879705505,0.0,0.9375,0.96875
3400600,238.4189168449073,0.0,0.9375,0.953125
3400700,238.49859164479824,0.0,0.875,0.953125
3400800,238.57969235251073,0.0,0.9375,0.953125
3400900,238.71181428807725,0.0,0.875,0.90625
3401000,238.84268329344283,0.0,1,0.921875
3401100,238.92852423334702,0.0,0.9375,0.953125
3401200,239.04244962952382,0.0,0.9375,0.96875
3401300,239.0949527633777,0.0,0.875,0.953125
3401400,239.27369769224669,0.0,0.6875,0.90625
3401500,239.45863459981737,0.0,0.9375,0.953125
3401600,239.54936914882842,0.0,1,0.984375
3401700,239.76718354286643,0.0,0.9375,0.984375
3401800,239.9736222096375,0.0,1,0.9375
3401900,240.18290984070313,0.0,0.9375,0.984375
3402000,240.46717948657601,0.0,0.8125,0.9375
3402100,240.87718358191256,0.0,0.9375,0.9375
3402200,241.25775067352671,0.0,0.9375,0.90625
3402300,241.44689330701866,0.0,0.9375,0.984375
3402400,241.77243468787393,0.0,0.875,0.9375
3402500,242.40887901696928,0.0,1,0.953125
3402600,242.96777904887463,0.0,0.8125,1
3402700,243.9306004121022,0.0,0.9375,0.96875
3402800,246.61417786082416,0.0,0.9375,0.9375
3402900,259.57465875664207,0.0,0.9375,0.9375
3403000,326.16563560383884,0.0,0.875,0.984375
3403100,337.76334039188913,0.0,0.9375,0.9375
3403200,341.380284337969,0.0,0.8125,0.9375
3403300,342.80114642218706,0.0,1,0.984375
3403400,343.159274515904,0.0,0.9375,0.90625
3403500,343.65451016313716,0.0,1,0.96875
3403600,343.9557584438876,0.0,0.9375,0.96875
3403700,344.5608855974803,0.0,0.875,0.953125
3403800,344.777165786907,0.0,0.875,0.921875
3403900,345.4882813181112,0.0,0.875,0.90625
3404000,345.793636521819,0.0,1,0.96875
3404100,346.19697099907484,0.0,0.9375,0.96875
3404200,346.5402422059556,0.0,0.9375,0.9375
3404300,347.1040128318193,0.0,0.9375,0.96875
3404400,347.96493661346204,0.0,0.9375,0.953125
3404500,348.28015683304073,0.0,0.875,0.96875
3404600,348.91977054958244,0.0,0.9375,0.953125
3404700,349.703942867848,0.0,0.9375,0.90625
3404800,351.92002196961613,0.0,1,0.96875
3404900,360.80524007129213,0.0,0.9375,0.9375
3405000,436.5645615341839,0.0,0.9375,0.953125
3405100,445.46438649009434,0.0,0.9375,0.96875
3405200,447.6456734621533,0.0,1,0.953125
3405300,449.0293829879186,0.0,0.875,0.984375
3405400,449.98185661950356,0.0,0.9375,0.984375
3405500,450.7512739708905,0.0,1,0.953125
3405600,451.29027008560485,0.0,0.9375,0.953125
3405700,451.68050143037414,0.0,0.875,0.96875
3405800,451.9721007767526,0.0,0.9375,0.953125
3405900,452.26598764064596,0.0,0.9375,0.953125
3406000,452.68113684240996,0.0,0.875,0.9375
3406100,452.88702002780025,0.0,0.875,0.953125
3406200,453.23340506624686,0.0,0.875,0.921875
3406300,453.569129247715,0.0,0.75,0.96875
3406400,453.75041560281744,0.0,0.9375,0.859375
3406500,453.99127443397276,0.0,0.9375,0.921875
3406600,454.11546124196155,0.0,1,0.96875
3406700,454.26321089753526,0.0,0.875,0.9375
3406800,454.40142994583084,0.0,0.875,0.953125
3406900,454.4761355181264,0.0,0.875,0.984375
3407000,454.62401438379965,0.0,1,0.921875
3407100,454.8098672407244,0.0,1,0.953125
3407200,454.8784186205898,0.0,0.875,0.984375
3407300,454.9830944289498,0.0,0.9375,0.96875
3407400,455.1166472915533,0.0,0.875,0.984375
3407500,455.2414524545739,0.0,1,0.953125
3407600,455.3431663687867,0.0,1,0.9375
3407700,455.37476076192365,0.0,1,0.90625
3407800,455.4401376692255,0.0,0.875,0.96875
3407900,455.4951582614156,0.0,1,0.953125
3408000,455.5289573183034,0.0,0.875,0.984375
3408100,455.58608074225856,0.0,0.875,0.96875
3408200,455.64235318391246,0.0,0.9375,0.96875
3408300,455.7005248287879,0.0,0.875,0.96875
3408400,455.72158885598657,0.0,0.9375,0.9375
3408500,455.778554559196,0.0,1,0.984375
3408600,455.86351056644224,0.0,0.9375,0.890625
3408700,455.9209108769993,0.0,0.9375,0.953125
3408800,455.95620068278674,0.0,0.875,0.953125
3408900,455.98126438062445,0.0,1,0.96875
3409000,456.04173348464565,0.0,0.875,0.984375
3409100,456.0744813754114,0.0,0.875,0.9375
3409200,456.0934351059929,0.0,0.9375,0.96875
3409300,456.11499309105966,0.0,0.875,0.921875
3409400,456.1295672439191,0.0,0.9375,0.90625
3409500,456.14913823012716,0.0,0.9375,0.96875
3409600,456.1524750948222,0.0,1,0.984375
3409700,456.17556945697964,0.0,1,0.9375
3409800,456.18578843243705,0.0,1,0.953125
3409900,456.20013624023045,0.0,1,0.984375
3410000,456.2190667175155,0.0,1,0.984375
3410100,456.23877989494747,0.0,0.875,0.953125
3410200,456.252924489312,0.0,0.9375,0.921875
3410300,456.2537683873102,0.0,1,0.921875
3410400,456.2540328119493,0.0,0.875,0.96875
3410500,456.26108103160226,0.0,1,0.921875
3410600,456.2662752687209,0.0,1,0.96875
3410700,456.2756361751055,0.0,1,0.984375
3410800,456.2775008927071,0.0,0.875,0.875
3410900,456.2864366583177,0.0,0.9375,0.9375
3411000,456.29562762419255,0.0,0.9375,0.953125
3411100,456.3000966702043,0.0,0.9375,0.90625
3411200,456.307313507921,0.0,0.9375,0.953125
3411300,456.3080294772954,0.0,0.9375,0.984375
3411400,456.31015520145604,0.0,0.9375,0.953125
3411500,456.3106202208029,0.0,1,0.953125
3411600,456.3154072861049,0.0,0.9375,0.9375
3411700,456.31603113062823,0.0,1,0.96875
3411800,456.3166112257931,0.0,0.875,0.96875
3411900,456.3245938769072,0.0,0.875,0.984375
3412000,456.34009882650327,0.0,0.9375,0.96875
3412100,456.3429140989169,0.0,0.9375,1
3412200,456.35545966293085,0.0,0.875,0.921875
3412300,456.35663690513206,0.0,0.875,0.984375
3412400,456.3619844171695,0.0,0.9375,0.953125
3412500,456.36677038447556,0.0,0.9375,0.953125
3412600,456.3772428643005,0.0,0.9375,0.96875
3412700,456.3782585168288,0.0,1,0.9375
3412800,456.3787294793308,0.0,0.9375,0.9375
3412900,456.38017832979364,0.0,0.8125,0.921875
3413000,456.39158628684186,0.0,0.8125,0.96875
3413100,456.39475759459265,0.0,0.9375,0.953125
3413200,456.39914592930205,0.0,0.8125,0.875
3413300,456.40430315276706,0.0,0.9375,0.953125
3413400,456.4045412373294,0.0,0.9375,0.96875
3413500,456.40545851576724,0.0,0.9375,0.953125
3413600,456.40686941848816,0.0,1,0.96875
3413700,456.4081026718511,0.0,1,0.953125
3413800,456.4086990707475,0.0,0.9375,0.953125
3413900,456.41678911060984,0.0,0.875,0.96875
3414000,456.4186252960712,0.0,0.9375,0.90625
3414100,456.4192073071577,0.0,1,0.984375
3414200,456.41972874918065,0.0,0.9375,0.984375
3414300,456.42024258276547,0.0,0.875,0.9375
3414400,456.42328034227353,0.0,0.875,0.9375
3414500,456.42411429705214,0.0,1,1
3414600,456.4255599186846,0.0,0.9375,0.921875
3414700,456.42595080563865,0.0,1,0.90625
3414800,456.42717623550686,0.0,0.875,0.984375
3414900,456.4289929563393,0.0,0.9375,0.96875
3415000,456.4296629662422,0.0,0.9375,0.9375
3415100,456.429995267012,0.0,0.8125,0.96875
3415200,456.43097665987375,0.0,1,0.953125
3415300,456.4317581128399,0.0,0.9375,0.984375
3415400,456.4328410608496,0.0,0.9375,0.9375
3415500,456.43422585441107,0.0,1,0.96875
3415600,456.43446476573104,0.0,0.875,0.875
3415700,456.43518165149663,0.0,0.8125,0.890625
3415800,456.4374799758583,0.0,0.9375,0.921875
3415900,456.43996668341447,0.0,1,0.9375
3416000,456.44264096654405,0.0,0.875,0.9375
3416100,456.4433885684655,0.0,0.875,0.9375
3416200,456.44508456334626,0.0,0.8125,0.984375
3416300,456.44731874746003,0.0,0.8125,0.9375
3416400,456.4485900189351,0.0,0.9375,0.96875
3416500,456.44902312462557,0.0,1,0.9375
3416600,456.44950621051316,0.0,0.875,0.953125
3416700,456.45066237952506,0.0,0.9375,0.953125
3416800,456.45163087155095,0.0,0.9375,0.9375
3416900,456.4525171204639,0.0,0.875,0.96875
3417000,456.4551519579172,0.0,0.875,0.96875
3417100,456.45611542914014,0.0,1,0.875
3417200,456.4566985519533,0.0,1,1
3417300,456.45754579309414,0.0,0.9375,0.984375
3417400,456.45819636985357,0.0,0.875,0.921875
3417500,456.4588759752617,0.0,1,0.953125
3417600,456.46882626725375,0.0,1,0.984375
3417700,456.4698763666397,0.0,0.9375,0.953125
3417800,456.47072258961833,0.0,1,0.96875
3417900,456.47125208767994,0.0,0.9375,0.921875
3418000,456.47163562711603,0.0,1,0.953125
3418100,456.4721874676037,0.0,1,0.953125
3418200,456.4727299909053,0.0,1,0.890625
3418300,456.4738517758277,0.0,0.9375,0.890625
3418400,456.47419956364115,0.0,1,0.953125
3418500,456.47482029487594,0.0,0.9375,0.96875
3418600,456.4763420089687,0.0,0.9375,0.921875
3418700,456.4792339649473,0.0,1,1
3418800,456.4821662664099,0.0,1,0.921875
3418900,456.48454795076236,0.0,0.8125,0.921875
3419000,456.4852372128481,0.0,1,0.890625
3419100,456.4858562281643,0.0,0.875,0.984375
3419200,456.48730917197327,0.0,1,0.9375
3419300,456.48778128562043,0.0,1,0.96875
3419400,456.48940880340166,0.0,0.9375,0.875
3419500,456.4897735617194,0.0,1,0.984375
3419600,456.49114210886887,0.0,0.9375,0.9375
3419700,456.49291841794286,0.0,0.9375,0.953125
3419800,456.4941262227554,0.0,0.875,0.96875
3419900,456.4944311846858,0.0,1,0.984375
3420000,456.49463268205665,0.0,0.9375,0.9375
3420100,456.49494339414787,0.0,1,1
3420200,456.4966503519409,0.0,0.9375,1
3420300,456.4974049484228,0.0,0.9375,0.90625
3420400,456.4987839247722,0.0,0.875,0.984375
3420500,456.49923889081487,0.0,0.9375,0.9375
3420600,456.5003910563265,0.0,1,0.9375
3420700,456.5025231241863,0.0,0.875,0.921875
3420800,456.50309089702876,0.0,0.8125,0.890625
3420900,456.5040713199517,0.0,0.9375,0.953125
3421000,456.50449049049695,0.0,0.875,0.96875
3421100,456.50483970722945,0.0,0.875,0.984375
3421200,456.5054676893528,0.0,0.9375,0.953125
3421300,456.5063476855232,0.0,0.8125,0.984375
3421400,456.5068519413611,0.0,0.875,0.96875
3421500,456.5092738808283,0.0,1,0.96875
3421600,456.5096588041548,0.0,1,0.984375
3421700,456.51000002054786,0.0,1,0.90625
3421800,456.51065041402694,0.0,0.875,0.96875
3421900,456.5108883332945,0.0,0.9375,0.984375
3422000,456.511746633916,0.0,0.875,0.984375
3422100,456.5125935758522,0.0,0.9375,0.953125
3422200,456.51349825678153,0.0,1,0.953125
3422300,456.51375983408684,0.0,1,0.9375
3422400,456.51445452698783,0.0,1,0.9375
3422500,456.5147941222954,0.0,1,0.9375
3422600,456.5155622808693,0.0,1,0.96875
3422700,456.5167788419018,0.0,1,0.96875
3422800,456.51723417048254,0.0,0.875,0.96875
3422900,456.51921608548474,0.0,1,0.96875
3423000,456.5198912677213,0.0,0.9375,0.890625
3423100,456.5202758836921,0.0,0.9375,0.96875
3423200,456.5223616001963,0.0,0.9375,0.953125
3423300,456.52329417056546,0.0,0.875,0.9375
3423400,456.5248595533643,0.0,1,1
3423500,456.5265173228371,0.0,0.875,0.953125
3423600,456.52766728959784,0.0,1,0.96875
3423700,456.52857469801137,0.0,0.9375,0.953125
3423800,456.52897541852514,0.0,0.9375,0.9375
3423900,456.52969590729583,0.0,0.9375,0.953125
3424000,456.5308635428629,0.0,0.9375,0.953125
3424100,456.5312654737693,0.0,0.9375,0.9375
3424200,456.5345353255058,0.0,0.875,0.96875
3424300,456.53498459444063,0.0,0.8125,0.953125
3424400,456.5365576338352,0.0,0.875,0.9375
3424500,456.53707188958975,0.0,0.9375,0.921875
3424600,456.5387932771901,0.0,0.9375,0.96875
3424700,456.5399765194233,0.0,0.875,0.96875
3424800,456.54097501667513,0.0,1,0.9375
3424900,456.54124697082347,0.0,0.9375,0.984375
3425000,237.952895329125,0.0,0.875,0.953125
3425100,238.05660383583563,0.0,0.875,0.90625
3425200,238.16110031365645,0.0,0.875,0.96875
3425300,238.24973695026586,0.0,0.875,0.96875
3425400,238.43420500765836,0.0,0.875,0.984375
3425500,238.54635806562732,0.0,1,0.96875
3425600,238.60919502858354,0.0,1,0.953125
3425700,238.6838403415815,0.0,0.9375,0.921875
3425800,238.80723632232554,0.0,0.9375,0.953125
3425900,238.9354332822553,0.0,0.9375,0.953125
3426000,239.03246168713304,0.0,0.875,0.90625
3426100,239.28252672127664,0.0,0.9375,0.9375
3426200,239.44842142736204,0.0,1,0.953125
3426300,239.63839510393467,0.0,0.9375,0.96875
3426400,239.82792031084898,0.0,1,0.953125
3426500,240.1381146334097,0.0,0.875,1
3426600,240.256184161011,0.0,0.9375,0.921875
3426700,240.64118089666908,0.0,0.875,0.96875
3426800,240.95502533393034,0.0,0.9375,0.953125
3426900,241.85108225082033,0.0,0.9375,0.9375
3427000,244.13807471512493,0.0,0.9375,0.9375
3427100,311.0867758302115,0.0,0.9375,0.90625
3427200,337.1957916744471,0.0,0.9375,0.90625
3427300,340.07951295554824,0.0,0.9375,0.90625
3427400,340.8643369391582,0.0,0.9375,0.96875
3427500,341.4708406274236,0.0,0.875,0.953125
3427600,341.729376454005,0.0,0.875,0.953125
3427700,342.12763618677246,0.0,1,1
3427800,342.65980355783,0.0,0.9375,0.953125
3427900,343.2023546836276,0.0,1,0.984375
3428000,343.58691294789,0.0,0.9375,0.9375
3428100,343.8080122227589,0.0,1,0.96875
3428200,344.03651830754194,0.0,1,0.96875
3428300,344.20643088777257,0.0,1,1
3428400,344.2377068380554,0.0,0.9375,0.96875
3428500,344.4319120421038,0.0,0.9375,0.984375
3428600,344.65516092288925,0.0,0.9375,0.984375
3428700,345.01850282936977,0.0,0.9375,0.921875
3428800,345.1480849940766,0.0,0.9375,0.921875
3428900,345.31245134955304,0.0,0.9375,0.953125
3429000,345.5111283031417,0.0,1,0.90625
3429100,345.62276412344943,0.0,0.9375,0.921875
3429200,345.7121433372122,0.0,1,0.953125
3429300,345.8844797582228,0.0,1,0.984375
3429400,346.13839369298256,0.0,0.875,0.984375
3429500,346.29091511888356,0.0,1,0.921875
3429600,346.3625170455537,0.0,0.9375,0.984375
3429700,346.68162745799077,0.0,1,0.921875
3429800,346.81590479063436,0.0,1,0.96875
3429900,346.95402441604534,0.0,1,0.9375
3430000,347.1847661082529,0.0,0.875,0.90625
3430100,347.3943123971294,0.0,0.9375,0.9375
3430200,347.55113515367435,0.0,1,0.921875
3430300,347.75527913696743,0.0,0.875,0.953125
3430400,347.891847915095,0.0,0.9375,0.921875
3430500,347.9374330710305,0.0,1,0.9375
3430600,348.0603717928549,0.0,0.9375,0.9375
3430700,348.2015502126239,0.0,0.9375,0.96875
3430800,348.4607518860655,0.0,1,0.984375
3430900,348.61302506356077,0.0,0.8125,0.921875
3431000,348.7938043698285,0.0,1,1
3431100,349.1377102874312,0.0,0.875,0.890625
3431200,349.32356548031794,0.0,0.9375,0.984375
3431300,349.5638131960138,0.0,0.9375,0.90625
3431400,349.9554503079183,0.0,0.9375,0.96875
3431500,350.2969862882176,0.0,0.875,0.96875
3431600,350.9876663410728,0.0,0.875,0.9375
3431700,351.59757327280334,0.0,0.8125,0.953125
3431800,352.6113889776599,0.0,1,0.953125
3431900,354.07456473601087,0.0,0.875,0.890625
3432000,357.0494361735674,0.0,0.9375,0.984375
3432100,366.63899928818086,0.0,0.875,0.984375
3432200,447.71486869435427,0.0,1,0.96875
3432300,450.6255392636936,0.0,0.9375,0.984375
3432400,451.1588612498418,0.0,0.875,0.921875
3432500,451.6998365096297,0.0,0.875,0.921875
3432600,452.4342699481229,0.0,0.9375,0.921875
3432700,452.8377495928089,0.0,0.9375,0.96875
3432800,453.2134242763773,0.0,0.8125,0.96875
3432900,453.46520170377494,0.0,0.9375,0.953125
3433000,453.7971917744834,0.0,0.9375,0.96875
3433100,453.9087309981836,0.0,1,0.96875
3433200,454.04125544410056,0.0,1,0.9375
3433300,454.2597488294351,0.0,0.9375,0.90625
3433400,454.3426638173887,0.0,1,0.953125
3433500,454.5497347560229,0.0,1,0.96875
3433600,454.6424784878892,0.0,0.9375,0.96875
3433700,454.79129823614954,0.0,1,1
3433800,454.92591935668736,0.0,0.875,0.984375
3433900,455.0858236304106,0.0,1,0.984375
3434000,455.1878424829971,0.0,0.9375,0.96875
3434100,455.2688980163686,0.0,0.8125,0.9375
3434200,455.33930099974964,0.0,0.9375,0.921875
3434300,455.440330969453,0.0,0.875,0.96875
3434400,455.5188761881765,0.0,1,0.9375
3434500,455.6240129470071,0.0,0.9375,0.953125
3434600,455.70471255098033,0.0,0.8125,0.90625
3434700,455.7777519039931,0.0,0.875,0.96875
3434800,455.8390518977774,0.0,1,0.921875
3434900,455.8719058859383,0.0,0.9375,0.890625
3435000,455.8933106335388,0.0,0.875,0.875
3435100,455.92848104910047,0.0,0.875,0.96875
3435200,455.9609227370376,0.0,1,0.984375
3435300,455.99837237618664,0.0,0.9375,0.921875
3435400,456.011528192353,0.0,1,0.921875
3435500,456.02991769051096,0.0,1,0.953125
3435600,456.06303011438143,0.0,0.9375,0.953125
3435700,456.11708239905454,0.0,0.875,0.921875
3435800,456.12330834415167,0.0,0.9375,0.96875
3435900,456.1620335841614,0.0,0.9375,0.96875
3436000,456.1892615984917,0.0,0.8125,0.953125
3436100,456.2041670275633,0.0,0.8125,0.96875
3436200,456.2379742176937,0.0,1,0.921875
3436300,456.25400935922454,0.0,0.9375,0.953125
3436400,456.2761823709456,0.0,1,0.984375
3436500,456.2790465026583,0.0,1,1
3436600,456.3090764309483,0.0,0.875,0.9375
3436700,456.30962616183785,0.0,1,0.953125
3436800,456.32549548323914,0.0,0.875,0.953125
3436900,456.32560219718994,0.0,1,0.9375
3437000,456.3263022529141,0.0,0.875,0.953125
3437100,456.3469548280353,0.0,0.9375,1
3437200,456.3593241841558,0.0,1,0.921875
3437300,456.3632419504815,0.0,0.9375,0.953125
3437400,456.3703888314797,0.0,0.9375,0.9375
3437500,456.37921724236116,0.0,0.9375,0.953125
3437600,456.3795758445717,0.0,0.9375,0.9375
3437700,456.38399374447613,0.0,0.9375,0.9375
3437800,456.4062054502336,0.0,0.9375,0.953125
3437900,456.4176287393959,0.0,0.9375,0.984375
3438000,456.41963664318064,0.0,0.875,0.90625
3438100,456.4200886238743,0.0,1,0.953125
3438200,456.4206681097268,0.0,0.9375,1
3438300,456.42868598366965,0.0,0.875,0.953125
3438400,456.4353269911306,0.0,0.9375,0.953125
3438500,456.4438416893345,0.0,1,0.921875
3438600,456.44480284738273,0.0,1,0.96875
3438700,456.44757897133775,0.0,0.9375,0.9375
3438800,456.4560900240053,0.0,0.875,0.921875
3438900,456.4610644854937,0.0,0.9375,0.96875
3439000,456.4622056007513,0.0,0.9375,0.9375
3439100,456.4630287886208,0.0,1,0.953125
3439200,456.46368084836575,0.0,1,0.953125
3439300,456.4664512661321,0.0,0.875,0.96875
3439400,456.4671342204503,0.0,0.9375,0.984375
3439500,456.4710669591785,0.0,0.9375,0.984375
3439600,456.4713560938658,0.0,1,0.90625
3439700,456.4722214557967,0.0,1,0.9375
3439800,456.4730231554064,0.0,1,0.953125
3439900,456.47381928127237,0.0,0.9375,0.96875
3440000,456.4741753185113,0.0,1,0.96875
3440100,456.476011359888,0.0,1,0.984375
3440200,456.4766720292774,0.0,0.9375,0.921875
3440300,456.4774354712068,0.0,1,0.921875
3440400,456.47776356486344,0.0,0.875,0.9375
3440500,456.4790028601746,0.0,0.9375,0.984375
3440600,456.4792584257092,0.0,0.875,0.9375
3440700,456.48030860784513,0.0,0.9375,0.953125
3440800,456.4825349379794,0.0,0.875,0.953125
3440900,456.4845613839057,0.0,1,0.9375
3441000,456.48658202349293,0.0,1,0.984375
3441100,456.48684774917336,0.0,1,0.890625
3441200,456.4874574237217,0.0,1,0.953125
3441300,456.48786583792315,0.0,0.9375,0.953125
3441400,456.4887439654528,0.0,0.9375,0.984375
3441500,456.4895062132674,0.0,0.875,0.953125
3441600,456.49226639746144,0.0,1,0.984375
3441700,456.49495991092874,0.0,0.9375,0.90625
3441800,456.49633260982665,0.0,0.9375,0.953125
3441900,456.49663495093836,0.0,0.9375,0.890625
3442000,456.4969347058043,0.0,0.9375,0.953125
3442100,456.4972769281771,0.0,0.9375,0.9375
3442200,456.4976099786563,0.0,1,0.9375
3442300,456.49815267783356,0.0,0.875,0.9375
3442400,456.49888755960836,0.0,0.9375,0.921875
3442500,456.5009554001906,0.0,0.875,0.890625
3442600,456.5013790770024,0.0,0.9375,0.984375
3442700,456.50207654861543,0.0,0.9375,0.921875
3442800,456.50254752816835,0.0,1,0.953125
3442900,456.50321673316665,0.0,0.9375,0.921875
3443000,456.5057112509587,0.0,0.9375,0.9375
3443100,456.506691014124,0.0,0.875,0.953125
3443200,456.50691888225646,0.0,0.875,0.9375
3443300,456.5084218002699,0.0,0.9375,0.921875
3443400,456.5090336889484,0.0,0.875,0.96875
3443500,456.5093884006747,0.0,0.875,0.921875
3443600,456.50985491537375,0.0,1,1
3443700,456.5117669411957,0.0,0.9375,0.96875
3443800,456.5121932075394,0.0,1,0.90625
3443900,456.5145522297203,0.0,0.9375,0.9375
3444000,456.51498480354695,0.0,0.9375,1
3444100,456.51594354376016,0.0,1,0.90625
3444200,456.51710422689894,0.0,1,0.953125
3444300,456.5175188564071,0.0,1,0.9375
3444400,456.51774589375566,0.0,1,0.953125
3444500,456.517949266832,0.0,1,0.984375
3444600,456.5201647040921,0.0,0.9375,0.921875
3444700,456.52076128524436,0.0,0.875,0.984375
3444800,456.5213215550189,0.0,0.9375,0.96875
3444900,456.5216816281681,0.0,0.9375,0.953125
3445000,456.5223443792217,0.0,0.9375,1
3445100,456.52263707848255,0.0,1,0.9375
3445200,456.5232342145629,0.0,1,0.9375
3445300,456.5235653049906,0.0,1,0.9375
3445400,456.52381270313583,0.0,0.9375,0.921875
3445500,456.52397807742693,0.0,1,0.984375
3445600,456.52549567560465,0.0,0.9375,0.9375
3445700,456.52593817515435,0.0,0.9375,0.953125
3445800,456.5280369860926,0.0,0.9375,0.96875
3445900,456.528890198589,0.0,1,0.9375
3446000,456.5295793846342,0.0,0.875,0.953125
3446100,456.53114232532647,0.0,0.9375,0.96875
3446200,456.5316997364646,0.0,0.875,0.9375
3446300,456.53297697136003,0.0,0.9375,1
3446400,456.5338723964481,0.0,0.9375,0.9375
3446500,456.53472283455443,0.0,1,0.9375
3446600,456.5352110560641,0.0,0.875,0.890625
3446700,456.53564739110897,0.0,1,0.90625
3446800,456.53637775039766,0.0,1,0.9375
3446900,456.537177502742,0.0,0.9375,0.921875
3447000,456.5379115617957,0.0,1,0.953125
3447100,456.53853611133866,0.0,0.9375,0.96875
3447200,456.54018805529495,0.0,0.9375,0.9375
3447300,456.5407217763359,0.0,0.9375,0.921875
3447400,456.54163261013315,0.0,0.9375,0.90625
3447500,456.5422582318392,0.0,0.875,0.984375
3447600,456.5426842369694,0.0,0.9375,0.96875
3447700,456.5432646376568,0.0,0.9375,0.921875
3447800,456.5436469144585,0.0,0.9375,0.9375
3447900,456.5457143219956,0.0,0.875,0.9375
3448000,456.54627108813236,0.0,0.875,0.9375
3448100,456.5464510314834,0.0,1,0.9375
3448200,456.54687874078104,0.0,0.9375,0.96875
3448300,456.54767301015323,0.0,0.9375,1
3448400,456.5480022916635,0.0,0.9375,0.921875
3448500,456.55000646480204,0.0,1,0.953125
3448600,456.55365372379345,0.0,0.875,0.890625
3448700,456.5541620533227,0.0,0.875,0.921875
3448800,456.5548635966527,0.0,0.875,0.953125
3448900,456.5575863387989,0.0,0.9375,0.984375
3449000,456.55804029986473,0.0,1,0.953125
3449100,456.5595370489548,0.0,0.9375,1
3449200,456.56046153798,0.0,1,0.953125
3449300,456.5608996007231,0.0,0.9375,0.96875
3449400,456.56183925342674,0.0,1,0.90625
3449500,456.5626681658017,0.0,1,0.921875
3449600,456.5633292239775,0.0,0.9375,0.953125
3449700,456.5638580375083,0.0,0.9375,0.921875
3449800,456.5644609565167,0.0,0.9375,0.953125
3449900,456.56566288749457,0.0,0.9375,0.96875
3450000,237.64169959721283,0.0,1,0.96875
3450100,237.7309189231943,0.0,1,1
3450200,237.76315444085424,0.0,0.9375,1
3450300,237.83482199066714,0.0,0.9375,0.921875
3450400,237.88881207918035,0.0,0.75,0.921875
3450500,237.96494473132287,0.0,0.875,0.890625
3450600,238.0647618383641,0.0,0.9375,0.90625
3450700,238.15664176696728,0.0,0.875,0.984375
3450800,238.2635600314118,0.0,0.9375,0.984375
3450900,238.34662215779542,0.0,1,0.984375
3451000,238.48111252013481,0.0,0.9375,0.9375
3451100,238.59037418032818,0.0,1,0.96875
3451200,238.66983302197167,0.0,0.9375,0.921875
3451300,238.76410783905175,0.0,0.875,0.96875
3451400,238.90080097573687,0.0,1,0.9375
3451500,239.03997348400208,0.0,0.9375,0.9375
3451600,239.15991612642668,0.0,0.9375,0.984375
3451700,239.27548087704167,0.0,0.875,0.984375
3451800,239.494355926513,0.0,1,0.953125
3451900,239.7049143096681,0.0,0.9375,0.921875
3452000,239.8260516759828,0.0,0.9375,0.921875
3452100,240.15851725377118,0.0,0.875,0.953125
3452200,240.3110814836221,0.0,1,0.984375
3452300,240.5115125076956,0.0,0.9375,0.921875
3452400,240.7147081847531,0.0,1,0.921875
3452500,241.25850338945702,0.0,0.875,0.984375
3452600,241.55344203904997,0.0,0.9375,0.9375
3452700,241.81561438618516,0.0,0.8125,0.96875
3452800,242.42435960987495,0.0,0.9375,0.96875
3452900,243.07328075855457,0.0,0.9375,0.90625
3453000,243.9025042411733,0.0,1,0.984375
3453100,244.9569840253201,0.0,0.9375,0.921875
3453200,246.44653552002984,0.0,0.875,0.953125
3453300,251.51194474739654,0.0,0.9375,0.921875
3453400,332.65147791386113,0.0,0.9375,0.953125
3453500,343.76277186926734,0.0,1,0.890625
3453600,346.15848425227307,0.0,0.875,0.953125
3453700,348.9069677895271,0.0,1,0.96875
3453800,442.95873864359606,0.0,1,0.9375
3453900,444.980499618368,0.0,0.875,0.96875
3454000,446.40434898450735,0.0,0.9375,0.90625
3454100,447.41159532889304,0.0,0.9375,0.96875
3454200,448.4182980893713,0.0,1,0.953125
3454300,449.38917095186827,0.0,1,0.96875
3454400,450.1030663190244,0.0,0.875,0.953125
3454500,450.84097545003783,0.0,0.875,0.953125
3454600,451.2012107843709,0.0,0.9375,0.921875
3454700,451.51536334918984,0.0,0.875,0.90625
3454800,451.72820175824324,0.0,1,0.953125
3454900,452.11365762724915,0.0,0.9375,0.96875
3455000,452.49884213570215,0.0,0.875,1
3455100,452.7351454073716,0.0,1,1
3455200,452.96601180281164,0.0,0.9375,0.953125
3455300,453.3189514940145,0.0,0.9375,1
3455400,453.6194408345873,0.0,0.9375,1
3455500,453.75341572157976,0.0,0.875,0.953125
3455600,453.8680747814931,0.0,1,0.96875
3455700,454.06939500605387,0.0,1,0.96875
3455800,454.33722803796627,0.0,0.9375,0.9375
3455900,454.50330645479676,0.0,1,0.90625
3456000,454.6560701928234,0.0,1,0.96875
3456100,454.8040957278609,0.0,0.9375,0.875
3456200,454.9503982702956,0.0,1,0.953125
3456300,455.0421167970345,0.0,1,1
3456400,455.1887107413185,0.0,1,0.953125
3456500,455.2400602134431,0.0,0.9375,0.96875
3456600,455.3326551948753,0.0,0.9375,0.96875
3456700,455.37588625279386,0.0,0.8125,0.9375
3456800,455.43493290053436,0.0,1,0.96875
3456900,455.46852722652403,0.0,0.9375,0.953125
3457000,455.56707622310216,0.0,0.9375,0.9375
3457100,455.62535917437606,0.0,0.9375,0.921875
3457200,455.69693824311616,0.0,1,0.984375
3457300,455.7104143719214,0.0,0.9375,0.9375
3457400,455.7615019523271,0.0,0.9375,0.96875
3457500,455.83508075614446,0.0,1,0.9375
3457600,455.907600076694,0.0,0.9375,0.921875
3457700,456.00710288417497,0.0,0.9375,0.96875
3457800,456.08938140813837,0.0,0.875,0.90625
3457900,456.16847502085614,0.0,0.9375,0.921875
3458000,456.2167641526906,0.0,0.9375,0.96875
3458100,456.2302656866993,0.0,0.9375,0.953125
3458200,456.2784436431259,0.0,0.9375,0.921875
3458300,456.34657830948504,0.0,1,0.90625
3458400,456.3662711869194,0.0,1,0.96875
3458500,456.39099711186026,0.0,0.875,0.953125
3458600,456.41216330521104,0.0,0.9375,0.90625
3458700,456.4144725320804,0.0,0.9375,0.9375
3458800,456.422198488099,0.0,0.9375,0.9375
3458900,456.4476392011172,0.0,0.875,0.9375
3459000,456.44800823560416,0.0,0.875,0.921875
3459100,456.4734585427945,0.0,1,0.953125
3459200,456.51457695920743,0.0,0.875,0.9375
3459300,456.5256498636392,0.0,1,0.9375
3459400,456.55662191469827,0.0,1,0.96875
3459500,456.5731435643876,0.0,0.9375,0.984375
3459600,456.583555899099,0.0,0.875,0.984375
3459700,456.5913113133325,0.0,0.9375,0.921875
3459800,456.5994084141193,0.0,1,0.984375
3459900,456.6210562600063,0.0,0.9375,0.96875
3460000,456.6240092126835,0.0,0.9375,0.90625
3460100,456.6480073057854,0.0,0.9375,0.984375
3460200,456.6617819006548,0.0,0.875,0.96875
3460300,456.6658422184898,0.0,1,0.953125
3460400,456.6694625841155,0.0,0.9375,0.953125
3460500,456.67602975539734,0.0,0.875,0.953125
3460600,456.6769081754999,0.0,0.8125,0.984375
3460700,456.6772358797388,0.0,0.875,0.890625
3460800,456.7156128776849,0.0,0.9375,0.90625
3460900,456.72234789678254,0.0,1,0.90625
3461000,456.7247020838633,0.0,1,0.96875
3461100,456.72525932504936,0.0,0.9375,0.921875
3461200,456.72551963764715,0.0,1,0.921875
3461300,456.7393618867415,0.0,1,0.953125
3461400,456.7398154807418,0.0,0.9375,0.9375
3461500,456.7401457105843,0.0,0.9375,0.921875
3461600,456.7578918125197,0.0,0.9375,0.9375
3461700,456.76558766892657,0.0,0.9375,0.96875
3461800,456.7659618522777,0.0,0.875,0.9375
3461900,456.76642160157974,0.0,1,0.96875
3462000,456.7669253059117,0.0,1,0.921875
3462100,456.767118777225,0.0,1,0.921875
3462200,456.7675296828593,0.0,0.8125,0.90625
3462300,456.7679552803382,0.0,0.875,0.953125
3462400,456.76846508036607,0.0,0.9375,0.953125
3462500,456.76888239859437,0.0,0.9375,0.953125
3462600,456.76917147690347,0.0,0.9375,0.953125
3462700,456.7695667554623,0.0,0.9375,0.921875
3462800,456.769734627213,0.0,1,0.953125
3462900,456.77025177381324,0.0,1,0.984375
3463000,456.7815238553715,0.0,0.9375,0.90625
3463100,456.78201741364387,0.0,0.9375,0.9375
3463200,456.7841761870207,0.0,1,0.84375
3463300,456.7876160994232,0.0,0.9375,0.953125
3463400,456.7931995224548,0.0,0.9375,0.921875
3463500,456.7937777582244,0.0,0.875,0.9375
3463600,456.79401455350586,0.0,0.9375,0.984375
3463700,456.79423853599155,0.0,0.9375,0.984375
3463800,456.79465249448725,0.0,0.9375,0.984375
3463900,456.79499749716797,0.0,1,0.921875
3464000,456.79505047619415,0.0,0.9375,0.96875
3464100,456.7952299784228,0.0,1,0.921875
3464200,456.7957528484718,0.0,0.9375,0.9375
3464300,456.7959331900786,0.0,0.9375,0.953125
3464400,456.79607962253004,0.0,1,0.96875
3464500,456.79631031955955,0.0,0.8125,0.953125
3464600,456.79663441210676,0.0,0.875,0.96875
3464700,456.79710274835435,0.0,0.9375,1
3464800,456.7985112443039,0.0,0.9375,0.96875
3464900,456.7985803413836,0.0,0.9375,0.953125
3465000,456.79900895913966,0.0,0.9375,0.953125
3465100,456.79930641990876,0.0,0.9375,0.90625
3465200,456.7994714851865,0.0,0.9375,0.953125
3465300,456.80009674921797,0.0,0.875,1
3465400,456.8005858162627,0.0,0.9375,0.859375
3465500,456.8007726786802,0.0,0.9375,0.96875
3465600,456.8011598928844,0.0,0.875,0.953125
3465700,456.8016342050707,0.0,0.9375,0.96875
3465800,456.80232288428454,0.0,1,0.9375
3465900,456.80279000608505,0.0,0.8125,0.953125
3466000,456.80314614560996,0.0,0.875,0.96875
3466100,456.8033350974221,0.0,1,0.890625
3466200,456.8036951580074,0.0,0.9375,0.953125
3466300,456.8040418784811,0.0,1,0.9375
3466400,456.80438004543555,0.0,0.875,0.90625
3466500,456.8045045562724,0.0,0.9375,0.921875
3466600,456.8048606181465,0.0,1,0.96875
3466700,456.8053742030017,0.0,0.9375,0.921875
3466800,456.8055968538146,0.0,1,0.96875
3466900,456.80591469954845,0.0,0.9375,0.953125
3467000,456.8064797159329,0.0,1,0.953125
3467100,456.80685946789106,0.0,1,0.953125
3467200,456.8073292295307,0.0,0.875,0.9375
3467300,456.80772781660795,0.0,1,0.9375
3467400,456.8081709204816,0.0,1,1
3467500,456.8085075019956,0.0,0.9375,1
3467600,456.8089510316742,0.0,0.875,0.9375
3467700,456.8093731325441,0.0,0.9375,0.90625
3467800,456.80982494778186,0.0,0.875,0.96875
3467900,456.8102030875434,0.0,0.9375,0.921875
3468000,456.8103681770125,0.0,1,0.953125
3468100,456.8105113753915,0.0,1,0.953125
3468200,456.8108332308405,0.0,0.875,0.96875
3468300,456.811289402897,0.0,0.875,0.9375
3468400,456.81175475797215,0.0,0.9375,0.96875
3468500,456.81231217994866,0.0,0.875,0.953125
3468600,456.8127804699532,0.0,1,0.9375
3468700,456.81291034140673,0.0,0.9375,1
3468800,456.81309439484545,0.0,0.9375,0.953125
3468900,456.81344522069276,0.0,1,0.953125
3469000,456.81381399261926,0.0,1,0.953125
3469100,456.8140691251178,0.0,0.875,0.9375
3469200,456.8143469800386,0.0,1,0.90625
3469300,456.8147315813703,0.0,0.875,0.96875
3469400,456.8154342864458,0.0,0.875,0.921875
3469500,456.8156797651477,0.0,0.9375,0.921875
3469600,456.81613966142424,0.0,0.875,0.96875
3469700,456.8162513966541,0.0,1,0.96875
3469800,456.816597372875,0.0,0.9375,0.984375
3469900,456.81674153624135,0.0,0.9375,0.96875
3470000,456.8169951527302,0.0,0.875,0.9375
3470100,456.81731381369525,0.0,0.8125,0.9375
3470200,456.81763281299357,0.0,0.8125,0.96875
3470300,456.81789773065907,0.0,0.875,0.96875
3470400,456.818085511902,0.0,0.9375,0.921875
3470500,456.8183952059293,0.0,1,0.96875
3470600,456.81854199010024,0.0,0.875,0.9375
3470700,456.8188976514464,0.0,0.9375,0.96875
3470800,456.8194420510912,0.0,0.9375,0.921875
3470900,456.8197969280716,0.0,0.9375,0.984375
3471000,456.8200274576818,0.0,0.9375,0.953125
3471100,456.82016987845446,0.0,1,0.96875
3471200,456.8204888414092,0.0,0.9375,0.921875
3471300,456.8210170275836,0.0,1,0.9375
3471400,456.82112468172227,0.0,0.9375,0.953125
3471500,456.8213447060112,0.0,0.8125,0.921875
3471600,456.8216488342077,0.0,0.875,0.984375
3471700,456.82192105341227,0.0,0.9375,0.96875
3471800,456.8220914195607,0.0,0.8125,0.9375
3471900,456.82244849672554,0.0,0.9375,0.96875
3472000,456.82301730272985,0.0,0.9375,0.984375
3472100,456.8233168355298,0.0,1,0.96875
3472200,456.82356064344987,0.0,1,0.953125
3472300,456.82383228436265,0.0,1,0.953125
3472400,456.8241821553186,0.0,0.9375,0.9375
3472500,456.824442679661,0.0,1,0.96875
3472600,456.82465281556335,0.0,0.9375,0.921875
3472700,456.82510479108356,0.0,0.8125,0.96875
3472800,456.8253756399851,0.0,0.875,0.984375
3472900,456.8257115882958,0.0,0.9375,0.859375
3473000,456.8259524548191,0.0,0.9375,0.96875
3473100,456.82619030677967,0.0,0.875,0.984375
3473200,456.8264662679696,0.0,0.875,0.9375
3473300,456.82667194017955,0.0,0.9375,0.90625
3473400,456.82712245217226,0.0,1,0.96875
3473500,456.82721574108774,0.0,1,0.984375
3473600,456.827763621242,0.0,0.9375,0.96875
3473700,456.8280043964584,0.0,0.9375,0.953125
3473800,456.8282688738573,0.0,0.9375,0.953125
3473900,456.8285766928622,0.0,1,0.921875
3474000,456.82865005506727,0.0,0.9375,0.96875
3474100,456.8288561180232,0.0,0.9375,0.9375
3474200,456.82908717504074,0.0,0.9375,0.9375
3474300,456.82927966416173,0.0,0.9375,0.96875
3474400,456.82969691770484,0.0,0.9375,0.984375
3474500,456.829989914744,0.0,1,0.9375
3474600,456.83014308727115,0.0,1,0.96875
3474700,456.831088657327,0.0,0.9375,0.9375
3474800,456.8314595199503,0.0,0.875,0.96875
3474900,456.83159131336055,0.0,0.9375,0.9375
3475000,26.387033120267212,0.0,0.9375,0.953125
3475100,111.9501050719049,0.0,0.875,0.96875
3475200,118.45435345947928,0.0,0.875,0.9375
3475300,122.27474944551666,0.0,0.875,0.890625
3475400,124.57863985906346,0.0,1,0.953125
3475500,126.65325425484228,0.0,1,0.984375
3475600,128.5701536682604,0.0,0.9375,0.96875
3475700,132.4349648417931,0.0,0.875,0.90625
3475800,217.99258890254265,0.0,1,0.953125
3475900,225.22327723950232,0.0,0.875,0.96875
3476000,228.53225323415265,0.0,0.875,0.90625
3476100,229.9584321195112,0.0,0.875,0.9375
3476200,231.35236411974864,0.0,1,0.9375
3476300,232.8900034828555,0.0,0.9375,0.921875
3476400,234.07227205461726,0.0,0.875,0.9375
3476500,237.1242974756705,0.0,0.9375,0.984375
3476600,242.65647207629732,0.0,0.875,0.9375
3476700,334.75909024763706,0.0,0.875,0.9375
3476800,335.5850772154164,0.0,0.75,1
3476900,336.69860941326664,0.0,1,1
3477000,337.5053786520217,0.0,1,0.921875
3477100,338.26045965336584,0.0,0.9375,0.984375
3477200,338.9559924403825,0.0,0.875,0.953125
3477300,339.70064122777757,0.0,0.9375,0.953125
3477400,340.36474331346113,0.0,0.9375,0.953125
3477500,341.12053462480344,0.0,0.9375,0.96875
3477600,342.30429157569694,0.0,0.875,0.921875
3477700,343.0794937599527,0.0,0.875,0.9375
3477800,345.25280451644585,0.0,0.9375,0.96875
3477900,439.8367964107313,0.0,0.9375,0.953125
3478000,442.82361128107044,0.0,0.875,0.984375
3478100,443.6095805509836,0.0,0.875,0.984375
3478200,444.6196205620183,0.0,0.8125,0.90625
3478300,445.2657799899148,0.0,0.9375,0.9375
3478400,446.0515296921515,0.0,0.875,0.96875
3478500,446.97165528060043,0.0,0.8125,0.96875
3478600,447.58670785172455,0.0,0.9375,0.9375
3478700,448.1082086965882,0.0,0.875,0.96875
3478800,448.56415760970617,0.0,0.9375,0.96875
3478900,448.99297193961473,0.0,0.9375,0.96875
3479000,449.41721658809223,0.0,0.8125,0.875
3479100,449.77520248646323,0.0,0.875,0.984375
3479200,450.0498755530189,0.0,1,0.96875
3479300,450.3616426246411,0.0,1,0.9375
3479400,450.67199486227065,0.0,0.9375,0.953125
3479500,451.0161726344743,0.0,1,0.96875
3479600,451.1896563886776,0.0,0.8125,0.90625
3479700,451.48484207889834,0.0,0.9375,0.953125
3479800,451.75767728729437,0.0,1,0.953125
3479900,452.01480336985554,0.0,0.875,0.96875
3480000,452.326801806232,0.0,0.9375,0.96875
3480100,452.46830674271297,0.0,0.9375,0.90625
3480200,452.6850542015383,0.0,1,1
3480300,452.918934664355,0.0,0.875,0.953125
3480400,453.0812415587714,0.0,0.875,0.9375
3480500,453.34911694590954,0.0,0.8125,0.984375
3480600,453.5269782010389,0.0,0.875,0.984375
3480700,453.6741591793658,0.0,0.8125,0.984375
3480800,453.8727818307662,0.0,0.9375,0.90625
3480900,454.05244162204565,0.0,0.9375,0.96875
3481000,454.2052215358263,0.0,0.875,0.96875
3481100,454.33807869500146,0.0,0.875,0.90625
3481200,454.46046720714963,0.0,0.875,0.953125
3481300,454.535275868517,0.0,0.9375,0.984375
3481400,454.61182306726005,0.0,0.875,0.984375
3481500,454.72359632806604,0.0,0.9375,0.921875
3481600,454.76700393300735,0.0,0.9375,0.890625
3481700,454.90782489920304,0.0,0.9375,0.96875
3481800,455.02505297355816,0.0,0.9375,0.921875
3481900,455.09870360568965,0.0,0.9375,0.90625
3482000,455.2227367315836,0.0,0.8125,0.984375
3482100,455.3581767266873,0.0,0.9375,1
3482200,455.4364880730074,0.0,0.875,0.953125
3482300,455.5050129122017,0.0,0.9375,0.96875
3482400,455.57472368974373,0.0,1,0.921875
3482500,455.6052305684592,0.0,0.9375,0.9375
3482600,455.64415667714286,0.0,0.9375,1
3482700,455.6810316908546,0.0,0.875,0.953125
3482800,455.75733421023165,0.0,0.875,0.90625
3482900,455.7994266182262,0.0,0.9375,0.953125
3483000,455.88757880453744,0.0,0.9375,0.9375
3483100,455.94929383965297,0.0,0.9375,0.984375
3483200,456.02028704528664,0.0,0.9375,0.984375
3483300,456.0763336431898,0.0,0.9375,0.921875
3483400,456.13066901978357,0.0,0.9375,0.96875
3483500,456.14602302889136,0.0,1,0.953125
3483600,456.2003033738162,0.0,1,0.96875
3483700,456.2744975274231,0.0,0.9375,0.96875
3483800,456.31020164531554,0.0,0.9375,0.984375
3483900,456.3585221045365,0.0,0.8125,0.96875
3484000,456.3787951409831,0.0,0.8125,0.90625
3484100,456.39203572730986,0.0,1,0.9375
3484200,456.43132360354355,0.0,0.9375,0.96875
3484300,456.444876517263,0.0,0.9375,0.984375
3484400,456.45552904281595,0.0,0.9375,0.9375
3484500,456.4818392352687,0.0,0.9375,0.9375
3484600,456.4923010188606,0.0,0.75,0.921875
3484700,456.52231262610064,0.0,0.875,0.984375
3484800,456.53510019781555,0.0,0.9375,1
3484900,456.5480899592244,0.0,0.9375,0.953125
3485000,456.5680416499739,0.0,0.875,0.9375
3485100,456.5684526234128,0.0,0.9375,0.96875
3485200,456.58963011035246,0.0,1,0.921875
3485300,456.589882091573,0.0,0.9375,0.953125
3485400,456.59023766345933,0.0,0.9375,1
3485500,456.59042702779266,0.0,0.875,0.953125
3485600,456.59070333823985,0.0,0.8125,1
3485700,456.5953721814,0.0,1,0.953125
3485800,456.6192059229617,0.0,1,0.96875
3485900,456.62843620165063,0.0,0.9375,0.921875
3486000,456.63015176486635,0.0,0.9375,0.921875
3486100,456.63091331970236,0.0,1,0.953125
3486200,456.6407044482828,0.0,0.875,1
3486300,456.6413790014685,0.0,0.9375,0.9375
3486400,456.6453340144789,0.0,1,0.984375
3486500,456.6464165242307,0.0,0.875,0.96875
3486600,456.6602773656817,0.0,0.9375,0.953125
3486700,456.6641371555081,0.0,0.875,0.953125
3486800,456.6649378941479,0.0,0.9375,0.953125
3486900,456.66600534347924,0.0,0.875,0.96875
3487000,456.6672603221053,0.0,0.875,0.96875
3487100,456.66749101404076,0.0,0.9375,0.9375
3487200,456.6680127830435,0.0,0.9375,0.9375
3487300,456.6685157164732,0.0,1,0.953125
3487400,456.6788933700571,0.0,0.875,0.9375
3487500,456.6865998959237,0.0,0.9375,0.96875
3487600,456.686929191763,0.0,0.9375,0.96875
3487700,456.68722820602386,0.0,0.9375,0.96875
3487800,456.69107497507895,0.0,1,1
3487900,456.6913554182615,0.0,0.875,0.953125
3488000,456.69203429460015,0.0,0.8125,0.96875
3488100,456.6922134417558,0.0,0.9375,0.96875
3488200,456.69275735891233,0.0,1,0.921875
3488300,456.6928793537066,0.0,0.875,0.90625
3488400,456.69321116194334,0.0,1,0.9375
3488500,456.6935410158937,0.0,0.875,0.921875
3488600,456.6941129503669,0.0,0.9375,0.96875
3488700,456.6946107425086,0.0,1,0.953125
3488800,456.69512703260506,0.0,0.8125,0.96875
3488900,456.6955190708345,0.0,0.875,0.953125
3489000,456.69579015147883,0.0,0.875,0.953125
3489100,456.69612160562315,0.0,0.875,0.984375
3489200,456.69691542558405,0.0,0.875,0.953125
3489300,456.69705391521114,0.0,1,0.921875
3489400,456.6975974937262,0.0,1,0.921875
3489500,456.6984098531908,0.0,1,0.921875
3489600,456.6990429067185,0.0,0.875,0.921875
3489700,456.69969911385255,0.0,0.875,0.9375
3489800,456.7000938940221,0.0,0.875,0.953125
3489900,456.7005456972506,0.0,0.9375,0.9375
3490000,456.7009520389226,0.0,0.875,0.90625
3490100,456.7016367961435,0.0,0.9375,0.953125
3490200,456.7019462913646,0.0,0.9375,0.921875
3490300,456.70252388368937,0.0,0.9375,0.953125
3490400,456.7028459352517,0.0,1,0.96875
3490500,456.7032681681014,0.0,1,0.96875
3490600,456.70384135731143,0.0,0.9375,0.953125
3490700,456.7043781996061,0.0,0.9375,0.90625
3490800,456.70465928122553,0.0,1,0.96875
3490900,456.70493899067645,0.0,0.9375,0.96875
3491000,456.7053219820558,0.0,0.9375,0.96875
3491100,456.7055381200643,0.0,0.9375,0.96875
3491200,456.7063804817519,0.0,1,0.984375
3491300,456.7068279739058,0.0,1,0.9375
3491400,456.70754507658665,0.0,1,0.953125
3491500,456.70784560023185,0.0,0.9375,0.953125
3491600,456.70885007441666,0.0,0.9375,0.984375
3491700,456.7092262005693,0.0,0.875,0.953125
3491800,456.7096249500222,0.0,0.9375,0.953125
3491900,456.7098477910609,0.0,1,0.953125
3492000,456.71010121602427,0.0,0.9375,0.984375
3492100,456.7105481841304,0.0,0.875,0.953125
3492200,456.7110314779612,0.0,1,0.953125
3492300,456.7112974827622,0.0,0.9375,0.9375
3492400,456.7118805735183,0.0,0.9375,0.90625
3492500,456.7122847743302,0.0,0.9375,0.96875
3492600,456.7128304452372,0.0,0.9375,0.9375
3492700,456.71323335002774,0.0,0.9375,0.921875
3492800,456.7138009596488,0.0,0.875,0.953125
3492900,456.71435017998584,0.0,0.9375,0.9375
3493000,456.71479933140927,0.0,0.9375,0.953125
3493100,456.7152355269333,0.0,0.9375,0.96875
3493200,456.71562102124,0.0,0.875,0.9375
3493300,456.7162262522023,0.0,0.9375,0.984375
3493400,456.7169773631076,0.0,1,0.9375
3493500,456.7174858787129,0.0,0.9375,0.953125
3493600,456.71816345087996,0.0,0.875,0.96875
3493700,456.7183366933938,0.0,1,0.984375
3493800,456.7184093297233,0.0,1,0.96875
3493900,456.7189383819322,0.0,0.875,0.90625
3494000,456.7196323592333,0.0,1,0.96875
3494100,456.7198988721254,0.0,1,0.984375
3494200,456.7203595238585,0.0,0.8125,0.953125
3494300,456.72105512465805,0.0,0.8125,0.875
3494400,456.7214714882321,0.0,0.9375,0.9375
3494500,456.7217168302161,0.0,0.9375,0.9375
3494600,456.7220365413938,0.0,1,0.96875
3494700,456.7222807174217,0.0,1,0.953125
3494800,456.72280096779457,0.0,0.9375,0.921875
3494900,456.7233001800923,0.0,0.875,0.890625
3495000,456.72353269264835,0.0,1,0.984375
3495100,456.72405011570925,0.0,1,0.96875
3495200,456.7244461773084,0.0,0.9375,0.96875
3495300,456.7252421178436,0.0,0.875,0.953125
3495400,456.7259270229067,0.0,0.9375,0.96875
3495500,456.72656803385934,0.0,0.875,0.953125
3495600,456.72690105901984,0.0,1,0.953125
3495700,456.72801931770164,0.0,0.9375,0.96875
3495800,456.7285201197917,0.0,0.8125,0.875
3495900,456.7292321079334,0.0,1,0.921875
3496000,456.72996360681645,0.0,0.9375,0.96875
3496100,456.73039165316476,0.0,0.9375,0.90625
3496200,456.73067995446416,0.0,1,0.953125
3496300,456.7313378976125,0.0,0.9375,0.921875
3496400,456.7319898111406,0.0,1,0.96875
3496500,456.7325932083107,0.0,0.875,0.96875
3496600,456.73316566021487,0.0,0.875,0.9375
3496700,456.7342980486368,0.0,0.9375,0.984375
3496800,456.7347062936732,0.0,1,0.9375
3496900,456.7350272133143,0.0,1,0.953125
3497000,456.73516000385365,0.0,0.9375,0.921875
3497100,456.7356101316926,0.0,0.9375,0.953125
3497200,456.73608770780163,0.0,0.875,0.96875
3497300,456.73659580655624,0.0,1,0.953125
3497400,456.7370712611836,0.0,0.8125,0.9375
3497500,456.73754592920886,0.0,0.875,0.921875
3497600,456.73829684461595,0.0,0.9375,0.984375
3497700,456.73917673491394,0.0,1,0.96875
3497800,456.7398003509166,0.0,0.9375,0.953125
3497900,456.74002584387307,0.0,0.9375,0.921875
3498000,456.74030711343084,0.0,0.875,0.890625
3498100,456.74095543395845,0.0,0.9375,0.984375
3498200,456.74120767084247,0.0,0.9375,0.984375
3498300,456.74150891731745,0.0,0.875,0.890625
3498400,456.7421024455024,0.0,0.9375,0.984375
3498500,456.742513763429,0.0,0.9375,0.9375
3498600,456.7428877442906,0.0,0.9375,0.9375
3498700,456.7433202585104,0.0,1,0.984375
3498800,456.74371917501145,0.0,0.9375,0.921875
3498900,456.7442447629809,0.0,0.875,0.953125
3499000,456.74459079165405,0.0,0.9375,1
3499100,456.7451903743253,0.0,0.75,0.90625
3499200,456.7455613975124,0.0,1,0.875
3499300,456.7461213402194,0.0,0.9375,1
3499400,456.74635232331013,0.0,0.875,0.9375
3499500,456.7467712859002,0.0,0.9375,0.9375
3499600,456.7471847355202,0.0,1,0.96875
3499700,456.74739713993665,0.0,0.9375,0.96875
3499800,456.7490922501183,0.0,1,0.921875
3499900,456.74977802490463,0.0,1,0.953125
